addr1_packet_ctrl, addr1_bytes_ctrl, addr1_packet, addr1_bytes, addr1_pkt_len_min, addr1_pkt_len_max, addr1_pkt_len_avg,addr1_pkt_len_var, addr1_pkt_len_mom2, addr2_packet_ctrl, addr2_bytes_ctrl, addr2_packet, addr2_bytes, addr2_pkt_len_min, addr2_pkt_len_max, addr2_pkt_len_avg,addr2_pkt_len_var, addr2_pkt_len_mom2, addra_packet_ctrl, addra_bytes_ctrl, addra_packet, addra_bytes, addra_pkt_len_min, addra_pkt_len_max, addra_pkt_len_avg,addra_pkt_len_var, addra_pkt_len_mom2 
0, 0, 0, 0, 0, 0, 0, 0, 0, 0, 0, 0, 0, 0, 0, 0, 0, 0, 0, 0, 0, 0, 0, 0, 0, 0, 0
0, 0, 1, 200, 200, 200, 200.0, 0.0, 40000.0, 0, 0, 0, 0, 0, 0, 0, 0, 0, 0, 0, 1, 200, 200, 200, 200.0, 0.0, 40000.0
0, 0, 1, 200, 200, 200, 200.0, 0.0, 40000.0, 0, 0, 0, 0, 0, 0, 0, 0, 0, 0, 0, 1, 200, 200, 200, 200.0, 0.0, 40000.0
0, 0, 1, 200, 200, 200, 200.0, 0.0, 40000.0, 0, 0, 0, 0, 0, 0, 0, 0, 0, 0, 0, 1, 200, 200, 200, 200.0, 0.0, 40000.0
0, 0, 0, 0, 0, 0, 0, 0, 0, 0, 0, 0, 0, 0, 0, 0, 0, 0, 0, 0, 0, 0, 0, 0, 0, 0, 0
0, 0, 2, 268, 68, 200, 134.0, 4356.0, 22312.0, 0, 0, 0, 0, 0, 0, 0, 0, 0, 0, 0, 2, 268, 68, 200, 134.0, 4356.0, 22312.0
0, 0, 1, 200, 200, 200, 200.0, 0.0, 40000.0, 0, 0, 0, 0, 0, 0, 0, 0, 0, 0, 0, 1, 200, 200, 200, 200.0, 0.0, 40000.0
0, 0, 0, 0, 0, 0, 0, 0, 0, 0, 0, 0, 0, 0, 0, 0, 0, 0, 0, 0, 0, 0, 0, 0, 0, 0, 0
0, 0, 1, 68, 68, 68, 68.0, 0.0, 4624.0, 0, 0, 0, 0, 0, 0, 0, 0, 0, 0, 0, 1, 68, 68, 68, 68.0, 0.0, 4624.0
0, 0, 1, 200, 200, 200, 200.0, 0.0, 40000.0, 0, 0, 0, 0, 0, 0, 0, 0, 0, 0, 0, 1, 200, 200, 200, 200.0, 0.0, 40000.0
0, 0, 0, 0, 0, 0, 0, 0, 0, 0, 0, 0, 0, 0, 0, 0, 0, 0, 0, 0, 0, 0, 0, 0, 0, 0, 0
10, 536, 17, 3673, 71, 613, 216.05882352941177, 36254.40830449826, 82935.82352941176, 16, 848, 12, 8331, 83, 2709, 694.25, 857700.5208333334, 1339683.5833333333, 26, 1384, 29, 12004, 71, 2709, 413.9310344827586, 572601.243307555, 602969.3793103448
20, 1064, 7, 1223, 72, 569, 174.71428571428572, 28687.632653061224, 59212.71428571428, 5, 268, 24, 44714, 83, 5724, 1863.0833333333333, 3845055.4097222225, 7316134.916666667, 25, 1332, 31, 45937, 72, 5724, 1481.8387096774193, 3675963.396363636, 5677475.064516129
6, 312, 6, 1810, 116, 569, 301.6666666666667, 36388.22222222222, 127391.0, 5, 276, 4, 10750, 632, 3695, 2687.5, 1564208.25, 8786864.5, 11, 588, 10, 12560, 116, 3695, 1256.0, 2303436.5714285714, 3591180.4
1, 52, 2, 1787, 68, 1719, 893.5, 681450.25, 1479792.5, 1, 52, 3, 1119, 103, 913, 373.0, 145800.0, 284929.0, 2, 104, 5, 2906, 68, 1719, 581.2, 330510.109375, 762874.4
1, 52, 0, 0, 0, 0, 0, 0, 0, 0, 0, 0, 0, 0, 0, 0, 0, 0, 1, 52, 0, 0, 0, 0, 0, 0, 0
0, 0, 1, 200, 200, 200, 200.0, 0.0, 40000.0, 0, 0, 0, 0, 0, 0, 0, 0, 0, 0, 0, 1, 200, 200, 200, 200.0, 0.0, 40000.0
0, 0, 0, 0, 0, 0, 0, 0, 0, 0, 0, 0, 0, 0, 0, 0, 0, 0, 0, 0, 0, 0, 0, 0, 0, 0, 0
1, 40, 3, 2079, 157, 1765, 693.0, 574592.0, 1054841.0, 0, 0, 0, 0, 0, 0, 0, 0, 0, 1, 40, 3, 2079, 157, 1765, 693.0, 574592.0, 1054841.0
4, 196, 2, 357, 157, 200, 178.5, 462.25, 32324.5, 1, 52, 3, 7255, 1359, 2948, 2418.3333333333335, 561093.5555555556, 6409429.666666667, 5, 248, 5, 7612, 157, 2948, 1522.4, 1361595.734375, 3858587.6
0, 0, 1, 2041, 2041, 2041, 2041.0, 0.0, 4165681.0, 1, 52, 0, 0, 0, 0, 0, 0, 0, 1, 52, 1, 2041, 2041, 2041, 2041.0, 0.0, 4165681.0
3, 156, 2, 314, 157, 157, 157.0, 0.0, 24649.0, 0, 0, 3, 12943, 3260, 5287, 4314.333333333333, 688122.8888888889, 19301595.0, 3, 156, 5, 13257, 157, 5287, 2651.4, 3756733.5, 11590816.6
18, 936, 1, 157, 157, 157, 157.0, 0.0, 24649.0, 0, 0, 22, 55246, 578, 2948, 2511.181818181818, 541027.1487603306, 6847061.2727272725, 18, 936, 23, 55403, 157, 2948, 2408.8260869565215, 649426.8266666665, 6550434.652173913
1, 60, 1, 78, 78, 78, 78.0, 0.0, 6084.0, 0, 0, 1, 275, 275, 275, 275.0, 0.0, 75625.0, 1, 60, 2, 353, 78, 275, 176.5, 8624.22222222222, 40854.5
5, 248, 11, 16781, 172, 2948, 1525.5454545454545, 1237567.702479339, 3564856.6363636362, 5, 268, 4, 11742, 103, 5644, 2935.5, 3928832.25, 12545992.5, 10, 516, 15, 28523, 103, 5644, 1901.5333333333333, 2855334.271468144, 5959826.2
2, 104, 5, 8991, 222, 2786, 1798.2, 1343108.1600000001, 4576631.4, 4, 208, 2, 3355, 256, 3099, 1677.5, 2020662.25, 4834668.5, 6, 312, 7, 12346, 222, 3099, 1763.7142857142858, 1647840.4691358027, 4650356.285714285
3, 144, 5, 10666, 172, 2948, 2133.2, 1055302.96, 5605845.2, 5, 260, 2, 6529, 2477, 4052, 3264.5, 620156.25, 11277116.5, 8, 404, 7, 17195, 172, 4052, 2456.4285714285716, 1177914.2222222222, 7226208.428571428
30, 1576, 6, 3239, 116, 935, 539.8333333333334, 112082.47222222223, 403502.5, 4, 224, 31, 110601, 379, 25054, 3567.7741935483873, 22770277.01352758, 35499289.70967742, 34, 1800, 37, 113840, 116, 25054, 3076.7567567567567, 21508622.82763841, 29808080.972972974
117, 6116, 28, 31608, 104, 2948, 1128.857142857143, 728994.4795918369, 2003312.9285714286, 11, 604, 174, 1667647, 120, 23220, 9584.17816091954, 62629397.20389087, 154485868.22413793, 128, 6720, 202, 1699255, 104, 23220, 8412.153465346535, 62947237.76525012, 133349672.44059406
308, 16020, 27, 24876, 68, 2948, 921.3333333333334, 274818.8148148148, 1123673.9259259258, 9, 484, 443, 3992482, 292, 23220, 9012.374717832958, 53579208.627080895, 134802106.68171558, 317, 16504, 470, 4017358, 68, 23220, 8547.570212765957, 53881578.36136901, 127122707.3531915
232, 12072, 27, 31035, 85, 2948, 1149.4444444444443, 513299.35802469135, 1834521.888888889, 6, 320, 337, 3630481, 101, 29012, 10772.94065281899, 60990045.207160406, 177046295.51632047, 238, 12392, 364, 3661516, 85, 29012, 10059.10989010989, 62090376.648724765, 164049817.8021978
353, 18344, 21, 21981, 1044, 1047, 1046.7142857142858, 0.7755102040816327, 1095611.5714285714, 2, 104, 635, 6895334, 460, 26116, 10858.7937007874, 55817594.787361905, 173730995.42362204, 355, 18448, 656, 6917315, 460, 26116, 10544.6875, 56450249.864743166, 168204557.8307927
171, 8892, 25, 24300, 68, 1047, 972.0, 64397.36, 1009181.36, 0, 0, 408, 4053553, 460, 26702, 9935.178921568628, 62914847.17632041, 161622627.37990198, 171, 8892, 433, 4077853, 68, 26702, 9417.674364896075, 63363715.80246041, 152349333.72979215
259, 13468, 24, 25116, 1044, 1047, 1046.5, 1.25, 1095163.5, 0, 0, 585, 4963726, 230, 26116, 8485.00170940171, 49228641.10939879, 121223895.11794871, 259, 13468, 609, 4988842, 230, 26116, 8191.8587848932675, 49328952.27989753, 116489757.91133004
165, 8580, 8, 8376, 1047, 1047, 1047.0, 0.0, 1096209.0, 0, 0, 252, 2617191, 461, 20324, 10385.67857142857, 49630204.73398526, 157492524.12301588, 165, 8580, 260, 2625567, 461, 20324, 10098.334615384616, 50196111.642440796, 152680329.81153846
0, 0, 0, 0, 0, 0, 0, 0, 0, 0, 0, 0, 0, 0, 0, 0, 0, 0, 0, 0, 0, 0, 0, 0, 0, 0, 0
0, 0, 0, 0, 0, 0, 0, 0, 0, 0, 0, 0, 0, 0, 0, 0, 0, 0, 0, 0, 0, 0, 0, 0, 0, 0, 0
1, 52, 7, 13841, 68, 2948, 1977.2857142857142, 1440109.3469387756, 5349768.142857143, 3, 156, 1, 1290, 1290, 1290, 1290.0, 0.0, 1664100.0, 4, 208, 8, 15131, 68, 2948, 1891.375, 1201727.8024691357, 4889059.625
3, 164, 16, 38375, 569, 2948, 2398.4375, 653335.24609375, 6405837.6875, 6, 320, 2, 4950, 554, 4396, 2475.0, 3690241.0, 9815866.0, 9, 484, 18, 43325, 554, 4396, 2406.9444444444443, 1261654.2875, 6784729.722222222
3, 156, 2, 452, 103, 349, 226.0, 15129.0, 66205.0, 9, 468, 3, 9594, 197, 4699, 3198.0, 4503000.666666667, 14730204.666666666, 12, 624, 5, 10046, 103, 4699, 2009.2, 5037179.75, 8864604.8
158, 8228, 15, 22084, 749, 2948, 1472.2666666666667, 619285.5288888891, 2786854.6666666665, 3, 156, 291, 3068538, 163, 29012, 10544.80412371134, 70504943.73826478, 181697837.74570447, 161, 8384, 306, 3090622, 163, 29012, 10100.071895424837, 70765173.98280066, 172927691.51633987
250, 13000, 12, 12531, 1042, 1045, 1044.25, 1.6875, 1090459.75, 1, 52, 396, 4188677, 73, 29012, 10577.467171717171, 61662210.85498291, 173545022.62373737, 251, 13052, 408, 4201208, 73, 29012, 10297.078431372549, 62078085.02344465, 168472829.5980392
296, 15392, 17, 17775, 1043, 1047, 1045.5882352941176, 1.4186851211072666, 1093256.1764705882, 0, 0, 487, 5360058, 460, 26116, 11006.279260780288, 57032396.17663355, 178170579.3429158, 296, 15392, 504, 5377833, 460, 26116, 10670.30357142857, 57726822.87958325, 172197733.125
202, 10504, 22, 23022, 1044, 1047, 1046.4545454545455, 1.3388429752066118, 1095068.4545454546, 0, 0, 361, 4104635, 71, 26116, 11370.180055401663, 57744536.96758006, 187025531.4598338, 202, 10504, 383, 4127657, 71, 26116, 10777.17232375979, 59095385.28734537, 176345452.6449086
256, 13312, 20, 20951, 1044, 1049, 1047.55, 1.8475000000000006, 1097362.85, 0, 0, 437, 4705758, 342, 29012, 10768.324942791762, 65821791.13926344, 181778613.21281466, 256, 13312, 457, 4726709, 342, 29012, 10342.908096280087, 66415923.76617293, 173871337.4857768
102, 5304, 8, 8392, 1049, 1049, 1049.0, 0.0, 1100401.0, 0, 0, 188, 1953500, 461, 29012, 10390.95744680851, 67262062.20031689, 175234058.8617021, 102, 5304, 196, 1961892, 461, 29012, 10009.65306122449, 67641060.87847222, 168126562.62244898
0, 0, 1, 157, 157, 157, 157.0, 0.0, 24649.0, 0, 0, 0, 0, 0, 0, 0, 0, 0, 0, 0, 1, 157, 157, 157, 157.0, 0.0, 24649.0
0, 0, 0, 0, 0, 0, 0, 0, 0, 0, 0, 0, 0, 0, 0, 0, 0, 0, 0, 0, 0, 0, 0, 0, 0, 0, 0
0, 0, 0, 0, 0, 0, 0, 0, 0, 0, 0, 0, 0, 0, 0, 0, 0, 0, 0, 0, 0, 0, 0, 0, 0, 0, 0
0, 0, 2, 357, 157, 200, 178.5, 462.25, 32324.5, 0, 0, 0, 0, 0, 0, 0, 0, 0, 0, 0, 2, 357, 157, 200, 178.5, 462.25, 32324.5
0, 0, 0, 0, 0, 0, 0, 0, 0, 0, 0, 0, 0, 0, 0, 0, 0, 0, 0, 0, 0, 0, 0, 0, 0, 0, 0
0, 0, 9, 22696, 1903, 2948, 2521.777777777778, 228581.06172839509, 6587944.222222222, 3, 156, 1, 1290, 1290, 1290, 1290.0, 0.0, 1664100.0, 3, 156, 10, 23986, 1290, 2948, 2398.6, 412731.4214876033, 6095559.8
1, 52, 2, 372, 172, 200, 186.0, 196.0, 34792.0, 3, 156, 1, 4705, 4705, 4705, 4705.0, 0.0, 22137025.0, 4, 208, 3, 5077, 172, 4705, 1692.3333333333333, 5105438.25, 7402203.0
0, 0, 0, 0, 0, 0, 0, 0, 0, 0, 0, 0, 0, 0, 0, 0, 0, 0, 0, 0, 0, 0, 0, 0, 0, 0, 0
0, 0, 0, 0, 0, 0, 0, 0, 0, 0, 0, 0, 0, 0, 0, 0, 0, 0, 0, 0, 0, 0, 0, 0, 0, 0, 0
0, 0, 1, 200, 200, 200, 200.0, 0.0, 40000.0, 0, 0, 0, 0, 0, 0, 0, 0, 0, 0, 0, 1, 200, 200, 200, 200.0, 0.0, 40000.0
1, 52, 4, 10320, 2087, 2948, 2580.0, 143236.5, 6799636.5, 2, 104, 2, 5037, 2089, 2948, 2518.5, 184470.25, 6527312.5, 3, 156, 6, 15357, 2087, 2948, 2559.5, 164798.9375, 6708861.833333333
0, 0, 0, 0, 0, 0, 0, 0, 0, 0, 0, 0, 0, 0, 0, 0, 0, 0, 0, 0, 0, 0, 0, 0, 0, 0, 0
0, 0, 1, 200, 200, 200, 200.0, 0.0, 40000.0, 0, 0, 0, 0, 0, 0, 0, 0, 0, 0, 0, 1, 200, 200, 200, 200.0, 0.0, 40000.0
0, 0, 0, 0, 0, 0, 0, 0, 0, 0, 0, 0, 0, 0, 0, 0, 0, 0, 0, 0, 0, 0, 0, 0, 0, 0, 0
0, 0, 0, 0, 0, 0, 0, 0, 0, 0, 0, 0, 0, 0, 0, 0, 0, 0, 0, 0, 0, 0, 0, 0, 0, 0, 0
0, 0, 0, 0, 0, 0, 0, 0, 0, 0, 0, 0, 0, 0, 0, 0, 0, 0, 0, 0, 0, 0, 0, 0, 0, 0, 0
0, 0, 0, 0, 0, 0, 0, 0, 0, 0, 0, 0, 0, 0, 0, 0, 0, 0, 0, 0, 0, 0, 0, 0, 0, 0, 0
0, 0, 0, 0, 0, 0, 0, 0, 0, 0, 0, 0, 0, 0, 0, 0, 0, 0, 0, 0, 0, 0, 0, 0, 0, 0, 0
0, 0, 0, 0, 0, 0, 0, 0, 0, 0, 0, 0, 0, 0, 0, 0, 0, 0, 0, 0, 0, 0, 0, 0, 0, 0, 0
1, 52, 3, 5511, 549, 2948, 1837.0, 974864.6666666666, 4349433.666666667, 0, 0, 1, 237, 237, 237, 237.0, 0.0, 56169.0, 1, 52, 4, 5748, 237, 2948, 1437.0, 1199318.8, 3276117.5
1, 52, 0, 0, 0, 0, 0, 0, 0, 2, 104, 1, 1291, 1291, 1291, 1291.0, 0.0, 1666681.0, 3, 156, 1, 1291, 1291, 1291, 1291.0, 0.0, 1666681.0
0, 0, 0, 0, 0, 0, 0, 0, 0, 0, 0, 0, 0, 0, 0, 0, 0, 0, 0, 0, 0, 0, 0, 0, 0, 0, 0
0, 0, 0, 0, 0, 0, 0, 0, 0, 0, 0, 0, 0, 0, 0, 0, 0, 0, 0, 0, 0, 0, 0, 0, 0, 0, 0
0, 0, 0, 0, 0, 0, 0, 0, 0, 0, 0, 0, 0, 0, 0, 0, 0, 0, 0, 0, 0, 0, 0, 0, 0, 0, 0
0, 0, 0, 0, 0, 0, 0, 0, 0, 0, 0, 0, 0, 0, 0, 0, 0, 0, 0, 0, 0, 0, 0, 0, 0, 0, 0
0, 0, 0, 0, 0, 0, 0, 0, 0, 0, 0, 0, 0, 0, 0, 0, 0, 0, 0, 0, 0, 0, 0, 0, 0, 0, 0
0, 0, 0, 0, 0, 0, 0, 0, 0, 0, 0, 0, 0, 0, 0, 0, 0, 0, 0, 0, 0, 0, 0, 0, 0, 0, 0
0, 0, 0, 0, 0, 0, 0, 0, 0, 0, 0, 0, 0, 0, 0, 0, 0, 0, 0, 0, 0, 0, 0, 0, 0, 0, 0
0, 0, 0, 0, 0, 0, 0, 0, 0, 0, 0, 0, 0, 0, 0, 0, 0, 0, 0, 0, 0, 0, 0, 0, 0, 0, 0
0, 0, 1, 195, 195, 195, 195.0, 0.0, 38025.0, 0, 0, 0, 0, 0, 0, 0, 0, 0, 0, 0, 1, 195, 195, 195, 195.0, 0.0, 38025.0
0, 0, 0, 0, 0, 0, 0, 0, 0, 0, 0, 0, 0, 0, 0, 0, 0, 0, 0, 0, 0, 0, 0, 0, 0, 0, 0
0, 0, 1, 195, 195, 195, 195.0, 0.0, 38025.0, 0, 0, 0, 0, 0, 0, 0, 0, 0, 0, 0, 1, 195, 195, 195, 195.0, 0.0, 38025.0
0, 0, 4, 780, 195, 195, 195.0, 0.0, 38025.0, 0, 0, 0, 0, 0, 0, 0, 0, 0, 0, 0, 4, 780, 195, 195, 195.0, 0.0, 38025.0
0, 0, 1, 68, 68, 68, 68.0, 0.0, 4624.0, 0, 0, 0, 0, 0, 0, 0, 0, 0, 0, 0, 1, 68, 68, 68, 68.0, 0.0, 4624.0
0, 0, 1, 195, 195, 195, 195.0, 0.0, 38025.0, 0, 0, 0, 0, 0, 0, 0, 0, 0, 0, 0, 1, 195, 195, 195, 195.0, 0.0, 38025.0
0, 0, 5, 848, 68, 195, 169.6, 2580.6400000000003, 31344.8, 0, 0, 0, 0, 0, 0, 0, 0, 0, 0, 0, 5, 848, 68, 195, 169.6, 2580.6400000000003, 31344.8
0, 0, 0, 0, 0, 0, 0, 0, 0, 0, 0, 0, 0, 0, 0, 0, 0, 0, 0, 0, 0, 0, 0, 0, 0, 0, 0
0, 0, 4, 780, 195, 195, 195.0, 0.0, 38025.0, 0, 0, 0, 0, 0, 0, 0, 0, 0, 0, 0, 4, 780, 195, 195, 195.0, 0.0, 38025.0
0, 0, 8, 1560, 195, 195, 195.0, 0.0, 38025.0, 0, 0, 0, 0, 0, 0, 0, 0, 0, 0, 0, 8, 1560, 195, 195, 195.0, 0.0, 38025.0
0, 0, 4, 780, 195, 195, 195.0, 0.0, 38025.0, 0, 0, 0, 0, 0, 0, 0, 0, 0, 0, 0, 4, 780, 195, 195, 195.0, 0.0, 38025.0
0, 0, 6, 1170, 195, 195, 195.0, 0.0, 38025.0, 0, 0, 0, 0, 0, 0, 0, 0, 0, 0, 0, 6, 1170, 195, 195, 195.0, 0.0, 38025.0
0, 0, 8, 1433, 68, 195, 179.125, 1764.109375, 33849.875, 0, 0, 0, 0, 0, 0, 0, 0, 0, 0, 0, 8, 1433, 68, 195, 179.125, 1764.109375, 33849.875
0, 0, 2, 390, 195, 195, 195.0, 0.0, 38025.0, 0, 0, 0, 0, 0, 0, 0, 0, 0, 0, 0, 2, 390, 195, 195, 195.0, 0.0, 38025.0
4, 184, 10, 6986, 195, 2948, 698.6, 856693.64, 1344735.6, 3, 156, 2, 1373, 83, 1290, 686.5, 364212.25, 835494.5, 7, 340, 12, 8359, 83, 2948, 696.5833333333334, 716014.5510204084, 1259862.0833333333
0, 0, 4, 780, 195, 195, 195.0, 0.0, 38025.0, 0, 0, 0, 0, 0, 0, 0, 0, 0, 0, 0, 4, 780, 195, 195, 195.0, 0.0, 38025.0
0, 0, 4, 780, 195, 195, 195.0, 0.0, 38025.0, 0, 0, 0, 0, 0, 0, 0, 0, 0, 0, 0, 4, 780, 195, 195, 195.0, 0.0, 38025.0
0, 0, 8, 1433, 68, 195, 179.125, 1764.109375, 33849.875, 0, 0, 0, 0, 0, 0, 0, 0, 0, 0, 0, 8, 1433, 68, 195, 179.125, 1764.109375, 33849.875
0, 0, 5, 975, 195, 195, 195.0, 0.0, 38025.0, 0, 0, 0, 0, 0, 0, 0, 0, 0, 0, 0, 5, 975, 195, 195, 195.0, 0.0, 38025.0
0, 0, 5, 848, 68, 195, 169.6, 2580.6400000000003, 31344.8, 0, 0, 0, 0, 0, 0, 0, 0, 0, 0, 0, 5, 848, 68, 195, 169.6, 2580.6400000000003, 31344.8
0, 0, 0, 0, 0, 0, 0, 0, 0, 0, 0, 0, 0, 0, 0, 0, 0, 0, 0, 0, 0, 0, 0, 0, 0, 0, 0
0, 0, 1, 195, 195, 195, 195.0, 0.0, 38025.0, 0, 0, 0, 0, 0, 0, 0, 0, 0, 0, 0, 1, 195, 195, 195, 195.0, 0.0, 38025.0
0, 0, 3, 585, 195, 195, 195.0, 0.0, 38025.0, 0, 0, 0, 0, 0, 0, 0, 0, 0, 0, 0, 3, 585, 195, 195, 195.0, 0.0, 38025.0
0, 0, 0, 0, 0, 0, 0, 0, 0, 0, 0, 0, 0, 0, 0, 0, 0, 0, 0, 0, 0, 0, 0, 0, 0, 0, 0
0, 0, 1, 195, 195, 195, 195.0, 0.0, 38025.0, 0, 0, 0, 0, 0, 0, 0, 0, 0, 0, 0, 1, 195, 195, 195, 195.0, 0.0, 38025.0
0, 0, 3, 458, 68, 195, 152.66666666666666, 3584.222222222222, 26891.333333333332, 0, 0, 0, 0, 0, 0, 0, 0, 0, 0, 0, 3, 458, 68, 195, 152.66666666666666, 3584.222222222222, 26891.333333333332
0, 0, 0, 0, 0, 0, 0, 0, 0, 0, 0, 0, 0, 0, 0, 0, 0, 0, 0, 0, 0, 0, 0, 0, 0, 0, 0
0, 0, 0, 0, 0, 0, 0, 0, 0, 0, 0, 0, 0, 0, 0, 0, 0, 0, 0, 0, 0, 0, 0, 0, 0, 0, 0
0, 0, 0, 0, 0, 0, 0, 0, 0, 0, 0, 0, 0, 0, 0, 0, 0, 0, 0, 0, 0, 0, 0, 0, 0, 0, 0
0, 0, 0, 0, 0, 0, 0, 0, 0, 0, 0, 0, 0, 0, 0, 0, 0, 0, 0, 0, 0, 0, 0, 0, 0, 0, 0
0, 0, 1, 195, 195, 195, 195.0, 0.0, 38025.0, 0, 0, 0, 0, 0, 0, 0, 0, 0, 0, 0, 1, 195, 195, 195, 195.0, 0.0, 38025.0
0, 0, 0, 0, 0, 0, 0, 0, 0, 0, 0, 0, 0, 0, 0, 0, 0, 0, 0, 0, 0, 0, 0, 0, 0, 0, 0
0, 0, 0, 0, 0, 0, 0, 0, 0, 0, 0, 0, 0, 0, 0, 0, 0, 0, 0, 0, 0, 0, 0, 0, 0, 0, 0
0, 0, 1, 195, 195, 195, 195.0, 0.0, 38025.0, 0, 0, 0, 0, 0, 0, 0, 0, 0, 0, 0, 1, 195, 195, 195, 195.0, 0.0, 38025.0
0, 0, 0, 0, 0, 0, 0, 0, 0, 0, 0, 0, 0, 0, 0, 0, 0, 0, 0, 0, 0, 0, 0, 0, 0, 0, 0
0, 0, 1, 195, 195, 195, 195.0, 0.0, 38025.0, 0, 0, 0, 0, 0, 0, 0, 0, 0, 0, 0, 1, 195, 195, 195, 195.0, 0.0, 38025.0
0, 0, 0, 0, 0, 0, 0, 0, 0, 0, 0, 0, 0, 0, 0, 0, 0, 0, 0, 0, 0, 0, 0, 0, 0, 0, 0
0, 0, 0, 0, 0, 0, 0, 0, 0, 0, 0, 0, 0, 0, 0, 0, 0, 0, 0, 0, 0, 0, 0, 0, 0, 0, 0
0, 0, 1, 195, 195, 195, 195.0, 0.0, 38025.0, 0, 0, 0, 0, 0, 0, 0, 0, 0, 0, 0, 1, 195, 195, 195, 195.0, 0.0, 38025.0
92, 4784, 6, 6297, 1047, 1050, 1049.5, 1.25, 1101451.5, 0, 0, 167, 1561755, 461, 26116, 9351.826347305388, 56691872.38301839, 144148528.41317365, 92, 4784, 173, 1568052, 461, 26116, 9063.884393063583, 56886349.39801903, 139187358.11560693
0, 0, 0, 0, 0, 0, 0, 0, 0, 0, 0, 0, 0, 0, 0, 0, 0, 0, 0, 0, 0, 0, 0, 0, 0, 0, 0
0, 0, 0, 0, 0, 0, 0, 0, 0, 0, 0, 0, 0, 0, 0, 0, 0, 0, 0, 0, 0, 0, 0, 0, 0, 0, 0
0, 0, 0, 0, 0, 0, 0, 0, 0, 0, 0, 0, 0, 0, 0, 0, 0, 0, 0, 0, 0, 0, 0, 0, 0, 0, 0
0, 0, 0, 0, 0, 0, 0, 0, 0, 0, 0, 0, 0, 0, 0, 0, 0, 0, 0, 0, 0, 0, 0, 0, 0, 0, 0
0, 0, 0, 0, 0, 0, 0, 0, 0, 0, 0, 0, 0, 0, 0, 0, 0, 0, 0, 0, 0, 0, 0, 0, 0, 0, 0
0, 0, 0, 0, 0, 0, 0, 0, 0, 0, 0, 0, 0, 0, 0, 0, 0, 0, 0, 0, 0, 0, 0, 0, 0, 0, 0
0, 0, 0, 0, 0, 0, 0, 0, 0, 0, 0, 0, 0, 0, 0, 0, 0, 0, 0, 0, 0, 0, 0, 0, 0, 0, 0
0, 0, 0, 0, 0, 0, 0, 0, 0, 0, 0, 0, 0, 0, 0, 0, 0, 0, 0, 0, 0, 0, 0, 0, 0, 0, 0
0, 0, 0, 0, 0, 0, 0, 0, 0, 0, 0, 0, 0, 0, 0, 0, 0, 0, 0, 0, 0, 0, 0, 0, 0, 0, 0
0, 0, 0, 0, 0, 0, 0, 0, 0, 0, 0, 0, 0, 0, 0, 0, 0, 0, 0, 0, 0, 0, 0, 0, 0, 0, 0
0, 0, 0, 0, 0, 0, 0, 0, 0, 0, 0, 0, 0, 0, 0, 0, 0, 0, 0, 0, 0, 0, 0, 0, 0, 0, 0
0, 0, 0, 0, 0, 0, 0, 0, 0, 0, 0, 0, 0, 0, 0, 0, 0, 0, 0, 0, 0, 0, 0, 0, 0, 0, 0
0, 0, 0, 0, 0, 0, 0, 0, 0, 0, 0, 0, 0, 0, 0, 0, 0, 0, 0, 0, 0, 0, 0, 0, 0, 0, 0
0, 0, 0, 0, 0, 0, 0, 0, 0, 0, 0, 0, 0, 0, 0, 0, 0, 0, 0, 0, 0, 0, 0, 0, 0, 0, 0
0, 0, 0, 0, 0, 0, 0, 0, 0, 0, 0, 0, 0, 0, 0, 0, 0, 0, 0, 0, 0, 0, 0, 0, 0, 0, 0
0, 0, 0, 0, 0, 0, 0, 0, 0, 0, 0, 0, 0, 0, 0, 0, 0, 0, 0, 0, 0, 0, 0, 0, 0, 0, 0
0, 0, 0, 0, 0, 0, 0, 0, 0, 0, 0, 0, 0, 0, 0, 0, 0, 0, 0, 0, 0, 0, 0, 0, 0, 0, 0
0, 0, 0, 0, 0, 0, 0, 0, 0, 0, 0, 0, 0, 0, 0, 0, 0, 0, 0, 0, 0, 0, 0, 0, 0, 0, 0
0, 0, 0, 0, 0, 0, 0, 0, 0, 0, 0, 0, 0, 0, 0, 0, 0, 0, 0, 0, 0, 0, 0, 0, 0, 0, 0
0, 0, 0, 0, 0, 0, 0, 0, 0, 0, 0, 0, 0, 0, 0, 0, 0, 0, 0, 0, 0, 0, 0, 0, 0, 0, 0
0, 0, 0, 0, 0, 0, 0, 0, 0, 0, 0, 0, 0, 0, 0, 0, 0, 0, 0, 0, 0, 0, 0, 0, 0, 0, 0
0, 0, 0, 0, 0, 0, 0, 0, 0, 0, 0, 0, 0, 0, 0, 0, 0, 0, 0, 0, 0, 0, 0, 0, 0, 0, 0
0, 0, 0, 0, 0, 0, 0, 0, 0, 0, 0, 0, 0, 0, 0, 0, 0, 0, 0, 0, 0, 0, 0, 0, 0, 0, 0
2, 104, 0, 0, 0, 0, 0, 0, 0, 2, 104, 0, 0, 0, 0, 0, 0, 0, 4, 208, 0, 0, 0, 0, 0, 0, 0
0, 0, 0, 0, 0, 0, 0, 0, 0, 0, 0, 0, 0, 0, 0, 0, 0, 0, 0, 0, 0, 0, 0, 0, 0, 0, 0
0, 0, 0, 0, 0, 0, 0, 0, 0, 0, 0, 0, 0, 0, 0, 0, 0, 0, 0, 0, 0, 0, 0, 0, 0, 0, 0
0, 0, 0, 0, 0, 0, 0, 0, 0, 0, 0, 0, 0, 0, 0, 0, 0, 0, 0, 0, 0, 0, 0, 0, 0, 0, 0
0, 0, 0, 0, 0, 0, 0, 0, 0, 0, 0, 0, 0, 0, 0, 0, 0, 0, 0, 0, 0, 0, 0, 0, 0, 0, 0
0, 0, 0, 0, 0, 0, 0, 0, 0, 0, 0, 0, 0, 0, 0, 0, 0, 0, 0, 0, 0, 0, 0, 0, 0, 0, 0
0, 0, 0, 0, 0, 0, 0, 0, 0, 0, 0, 0, 0, 0, 0, 0, 0, 0, 0, 0, 0, 0, 0, 0, 0, 0, 0
0, 0, 0, 0, 0, 0, 0, 0, 0, 0, 0, 0, 0, 0, 0, 0, 0, 0, 0, 0, 0, 0, 0, 0, 0, 0, 0
0, 0, 0, 0, 0, 0, 0, 0, 0, 0, 0, 0, 0, 0, 0, 0, 0, 0, 0, 0, 0, 0, 0, 0, 0, 0, 0
0, 0, 0, 0, 0, 0, 0, 0, 0, 0, 0, 0, 0, 0, 0, 0, 0, 0, 0, 0, 0, 0, 0, 0, 0, 0, 0
0, 0, 0, 0, 0, 0, 0, 0, 0, 0, 0, 0, 0, 0, 0, 0, 0, 0, 0, 0, 0, 0, 0, 0, 0, 0, 0
0, 0, 0, 0, 0, 0, 0, 0, 0, 0, 0, 0, 0, 0, 0, 0, 0, 0, 0, 0, 0, 0, 0, 0, 0, 0, 0
0, 0, 0, 0, 0, 0, 0, 0, 0, 0, 0, 0, 0, 0, 0, 0, 0, 0, 0, 0, 0, 0, 0, 0, 0, 0, 0
0, 0, 0, 0, 0, 0, 0, 0, 0, 0, 0, 0, 0, 0, 0, 0, 0, 0, 0, 0, 0, 0, 0, 0, 0, 0, 0
0, 0, 0, 0, 0, 0, 0, 0, 0, 0, 0, 0, 0, 0, 0, 0, 0, 0, 0, 0, 0, 0, 0, 0, 0, 0, 0
0, 0, 0, 0, 0, 0, 0, 0, 0, 0, 0, 0, 0, 0, 0, 0, 0, 0, 0, 0, 0, 0, 0, 0, 0, 0, 0
0, 0, 0, 0, 0, 0, 0, 0, 0, 0, 0, 0, 0, 0, 0, 0, 0, 0, 0, 0, 0, 0, 0, 0, 0, 0, 0
3, 156, 0, 0, 0, 0, 0, 0, 0, 3, 156, 0, 0, 0, 0, 0, 0, 0, 6, 312, 0, 0, 0, 0, 0, 0, 0
0, 0, 0, 0, 0, 0, 0, 0, 0, 0, 0, 0, 0, 0, 0, 0, 0, 0, 0, 0, 0, 0, 0, 0, 0, 0, 0
0, 0, 0, 0, 0, 0, 0, 0, 0, 0, 0, 0, 0, 0, 0, 0, 0, 0, 0, 0, 0, 0, 0, 0, 0, 0, 0
0, 0, 0, 0, 0, 0, 0, 0, 0, 0, 0, 0, 0, 0, 0, 0, 0, 0, 0, 0, 0, 0, 0, 0, 0, 0, 0
0, 0, 0, 0, 0, 0, 0, 0, 0, 0, 0, 0, 0, 0, 0, 0, 0, 0, 0, 0, 0, 0, 0, 0, 0, 0, 0
65, 3380, 10, 10497, 1047, 1050, 1049.7, 0.8099999999999999, 1101870.9, 0, 0, 142, 1446845, 460, 26116, 10189.049295774648, 60330724.70883752, 164147450.26056337, 65, 3380, 152, 1457342, 460, 26116, 9587.776315789473, 61023102.36976491, 153420767.40789473
1, 52, 0, 0, 0, 0, 0, 0, 0, 1, 52, 0, 0, 0, 0, 0, 0, 0, 2, 104, 0, 0, 0, 0, 0, 0, 0
0, 0, 0, 0, 0, 0, 0, 0, 0, 0, 0, 0, 0, 0, 0, 0, 0, 0, 0, 0, 0, 0, 0, 0, 0, 0, 0
0, 0, 0, 0, 0, 0, 0, 0, 0, 0, 0, 0, 0, 0, 0, 0, 0, 0, 0, 0, 0, 0, 0, 0, 0, 0, 0
0, 0, 0, 0, 0, 0, 0, 0, 0, 0, 0, 0, 0, 0, 0, 0, 0, 0, 0, 0, 0, 0, 0, 0, 0, 0, 0
2, 104, 0, 0, 0, 0, 0, 0, 0, 2, 104, 0, 0, 0, 0, 0, 0, 0, 4, 208, 0, 0, 0, 0, 0, 0, 0
0, 0, 0, 0, 0, 0, 0, 0, 0, 0, 0, 0, 0, 0, 0, 0, 0, 0, 0, 0, 0, 0, 0, 0, 0, 0, 0
0, 0, 0, 0, 0, 0, 0, 0, 0, 0, 0, 0, 0, 0, 0, 0, 0, 0, 0, 0, 0, 0, 0, 0, 0, 0, 0
0, 0, 0, 0, 0, 0, 0, 0, 0, 0, 0, 0, 0, 0, 0, 0, 0, 0, 0, 0, 0, 0, 0, 0, 0, 0, 0
0, 0, 0, 0, 0, 0, 0, 0, 0, 0, 0, 0, 0, 0, 0, 0, 0, 0, 0, 0, 0, 0, 0, 0, 0, 0, 0
0, 0, 0, 0, 0, 0, 0, 0, 0, 0, 0, 0, 0, 0, 0, 0, 0, 0, 0, 0, 0, 0, 0, 0, 0, 0, 0
0, 0, 0, 0, 0, 0, 0, 0, 0, 0, 0, 0, 0, 0, 0, 0, 0, 0, 0, 0, 0, 0, 0, 0, 0, 0, 0
0, 0, 0, 0, 0, 0, 0, 0, 0, 0, 0, 0, 0, 0, 0, 0, 0, 0, 0, 0, 0, 0, 0, 0, 0, 0, 0
0, 0, 0, 0, 0, 0, 0, 0, 0, 0, 0, 0, 0, 0, 0, 0, 0, 0, 0, 0, 0, 0, 0, 0, 0, 0, 0
0, 0, 0, 0, 0, 0, 0, 0, 0, 0, 0, 0, 0, 0, 0, 0, 0, 0, 0, 0, 0, 0, 0, 0, 0, 0, 0
0, 0, 0, 0, 0, 0, 0, 0, 0, 0, 0, 0, 0, 0, 0, 0, 0, 0, 0, 0, 0, 0, 0, 0, 0, 0, 0
0, 0, 0, 0, 0, 0, 0, 0, 0, 0, 0, 0, 0, 0, 0, 0, 0, 0, 0, 0, 0, 0, 0, 0, 0, 0, 0
0, 0, 1, 78, 78, 78, 78.0, 0.0, 6084.0, 0, 0, 0, 0, 0, 0, 0, 0, 0, 0, 0, 1, 78, 78, 78, 78.0, 0.0, 6084.0
8, 424, 11, 6558, 83, 2788, 596.1818181818181, 561583.0578512397, 917015.8181818182, 13, 684, 8, 5738, 83, 2960, 717.25, 807786.4375, 1322234.0, 21, 1108, 19, 12296, 83, 2960, 647.1578947368421, 711020.0685871056, 1087634.0
1, 52, 1, 91, 91, 91, 91.0, 0.0, 8281.0, 1, 52, 4, 1135, 91, 583, 283.75, 41871.6875, 122385.75, 2, 104, 5, 1226, 91, 583, 245.2, 40888.666666666664, 99564.8
0, 0, 0, 0, 0, 0, 0, 0, 0, 0, 0, 0, 0, 0, 0, 0, 0, 0, 0, 0, 0, 0, 0, 0, 0, 0, 0
0, 0, 0, 0, 0, 0, 0, 0, 0, 0, 0, 0, 0, 0, 0, 0, 0, 0, 0, 0, 0, 0, 0, 0, 0, 0, 0
0, 0, 0, 0, 0, 0, 0, 0, 0, 0, 0, 0, 0, 0, 0, 0, 0, 0, 0, 0, 0, 0, 0, 0, 0, 0, 0
0, 0, 0, 0, 0, 0, 0, 0, 0, 0, 0, 0, 0, 0, 0, 0, 0, 0, 0, 0, 0, 0, 0, 0, 0, 0, 0
0, 0, 0, 0, 0, 0, 0, 0, 0, 0, 0, 0, 0, 0, 0, 0, 0, 0, 0, 0, 0, 0, 0, 0, 0, 0, 0
0, 0, 0, 0, 0, 0, 0, 0, 0, 0, 0, 0, 0, 0, 0, 0, 0, 0, 0, 0, 0, 0, 0, 0, 0, 0, 0
0, 0, 0, 0, 0, 0, 0, 0, 0, 0, 0, 0, 0, 0, 0, 0, 0, 0, 0, 0, 0, 0, 0, 0, 0, 0, 0
0, 0, 0, 0, 0, 0, 0, 0, 0, 0, 0, 0, 0, 0, 0, 0, 0, 0, 0, 0, 0, 0, 0, 0, 0, 0, 0
0, 0, 0, 0, 0, 0, 0, 0, 0, 0, 0, 0, 0, 0, 0, 0, 0, 0, 0, 0, 0, 0, 0, 0, 0, 0, 0
0, 0, 0, 0, 0, 0, 0, 0, 0, 0, 0, 0, 0, 0, 0, 0, 0, 0, 0, 0, 0, 0, 0, 0, 0, 0, 0
1, 52, 0, 0, 0, 0, 0, 0, 0, 0, 0, 0, 0, 0, 0, 0, 0, 0, 1, 52, 0, 0, 0, 0, 0, 0, 0
0, 0, 0, 0, 0, 0, 0, 0, 0, 1, 52, 0, 0, 0, 0, 0, 0, 0, 1, 52, 0, 0, 0, 0, 0, 0, 0
0, 0, 0, 0, 0, 0, 0, 0, 0, 0, 0, 0, 0, 0, 0, 0, 0, 0, 0, 0, 0, 0, 0, 0, 0, 0, 0
0, 0, 0, 0, 0, 0, 0, 0, 0, 0, 0, 0, 0, 0, 0, 0, 0, 0, 0, 0, 0, 0, 0, 0, 0, 0, 0
0, 0, 0, 0, 0, 0, 0, 0, 0, 0, 0, 0, 0, 0, 0, 0, 0, 0, 0, 0, 0, 0, 0, 0, 0, 0, 0
5, 260, 0, 0, 0, 0, 0, 0, 0, 2, 104, 3, 228, 76, 76, 76.0, 0.0, 5776.0, 7, 364, 3, 228, 76, 76, 76.0, 0.0, 5776.0
1, 52, 0, 0, 0, 0, 0, 0, 0, 1, 52, 0, 0, 0, 0, 0, 0, 0, 2, 104, 0, 0, 0, 0, 0, 0, 0
1, 52, 0, 0, 0, 0, 0, 0, 0, 1, 52, 1, 76, 76, 76, 76.0, 0.0, 5776.0, 2, 104, 1, 76, 76, 76, 76.0, 0.0, 5776.0
1, 52, 0, 0, 0, 0, 0, 0, 0, 0, 0, 0, 0, 0, 0, 0, 0, 0, 1, 52, 0, 0, 0, 0, 0, 0, 0
0, 0, 0, 0, 0, 0, 0, 0, 0, 0, 0, 0, 0, 0, 0, 0, 0, 0, 0, 0, 0, 0, 0, 0, 0, 0, 0
0, 0, 0, 0, 0, 0, 0, 0, 0, 0, 0, 0, 0, 0, 0, 0, 0, 0, 0, 0, 0, 0, 0, 0, 0, 0, 0
0, 0, 0, 0, 0, 0, 0, 0, 0, 0, 0, 0, 0, 0, 0, 0, 0, 0, 0, 0, 0, 0, 0, 0, 0, 0, 0
0, 0, 0, 0, 0, 0, 0, 0, 0, 0, 0, 0, 0, 0, 0, 0, 0, 0, 0, 0, 0, 0, 0, 0, 0, 0, 0
184, 9568, 12, 12597, 1047, 1050, 1049.75, 0.6875, 1101975.75, 0, 0, 298, 2912482, 460, 26116, 9773.429530201342, 53134867.41953065, 148654792.20134228, 184, 9568, 310, 2925079, 460, 26116, 9435.73870967742, 53558532.41529335, 142943070.27419356
0, 0, 5, 11760, 809, 2948, 2352.0, 701304.4, 6233208.4, 0, 0, 0, 0, 0, 0, 0, 0, 0, 0, 0, 5, 11760, 809, 2948, 2352.0, 701304.4, 6233208.4
1, 52, 0, 0, 0, 0, 0, 0, 0, 3, 156, 1, 4850, 4850, 4850, 4850.0, 0.0, 23522500.0, 4, 208, 1, 4850, 4850, 4850, 4850.0, 0.0, 23522500.0
0, 0, 0, 0, 0, 0, 0, 0, 0, 0, 0, 1, 76, 76, 76, 76.0, 0.0, 5776.0, 0, 0, 1, 76, 76, 76, 76.0, 0.0, 5776.0
2, 104, 0, 0, 0, 0, 0, 0, 0, 1, 52, 0, 0, 0, 0, 0, 0, 0, 3, 156, 0, 0, 0, 0, 0, 0, 0
1, 52, 0, 0, 0, 0, 0, 0, 0, 0, 0, 1, 83, 83, 83, 83.0, 0.0, 6889.0, 1, 52, 1, 83, 83, 83, 83.0, 0.0, 6889.0
0, 0, 0, 0, 0, 0, 0, 0, 0, 0, 0, 0, 0, 0, 0, 0, 0, 0, 0, 0, 0, 0, 0, 0, 0, 0, 0
0, 0, 0, 0, 0, 0, 0, 0, 0, 0, 0, 0, 0, 0, 0, 0, 0, 0, 0, 0, 0, 0, 0, 0, 0, 0, 0
0, 0, 0, 0, 0, 0, 0, 0, 0, 0, 0, 0, 0, 0, 0, 0, 0, 0, 0, 0, 0, 0, 0, 0, 0, 0, 0
0, 0, 0, 0, 0, 0, 0, 0, 0, 0, 0, 0, 0, 0, 0, 0, 0, 0, 0, 0, 0, 0, 0, 0, 0, 0, 0
0, 0, 0, 0, 0, 0, 0, 0, 0, 0, 0, 0, 0, 0, 0, 0, 0, 0, 0, 0, 0, 0, 0, 0, 0, 0, 0
0, 0, 0, 0, 0, 0, 0, 0, 0, 0, 0, 0, 0, 0, 0, 0, 0, 0, 0, 0, 0, 0, 0, 0, 0, 0, 0
0, 0, 0, 0, 0, 0, 0, 0, 0, 0, 0, 0, 0, 0, 0, 0, 0, 0, 0, 0, 0, 0, 0, 0, 0, 0, 0
0, 0, 0, 0, 0, 0, 0, 0, 0, 0, 0, 0, 0, 0, 0, 0, 0, 0, 0, 0, 0, 0, 0, 0, 0, 0, 0
0, 0, 0, 0, 0, 0, 0, 0, 0, 0, 0, 0, 0, 0, 0, 0, 0, 0, 0, 0, 0, 0, 0, 0, 0, 0, 0
0, 0, 0, 0, 0, 0, 0, 0, 0, 0, 0, 0, 0, 0, 0, 0, 0, 0, 0, 0, 0, 0, 0, 0, 0, 0, 0
2, 104, 7, 18325, 1501, 2948, 2617.8571428571427, 296763.55102040817, 7149939.571428572, 3, 156, 0, 0, 0, 0, 0, 0, 0, 5, 260, 7, 18325, 1501, 2948, 2617.8571428571427, 296763.55102040817, 7149939.571428572
1, 52, 0, 0, 0, 0, 0, 0, 0, 2, 104, 1, 4693, 4693, 4693, 4693.0, 0.0, 22024249.0, 3, 156, 1, 4693, 4693, 4693, 4693.0, 0.0, 22024249.0
0, 0, 0, 0, 0, 0, 0, 0, 0, 0, 0, 0, 0, 0, 0, 0, 0, 0, 0, 0, 0, 0, 0, 0, 0, 0, 0
0, 0, 0, 0, 0, 0, 0, 0, 0, 0, 0, 0, 0, 0, 0, 0, 0, 0, 0, 0, 0, 0, 0, 0, 0, 0, 0
0, 0, 0, 0, 0, 0, 0, 0, 0, 0, 0, 0, 0, 0, 0, 0, 0, 0, 0, 0, 0, 0, 0, 0, 0, 0, 0
0, 0, 0, 0, 0, 0, 0, 0, 0, 0, 0, 0, 0, 0, 0, 0, 0, 0, 0, 0, 0, 0, 0, 0, 0, 0, 0
0, 0, 0, 0, 0, 0, 0, 0, 0, 0, 0, 0, 0, 0, 0, 0, 0, 0, 0, 0, 0, 0, 0, 0, 0, 0, 0
0, 0, 0, 0, 0, 0, 0, 0, 0, 0, 0, 0, 0, 0, 0, 0, 0, 0, 0, 0, 0, 0, 0, 0, 0, 0, 0
0, 0, 0, 0, 0, 0, 0, 0, 0, 0, 0, 0, 0, 0, 0, 0, 0, 0, 0, 0, 0, 0, 0, 0, 0, 0, 0
0, 0, 0, 0, 0, 0, 0, 0, 0, 0, 0, 0, 0, 0, 0, 0, 0, 0, 0, 0, 0, 0, 0, 0, 0, 0, 0
0, 0, 0, 0, 0, 0, 0, 0, 0, 0, 0, 0, 0, 0, 0, 0, 0, 0, 0, 0, 0, 0, 0, 0, 0, 0, 0
0, 0, 0, 0, 0, 0, 0, 0, 0, 0, 0, 0, 0, 0, 0, 0, 0, 0, 0, 0, 0, 0, 0, 0, 0, 0, 0
0, 0, 0, 0, 0, 0, 0, 0, 0, 0, 0, 0, 0, 0, 0, 0, 0, 0, 0, 0, 0, 0, 0, 0, 0, 0, 0
0, 0, 0, 0, 0, 0, 0, 0, 0, 0, 0, 0, 0, 0, 0, 0, 0, 0, 0, 0, 0, 0, 0, 0, 0, 0, 0
0, 0, 0, 0, 0, 0, 0, 0, 0, 0, 0, 0, 0, 0, 0, 0, 0, 0, 0, 0, 0, 0, 0, 0, 0, 0, 0
0, 0, 0, 0, 0, 0, 0, 0, 0, 0, 0, 0, 0, 0, 0, 0, 0, 0, 0, 0, 0, 0, 0, 0, 0, 0, 0
0, 0, 0, 0, 0, 0, 0, 0, 0, 0, 0, 0, 0, 0, 0, 0, 0, 0, 0, 0, 0, 0, 0, 0, 0, 0, 0
0, 0, 0, 0, 0, 0, 0, 0, 0, 0, 0, 0, 0, 0, 0, 0, 0, 0, 0, 0, 0, 0, 0, 0, 0, 0, 0
0, 0, 0, 0, 0, 0, 0, 0, 0, 0, 0, 0, 0, 0, 0, 0, 0, 0, 0, 0, 0, 0, 0, 0, 0, 0, 0
0, 0, 0, 0, 0, 0, 0, 0, 0, 0, 0, 0, 0, 0, 0, 0, 0, 0, 0, 0, 0, 0, 0, 0, 0, 0, 0
0, 0, 0, 0, 0, 0, 0, 0, 0, 0, 0, 0, 0, 0, 0, 0, 0, 0, 0, 0, 0, 0, 0, 0, 0, 0, 0
0, 0, 0, 0, 0, 0, 0, 0, 0, 0, 0, 0, 0, 0, 0, 0, 0, 0, 0, 0, 0, 0, 0, 0, 0, 0, 0
0, 0, 0, 0, 0, 0, 0, 0, 0, 0, 0, 0, 0, 0, 0, 0, 0, 0, 0, 0, 0, 0, 0, 0, 0, 0, 0
0, 0, 0, 0, 0, 0, 0, 0, 0, 0, 0, 0, 0, 0, 0, 0, 0, 0, 0, 0, 0, 0, 0, 0, 0, 0, 0
0, 0, 0, 0, 0, 0, 0, 0, 0, 0, 0, 0, 0, 0, 0, 0, 0, 0, 0, 0, 0, 0, 0, 0, 0, 0, 0
0, 0, 0, 0, 0, 0, 0, 0, 0, 0, 0, 0, 0, 0, 0, 0, 0, 0, 0, 0, 0, 0, 0, 0, 0, 0, 0
0, 0, 0, 0, 0, 0, 0, 0, 0, 0, 0, 0, 0, 0, 0, 0, 0, 0, 0, 0, 0, 0, 0, 0, 0, 0, 0
0, 0, 0, 0, 0, 0, 0, 0, 0, 0, 0, 0, 0, 0, 0, 0, 0, 0, 0, 0, 0, 0, 0, 0, 0, 0, 0
0, 0, 1, 195, 195, 195, 195.0, 0.0, 38025.0, 0, 0, 0, 0, 0, 0, 0, 0, 0, 0, 0, 1, 195, 195, 195, 195.0, 0.0, 38025.0
118, 6136, 11, 11569, 1049, 1052, 1051.7272727272727, 0.743801652892562, 1106131.0, 0, 0, 214, 2147388, 461, 26116, 10034.523364485982, 62457943.29618308, 163149602.44859812, 118, 6136, 225, 2158957, 461, 26116, 9595.364444444445, 62864137.021113425, 155227477.17777777
0, 0, 1, 195, 195, 195, 195.0, 0.0, 38025.0, 0, 0, 0, 0, 0, 0, 0, 0, 0, 0, 0, 1, 195, 195, 195, 195.0, 0.0, 38025.0
0, 0, 0, 0, 0, 0, 0, 0, 0, 0, 0, 0, 0, 0, 0, 0, 0, 0, 0, 0, 0, 0, 0, 0, 0, 0, 0
0, 0, 0, 0, 0, 0, 0, 0, 0, 0, 0, 0, 0, 0, 0, 0, 0, 0, 0, 0, 0, 0, 0, 0, 0, 0, 0
0, 0, 1, 195, 195, 195, 195.0, 0.0, 38025.0, 0, 0, 0, 0, 0, 0, 0, 0, 0, 0, 0, 1, 195, 195, 195, 195.0, 0.0, 38025.0
0, 0, 1, 68, 68, 68, 68.0, 0.0, 4624.0, 0, 0, 0, 0, 0, 0, 0, 0, 0, 0, 0, 1, 68, 68, 68, 68.0, 0.0, 4624.0
0, 0, 0, 0, 0, 0, 0, 0, 0, 0, 0, 0, 0, 0, 0, 0, 0, 0, 0, 0, 0, 0, 0, 0, 0, 0, 0
0, 0, 2, 263, 68, 195, 131.5, 4032.25, 21324.5, 0, 0, 0, 0, 0, 0, 0, 0, 0, 0, 0, 2, 263, 68, 195, 131.5, 4032.25, 21324.5
0, 0, 0, 0, 0, 0, 0, 0, 0, 0, 0, 0, 0, 0, 0, 0, 0, 0, 0, 0, 0, 0, 0, 0, 0, 0, 0
0, 0, 0, 0, 0, 0, 0, 0, 0, 0, 0, 0, 0, 0, 0, 0, 0, 0, 0, 0, 0, 0, 0, 0, 0, 0, 0
0, 0, 0, 0, 0, 0, 0, 0, 0, 0, 0, 0, 0, 0, 0, 0, 0, 0, 0, 0, 0, 0, 0, 0, 0, 0, 0
0, 0, 0, 0, 0, 0, 0, 0, 0, 0, 0, 0, 0, 0, 0, 0, 0, 0, 0, 0, 0, 0, 0, 0, 0, 0, 0
0, 0, 0, 0, 0, 0, 0, 0, 0, 0, 0, 0, 0, 0, 0, 0, 0, 0, 0, 0, 0, 0, 0, 0, 0, 0, 0
0, 0, 1, 68, 68, 68, 68.0, 0.0, 4624.0, 0, 0, 0, 0, 0, 0, 0, 0, 0, 0, 0, 1, 68, 68, 68, 68.0, 0.0, 4624.0
0, 0, 0, 0, 0, 0, 0, 0, 0, 0, 0, 0, 0, 0, 0, 0, 0, 0, 0, 0, 0, 0, 0, 0, 0, 0, 0
2, 104, 0, 0, 0, 0, 0, 0, 0, 2, 104, 0, 0, 0, 0, 0, 0, 0, 4, 208, 0, 0, 0, 0, 0, 0, 0
0, 0, 0, 0, 0, 0, 0, 0, 0, 0, 0, 0, 0, 0, 0, 0, 0, 0, 0, 0, 0, 0, 0, 0, 0, 0, 0
0, 0, 0, 0, 0, 0, 0, 0, 0, 0, 0, 0, 0, 0, 0, 0, 0, 0, 0, 0, 0, 0, 0, 0, 0, 0, 0
0, 0, 0, 0, 0, 0, 0, 0, 0, 0, 0, 0, 0, 0, 0, 0, 0, 0, 0, 0, 0, 0, 0, 0, 0, 0, 0
0, 0, 0, 0, 0, 0, 0, 0, 0, 0, 0, 0, 0, 0, 0, 0, 0, 0, 0, 0, 0, 0, 0, 0, 0, 0, 0
0, 0, 0, 0, 0, 0, 0, 0, 0, 0, 0, 0, 0, 0, 0, 0, 0, 0, 0, 0, 0, 0, 0, 0, 0, 0, 0
0, 0, 0, 0, 0, 0, 0, 0, 0, 0, 0, 0, 0, 0, 0, 0, 0, 0, 0, 0, 0, 0, 0, 0, 0, 0, 0
0, 0, 0, 0, 0, 0, 0, 0, 0, 0, 0, 0, 0, 0, 0, 0, 0, 0, 0, 0, 0, 0, 0, 0, 0, 0, 0
0, 0, 0, 0, 0, 0, 0, 0, 0, 0, 0, 0, 0, 0, 0, 0, 0, 0, 0, 0, 0, 0, 0, 0, 0, 0, 0
0, 0, 0, 0, 0, 0, 0, 0, 0, 0, 0, 0, 0, 0, 0, 0, 0, 0, 0, 0, 0, 0, 0, 0, 0, 0, 0
0, 0, 0, 0, 0, 0, 0, 0, 0, 0, 0, 0, 0, 0, 0, 0, 0, 0, 0, 0, 0, 0, 0, 0, 0, 0, 0
0, 0, 0, 0, 0, 0, 0, 0, 0, 0, 0, 0, 0, 0, 0, 0, 0, 0, 0, 0, 0, 0, 0, 0, 0, 0, 0
0, 0, 0, 0, 0, 0, 0, 0, 0, 0, 0, 0, 0, 0, 0, 0, 0, 0, 0, 0, 0, 0, 0, 0, 0, 0, 0
0, 0, 0, 0, 0, 0, 0, 0, 0, 0, 0, 0, 0, 0, 0, 0, 0, 0, 0, 0, 0, 0, 0, 0, 0, 0, 0
0, 0, 0, 0, 0, 0, 0, 0, 0, 0, 0, 0, 0, 0, 0, 0, 0, 0, 0, 0, 0, 0, 0, 0, 0, 0, 0
0, 0, 0, 0, 0, 0, 0, 0, 0, 0, 0, 0, 0, 0, 0, 0, 0, 0, 0, 0, 0, 0, 0, 0, 0, 0, 0
0, 0, 0, 0, 0, 0, 0, 0, 0, 0, 0, 0, 0, 0, 0, 0, 0, 0, 0, 0, 0, 0, 0, 0, 0, 0, 0
0, 0, 0, 0, 0, 0, 0, 0, 0, 0, 0, 0, 0, 0, 0, 0, 0, 0, 0, 0, 0, 0, 0, 0, 0, 0, 0
0, 0, 0, 0, 0, 0, 0, 0, 0, 0, 0, 0, 0, 0, 0, 0, 0, 0, 0, 0, 0, 0, 0, 0, 0, 0, 0
0, 0, 0, 0, 0, 0, 0, 0, 0, 0, 0, 0, 0, 0, 0, 0, 0, 0, 0, 0, 0, 0, 0, 0, 0, 0, 0
0, 0, 0, 0, 0, 0, 0, 0, 0, 0, 0, 0, 0, 0, 0, 0, 0, 0, 0, 0, 0, 0, 0, 0, 0, 0, 0
0, 0, 0, 0, 0, 0, 0, 0, 0, 0, 0, 0, 0, 0, 0, 0, 0, 0, 0, 0, 0, 0, 0, 0, 0, 0, 0
0, 0, 0, 0, 0, 0, 0, 0, 0, 0, 0, 0, 0, 0, 0, 0, 0, 0, 0, 0, 0, 0, 0, 0, 0, 0, 0
0, 0, 0, 0, 0, 0, 0, 0, 0, 0, 0, 0, 0, 0, 0, 0, 0, 0, 0, 0, 0, 0, 0, 0, 0, 0, 0
0, 0, 0, 0, 0, 0, 0, 0, 0, 0, 0, 0, 0, 0, 0, 0, 0, 0, 0, 0, 0, 0, 0, 0, 0, 0, 0
0, 0, 0, 0, 0, 0, 0, 0, 0, 0, 0, 0, 0, 0, 0, 0, 0, 0, 0, 0, 0, 0, 0, 0, 0, 0, 0
0, 0, 0, 0, 0, 0, 0, 0, 0, 0, 0, 0, 0, 0, 0, 0, 0, 0, 0, 0, 0, 0, 0, 0, 0, 0, 0
0, 0, 0, 0, 0, 0, 0, 0, 0, 0, 0, 0, 0, 0, 0, 0, 0, 0, 0, 0, 0, 0, 0, 0, 0, 0, 0
0, 0, 0, 0, 0, 0, 0, 0, 0, 0, 0, 0, 0, 0, 0, 0, 0, 0, 0, 0, 0, 0, 0, 0, 0, 0, 0
101, 5252, 10, 10517, 1049, 1052, 1051.7, 0.8099999999999999, 1106073.7, 0, 0, 156, 1891909, 460, 26116, 12127.621794871795, 49844240.47875574, 196923450.87820512, 101, 5252, 166, 1902426, 460, 26116, 11460.397590361446, 51987780.507281736, 185127223.33734939
0, 0, 0, 0, 0, 0, 0, 0, 0, 0, 0, 0, 0, 0, 0, 0, 0, 0, 0, 0, 0, 0, 0, 0, 0, 0, 0
0, 0, 0, 0, 0, 0, 0, 0, 0, 0, 0, 0, 0, 0, 0, 0, 0, 0, 0, 0, 0, 0, 0, 0, 0, 0, 0
0, 0, 0, 0, 0, 0, 0, 0, 0, 0, 0, 0, 0, 0, 0, 0, 0, 0, 0, 0, 0, 0, 0, 0, 0, 0, 0
0, 0, 0, 0, 0, 0, 0, 0, 0, 0, 0, 0, 0, 0, 0, 0, 0, 0, 0, 0, 0, 0, 0, 0, 0, 0, 0
0, 0, 0, 0, 0, 0, 0, 0, 0, 0, 0, 0, 0, 0, 0, 0, 0, 0, 0, 0, 0, 0, 0, 0, 0, 0, 0
0, 0, 0, 0, 0, 0, 0, 0, 0, 0, 0, 0, 0, 0, 0, 0, 0, 0, 0, 0, 0, 0, 0, 0, 0, 0, 0
0, 0, 0, 0, 0, 0, 0, 0, 0, 0, 0, 0, 0, 0, 0, 0, 0, 0, 0, 0, 0, 0, 0, 0, 0, 0, 0
0, 0, 0, 0, 0, 0, 0, 0, 0, 0, 0, 0, 0, 0, 0, 0, 0, 0, 0, 0, 0, 0, 0, 0, 0, 0, 0
0, 0, 0, 0, 0, 0, 0, 0, 0, 0, 0, 0, 0, 0, 0, 0, 0, 0, 0, 0, 0, 0, 0, 0, 0, 0, 0
0, 0, 0, 0, 0, 0, 0, 0, 0, 0, 0, 0, 0, 0, 0, 0, 0, 0, 0, 0, 0, 0, 0, 0, 0, 0, 0
0, 0, 0, 0, 0, 0, 0, 0, 0, 0, 0, 0, 0, 0, 0, 0, 0, 0, 0, 0, 0, 0, 0, 0, 0, 0, 0
1, 52, 0, 0, 0, 0, 0, 0, 0, 1, 52, 0, 0, 0, 0, 0, 0, 0, 2, 104, 0, 0, 0, 0, 0, 0, 0
0, 0, 0, 0, 0, 0, 0, 0, 0, 0, 0, 0, 0, 0, 0, 0, 0, 0, 0, 0, 0, 0, 0, 0, 0, 0, 0
0, 0, 0, 0, 0, 0, 0, 0, 0, 0, 0, 0, 0, 0, 0, 0, 0, 0, 0, 0, 0, 0, 0, 0, 0, 0, 0
0, 0, 0, 0, 0, 0, 0, 0, 0, 0, 0, 0, 0, 0, 0, 0, 0, 0, 0, 0, 0, 0, 0, 0, 0, 0, 0
0, 0, 0, 0, 0, 0, 0, 0, 0, 0, 0, 0, 0, 0, 0, 0, 0, 0, 0, 0, 0, 0, 0, 0, 0, 0, 0
0, 0, 0, 0, 0, 0, 0, 0, 0, 0, 0, 0, 0, 0, 0, 0, 0, 0, 0, 0, 0, 0, 0, 0, 0, 0, 0
0, 0, 0, 0, 0, 0, 0, 0, 0, 0, 0, 0, 0, 0, 0, 0, 0, 0, 0, 0, 0, 0, 0, 0, 0, 0, 0
0, 0, 0, 0, 0, 0, 0, 0, 0, 0, 0, 0, 0, 0, 0, 0, 0, 0, 0, 0, 0, 0, 0, 0, 0, 0, 0
0, 0, 0, 0, 0, 0, 0, 0, 0, 0, 0, 0, 0, 0, 0, 0, 0, 0, 0, 0, 0, 0, 0, 0, 0, 0, 0
0, 0, 0, 0, 0, 0, 0, 0, 0, 0, 0, 0, 0, 0, 0, 0, 0, 0, 0, 0, 0, 0, 0, 0, 0, 0, 0
0, 0, 0, 0, 0, 0, 0, 0, 0, 0, 0, 0, 0, 0, 0, 0, 0, 0, 0, 0, 0, 0, 0, 0, 0, 0, 0
0, 0, 0, 0, 0, 0, 0, 0, 0, 0, 0, 0, 0, 0, 0, 0, 0, 0, 0, 0, 0, 0, 0, 0, 0, 0, 0
0, 0, 0, 0, 0, 0, 0, 0, 0, 0, 0, 0, 0, 0, 0, 0, 0, 0, 0, 0, 0, 0, 0, 0, 0, 0, 0
0, 0, 0, 0, 0, 0, 0, 0, 0, 0, 0, 0, 0, 0, 0, 0, 0, 0, 0, 0, 0, 0, 0, 0, 0, 0, 0
0, 0, 0, 0, 0, 0, 0, 0, 0, 0, 0, 0, 0, 0, 0, 0, 0, 0, 0, 0, 0, 0, 0, 0, 0, 0, 0
0, 0, 0, 0, 0, 0, 0, 0, 0, 0, 0, 0, 0, 0, 0, 0, 0, 0, 0, 0, 0, 0, 0, 0, 0, 0, 0
1, 52, 0, 0, 0, 0, 0, 0, 0, 0, 0, 0, 0, 0, 0, 0, 0, 0, 1, 52, 0, 0, 0, 0, 0, 0, 0
0, 0, 0, 0, 0, 0, 0, 0, 0, 1, 52, 0, 0, 0, 0, 0, 0, 0, 1, 52, 0, 0, 0, 0, 0, 0, 0
0, 0, 0, 0, 0, 0, 0, 0, 0, 0, 0, 0, 0, 0, 0, 0, 0, 0, 0, 0, 0, 0, 0, 0, 0, 0, 0
0, 0, 0, 0, 0, 0, 0, 0, 0, 0, 0, 0, 0, 0, 0, 0, 0, 0, 0, 0, 0, 0, 0, 0, 0, 0, 0
0, 0, 0, 0, 0, 0, 0, 0, 0, 0, 0, 0, 0, 0, 0, 0, 0, 0, 0, 0, 0, 0, 0, 0, 0, 0, 0
0, 0, 0, 0, 0, 0, 0, 0, 0, 0, 0, 0, 0, 0, 0, 0, 0, 0, 0, 0, 0, 0, 0, 0, 0, 0, 0
0, 0, 0, 0, 0, 0, 0, 0, 0, 0, 0, 0, 0, 0, 0, 0, 0, 0, 0, 0, 0, 0, 0, 0, 0, 0, 0
0, 0, 0, 0, 0, 0, 0, 0, 0, 0, 0, 0, 0, 0, 0, 0, 0, 0, 0, 0, 0, 0, 0, 0, 0, 0, 0
0, 0, 0, 0, 0, 0, 0, 0, 0, 0, 0, 0, 0, 0, 0, 0, 0, 0, 0, 0, 0, 0, 0, 0, 0, 0, 0
0, 0, 0, 0, 0, 0, 0, 0, 0, 0, 0, 0, 0, 0, 0, 0, 0, 0, 0, 0, 0, 0, 0, 0, 0, 0, 0
0, 0, 1, 200, 200, 200, 200.0, 0.0, 40000.0, 0, 0, 0, 0, 0, 0, 0, 0, 0, 0, 0, 1, 200, 200, 200, 200.0, 0.0, 40000.0
0, 0, 0, 0, 0, 0, 0, 0, 0, 0, 0, 0, 0, 0, 0, 0, 0, 0, 0, 0, 0, 0, 0, 0, 0, 0, 0
0, 0, 0, 0, 0, 0, 0, 0, 0, 0, 0, 0, 0, 0, 0, 0, 0, 0, 0, 0, 0, 0, 0, 0, 0, 0, 0
0, 0, 1, 200, 200, 200, 200.0, 0.0, 40000.0, 0, 0, 0, 0, 0, 0, 0, 0, 0, 0, 0, 1, 200, 200, 200, 200.0, 0.0, 40000.0
0, 0, 1, 200, 200, 200, 200.0, 0.0, 40000.0, 0, 0, 0, 0, 0, 0, 0, 0, 0, 0, 0, 1, 200, 200, 200, 200.0, 0.0, 40000.0
14, 728, 3, 3150, 1048, 1051, 1050.0, 2.0, 1102502.0, 0, 0, 24, 252156, 460, 23220, 10506.5, 67944943.33333333, 178331485.58333334, 14, 728, 27, 255306, 460, 23220, 9455.777777777777, 68899068.84659746, 158639376.2962963
49, 2548, 7, 6506, 200, 1051, 929.4285714285714, 88677.67346938777, 952515.1428571428, 0, 0, 91, 991957, 460, 23220, 10900.626373626374, 61854883.94831541, 180678539.2857143, 49, 2548, 98, 998463, 200, 23220, 10188.397959183674, 63113260.980487674, 167840966.13265306
0, 0, 1, 200, 200, 200, 200.0, 0.0, 40000.0, 0, 0, 0, 0, 0, 0, 0, 0, 0, 0, 0, 1, 200, 200, 200, 200.0, 0.0, 40000.0
0, 0, 1, 200, 200, 200, 200.0, 0.0, 40000.0, 0, 0, 0, 0, 0, 0, 0, 0, 0, 0, 0, 1, 200, 200, 200, 200.0, 0.0, 40000.0
0, 0, 0, 0, 0, 0, 0, 0, 0, 0, 0, 0, 0, 0, 0, 0, 0, 0, 0, 0, 0, 0, 0, 0, 0, 0, 0
0, 0, 1, 200, 200, 200, 200.0, 0.0, 40000.0, 0, 0, 0, 0, 0, 0, 0, 0, 0, 0, 0, 1, 200, 200, 200, 200.0, 0.0, 40000.0
0, 0, 0, 0, 0, 0, 0, 0, 0, 0, 0, 0, 0, 0, 0, 0, 0, 0, 0, 0, 0, 0, 0, 0, 0, 0, 0
0, 0, 1, 200, 200, 200, 200.0, 0.0, 40000.0, 0, 0, 0, 0, 0, 0, 0, 0, 0, 0, 0, 1, 200, 200, 200, 200.0, 0.0, 40000.0
0, 0, 0, 0, 0, 0, 0, 0, 0, 0, 0, 0, 0, 0, 0, 0, 0, 0, 0, 0, 0, 0, 0, 0, 0, 0, 0
0, 0, 1, 200, 200, 200, 200.0, 0.0, 40000.0, 0, 0, 0, 0, 0, 0, 0, 0, 0, 0, 0, 1, 200, 200, 200, 200.0, 0.0, 40000.0
1, 52, 0, 0, 0, 0, 0, 0, 0, 0, 0, 0, 0, 0, 0, 0, 0, 0, 1, 52, 0, 0, 0, 0, 0, 0, 0
0, 0, 0, 0, 0, 0, 0, 0, 0, 1, 52, 0, 0, 0, 0, 0, 0, 0, 1, 52, 0, 0, 0, 0, 0, 0, 0
0, 0, 1, 200, 200, 200, 200.0, 0.0, 40000.0, 0, 0, 0, 0, 0, 0, 0, 0, 0, 0, 0, 1, 200, 200, 200, 200.0, 0.0, 40000.0
0, 0, 0, 0, 0, 0, 0, 0, 0, 0, 0, 0, 0, 0, 0, 0, 0, 0, 0, 0, 0, 0, 0, 0, 0, 0, 0
0, 0, 1, 200, 200, 200, 200.0, 0.0, 40000.0, 0, 0, 0, 0, 0, 0, 0, 0, 0, 0, 0, 1, 200, 200, 200, 200.0, 0.0, 40000.0
0, 0, 0, 0, 0, 0, 0, 0, 0, 0, 0, 0, 0, 0, 0, 0, 0, 0, 0, 0, 0, 0, 0, 0, 0, 0, 0
0, 0, 0, 0, 0, 0, 0, 0, 0, 0, 0, 0, 0, 0, 0, 0, 0, 0, 0, 0, 0, 0, 0, 0, 0, 0, 0
0, 0, 1, 200, 200, 200, 200.0, 0.0, 40000.0, 0, 0, 0, 0, 0, 0, 0, 0, 0, 0, 0, 1, 200, 200, 200, 200.0, 0.0, 40000.0
0, 0, 0, 0, 0, 0, 0, 0, 0, 0, 0, 0, 0, 0, 0, 0, 0, 0, 0, 0, 0, 0, 0, 0, 0, 0, 0
0, 0, 0, 0, 0, 0, 0, 0, 0, 0, 0, 0, 0, 0, 0, 0, 0, 0, 0, 0, 0, 0, 0, 0, 0, 0, 0
0, 0, 0, 0, 0, 0, 0, 0, 0, 0, 0, 0, 0, 0, 0, 0, 0, 0, 0, 0, 0, 0, 0, 0, 0, 0, 0
0, 0, 0, 0, 0, 0, 0, 0, 0, 0, 0, 0, 0, 0, 0, 0, 0, 0, 0, 0, 0, 0, 0, 0, 0, 0, 0
0, 0, 0, 0, 0, 0, 0, 0, 0, 0, 0, 0, 0, 0, 0, 0, 0, 0, 0, 0, 0, 0, 0, 0, 0, 0, 0
0, 0, 0, 0, 0, 0, 0, 0, 0, 0, 0, 0, 0, 0, 0, 0, 0, 0, 0, 0, 0, 0, 0, 0, 0, 0, 0
0, 0, 0, 0, 0, 0, 0, 0, 0, 0, 0, 0, 0, 0, 0, 0, 0, 0, 0, 0, 0, 0, 0, 0, 0, 0, 0
0, 0, 0, 0, 0, 0, 0, 0, 0, 0, 0, 0, 0, 0, 0, 0, 0, 0, 0, 0, 0, 0, 0, 0, 0, 0, 0
0, 0, 0, 0, 0, 0, 0, 0, 0, 0, 0, 0, 0, 0, 0, 0, 0, 0, 0, 0, 0, 0, 0, 0, 0, 0, 0
0, 0, 0, 0, 0, 0, 0, 0, 0, 0, 0, 0, 0, 0, 0, 0, 0, 0, 0, 0, 0, 0, 0, 0, 0, 0, 0
0, 0, 0, 0, 0, 0, 0, 0, 0, 0, 0, 0, 0, 0, 0, 0, 0, 0, 0, 0, 0, 0, 0, 0, 0, 0, 0
0, 0, 0, 0, 0, 0, 0, 0, 0, 0, 0, 0, 0, 0, 0, 0, 0, 0, 0, 0, 0, 0, 0, 0, 0, 0, 0
0, 0, 0, 0, 0, 0, 0, 0, 0, 0, 0, 0, 0, 0, 0, 0, 0, 0, 0, 0, 0, 0, 0, 0, 0, 0, 0
0, 0, 0, 0, 0, 0, 0, 0, 0, 0, 0, 0, 0, 0, 0, 0, 0, 0, 0, 0, 0, 0, 0, 0, 0, 0, 0
0, 0, 0, 0, 0, 0, 0, 0, 0, 0, 0, 0, 0, 0, 0, 0, 0, 0, 0, 0, 0, 0, 0, 0, 0, 0, 0
0, 0, 0, 0, 0, 0, 0, 0, 0, 0, 0, 0, 0, 0, 0, 0, 0, 0, 0, 0, 0, 0, 0, 0, 0, 0, 0
0, 0, 0, 0, 0, 0, 0, 0, 0, 0, 0, 0, 0, 0, 0, 0, 0, 0, 0, 0, 0, 0, 0, 0, 0, 0, 0
0, 0, 0, 0, 0, 0, 0, 0, 0, 0, 0, 0, 0, 0, 0, 0, 0, 0, 0, 0, 0, 0, 0, 0, 0, 0, 0
0, 0, 5, 11760, 809, 2948, 2352.0, 701304.4, 6233208.4, 0, 0, 0, 0, 0, 0, 0, 0, 0, 0, 0, 5, 11760, 809, 2948, 2352.0, 701304.4, 6233208.4
1, 52, 0, 0, 0, 0, 0, 0, 0, 4, 208, 1, 4858, 4858, 4858, 4858.0, 0.0, 23600164.0, 5, 260, 1, 4858, 4858, 4858, 4858.0, 0.0, 23600164.0
0, 0, 0, 0, 0, 0, 0, 0, 0, 0, 0, 0, 0, 0, 0, 0, 0, 0, 0, 0, 0, 0, 0, 0, 0, 0, 0
0, 0, 0, 0, 0, 0, 0, 0, 0, 0, 0, 0, 0, 0, 0, 0, 0, 0, 0, 0, 0, 0, 0, 0, 0, 0, 0
0, 0, 0, 0, 0, 0, 0, 0, 0, 0, 0, 0, 0, 0, 0, 0, 0, 0, 0, 0, 0, 0, 0, 0, 0, 0, 0
0, 0, 0, 0, 0, 0, 0, 0, 0, 0, 0, 0, 0, 0, 0, 0, 0, 0, 0, 0, 0, 0, 0, 0, 0, 0, 0
0, 0, 0, 0, 0, 0, 0, 0, 0, 0, 0, 0, 0, 0, 0, 0, 0, 0, 0, 0, 0, 0, 0, 0, 0, 0, 0
0, 0, 0, 0, 0, 0, 0, 0, 0, 0, 0, 0, 0, 0, 0, 0, 0, 0, 0, 0, 0, 0, 0, 0, 0, 0, 0
0, 0, 0, 0, 0, 0, 0, 0, 0, 0, 0, 0, 0, 0, 0, 0, 0, 0, 0, 0, 0, 0, 0, 0, 0, 0, 0
96, 4992, 10, 10509, 1048, 1053, 1050.9, 1.2900000000000003, 1104392.1, 0, 0, 197, 1892914, 460, 26116, 9608.700507614214, 60363061.99659872, 152690187.44162437, 96, 4992, 207, 1903423, 460, 26116, 9195.280193236715, 60636827.288519494, 145367202.15942028
0, 0, 0, 0, 0, 0, 0, 0, 0, 0, 0, 0, 0, 0, 0, 0, 0, 0, 0, 0, 0, 0, 0, 0, 0, 0, 0
0, 0, 0, 0, 0, 0, 0, 0, 0, 0, 0, 0, 0, 0, 0, 0, 0, 0, 0, 0, 0, 0, 0, 0, 0, 0, 0
0, 0, 1, 200, 200, 200, 200.0, 0.0, 40000.0, 0, 0, 0, 0, 0, 0, 0, 0, 0, 0, 0, 1, 200, 200, 200, 200.0, 0.0, 40000.0
0, 0, 0, 0, 0, 0, 0, 0, 0, 0, 0, 0, 0, 0, 0, 0, 0, 0, 0, 0, 0, 0, 0, 0, 0, 0, 0
0, 0, 1, 200, 200, 200, 200.0, 0.0, 40000.0, 0, 0, 0, 0, 0, 0, 0, 0, 0, 0, 0, 1, 200, 200, 200, 200.0, 0.0, 40000.0
0, 0, 5, 12821, 1893, 2948, 2564.2, 224601.76, 6799723.4, 0, 0, 0, 0, 0, 0, 0, 0, 0, 0, 0, 5, 12821, 1893, 2948, 2564.2, 224601.76, 6799723.4
1, 52, 0, 0, 0, 0, 0, 0, 0, 3, 156, 1, 4699, 4699, 4699, 4699.0, 0.0, 22080601.0, 4, 208, 1, 4699, 4699, 4699, 4699.0, 0.0, 22080601.0
0, 0, 1, 200, 200, 200, 200.0, 0.0, 40000.0, 0, 0, 0, 0, 0, 0, 0, 0, 0, 0, 0, 1, 200, 200, 200, 200.0, 0.0, 40000.0
2, 104, 0, 0, 0, 0, 0, 0, 0, 2, 104, 0, 0, 0, 0, 0, 0, 0, 4, 208, 0, 0, 0, 0, 0, 0, 0
0, 0, 0, 0, 0, 0, 0, 0, 0, 0, 0, 0, 0, 0, 0, 0, 0, 0, 0, 0, 0, 0, 0, 0, 0, 0, 0
0, 0, 1, 200, 200, 200, 200.0, 0.0, 40000.0, 0, 0, 0, 0, 0, 0, 0, 0, 0, 0, 0, 1, 200, 200, 200, 200.0, 0.0, 40000.0
0, 0, 0, 0, 0, 0, 0, 0, 0, 0, 0, 0, 0, 0, 0, 0, 0, 0, 0, 0, 0, 0, 0, 0, 0, 0, 0
0, 0, 0, 0, 0, 0, 0, 0, 0, 0, 0, 0, 0, 0, 0, 0, 0, 0, 0, 0, 0, 0, 0, 0, 0, 0, 0
0, 0, 0, 0, 0, 0, 0, 0, 0, 0, 0, 0, 0, 0, 0, 0, 0, 0, 0, 0, 0, 0, 0, 0, 0, 0, 0
0, 0, 0, 0, 0, 0, 0, 0, 0, 0, 0, 0, 0, 0, 0, 0, 0, 0, 0, 0, 0, 0, 0, 0, 0, 0, 0
0, 0, 0, 0, 0, 0, 0, 0, 0, 0, 0, 0, 0, 0, 0, 0, 0, 0, 0, 0, 0, 0, 0, 0, 0, 0, 0
0, 0, 0, 0, 0, 0, 0, 0, 0, 0, 0, 0, 0, 0, 0, 0, 0, 0, 0, 0, 0, 0, 0, 0, 0, 0, 0
0, 0, 0, 0, 0, 0, 0, 0, 0, 0, 0, 0, 0, 0, 0, 0, 0, 0, 0, 0, 0, 0, 0, 0, 0, 0, 0
0, 0, 0, 0, 0, 0, 0, 0, 0, 0, 0, 0, 0, 0, 0, 0, 0, 0, 0, 0, 0, 0, 0, 0, 0, 0, 0
0, 0, 0, 0, 0, 0, 0, 0, 0, 0, 0, 0, 0, 0, 0, 0, 0, 0, 0, 0, 0, 0, 0, 0, 0, 0, 0
0, 0, 0, 0, 0, 0, 0, 0, 0, 0, 0, 0, 0, 0, 0, 0, 0, 0, 0, 0, 0, 0, 0, 0, 0, 0, 0
0, 0, 0, 0, 0, 0, 0, 0, 0, 0, 0, 0, 0, 0, 0, 0, 0, 0, 0, 0, 0, 0, 0, 0, 0, 0, 0
0, 0, 0, 0, 0, 0, 0, 0, 0, 0, 0, 0, 0, 0, 0, 0, 0, 0, 0, 0, 0, 0, 0, 0, 0, 0, 0
0, 0, 0, 0, 0, 0, 0, 0, 0, 0, 0, 0, 0, 0, 0, 0, 0, 0, 0, 0, 0, 0, 0, 0, 0, 0, 0
0, 0, 0, 0, 0, 0, 0, 0, 0, 0, 0, 0, 0, 0, 0, 0, 0, 0, 0, 0, 0, 0, 0, 0, 0, 0, 0
0, 0, 0, 0, 0, 0, 0, 0, 0, 0, 0, 0, 0, 0, 0, 0, 0, 0, 0, 0, 0, 0, 0, 0, 0, 0, 0
0, 0, 0, 0, 0, 0, 0, 0, 0, 0, 0, 0, 0, 0, 0, 0, 0, 0, 0, 0, 0, 0, 0, 0, 0, 0, 0
0, 0, 0, 0, 0, 0, 0, 0, 0, 0, 0, 0, 0, 0, 0, 0, 0, 0, 0, 0, 0, 0, 0, 0, 0, 0, 0
0, 0, 0, 0, 0, 0, 0, 0, 0, 0, 0, 0, 0, 0, 0, 0, 0, 0, 0, 0, 0, 0, 0, 0, 0, 0, 0
0, 0, 0, 0, 0, 0, 0, 0, 0, 0, 0, 0, 0, 0, 0, 0, 0, 0, 0, 0, 0, 0, 0, 0, 0, 0, 0
0, 0, 1, 195, 195, 195, 195.0, 0.0, 38025.0, 0, 0, 0, 0, 0, 0, 0, 0, 0, 0, 0, 1, 195, 195, 195, 195.0, 0.0, 38025.0
0, 0, 3, 585, 195, 195, 195.0, 0.0, 38025.0, 0, 0, 0, 0, 0, 0, 0, 0, 0, 0, 0, 3, 585, 195, 195, 195.0, 0.0, 38025.0
0, 0, 0, 0, 0, 0, 0, 0, 0, 0, 0, 0, 0, 0, 0, 0, 0, 0, 0, 0, 0, 0, 0, 0, 0, 0, 0
0, 0, 4, 780, 195, 195, 195.0, 0.0, 38025.0, 0, 0, 0, 0, 0, 0, 0, 0, 0, 0, 0, 4, 780, 195, 195, 195.0, 0.0, 38025.0
0, 0, 0, 0, 0, 0, 0, 0, 0, 0, 0, 0, 0, 0, 0, 0, 0, 0, 0, 0, 0, 0, 0, 0, 0, 0, 0
0, 0, 0, 0, 0, 0, 0, 0, 0, 0, 0, 0, 0, 0, 0, 0, 0, 0, 0, 0, 0, 0, 0, 0, 0, 0, 0
0, 0, 10, 1950, 195, 195, 195.0, 0.0, 38025.0, 0, 0, 0, 0, 0, 0, 0, 0, 0, 0, 0, 10, 1950, 195, 195, 195.0, 0.0, 38025.0
0, 0, 3, 585, 195, 195, 195.0, 0.0, 38025.0, 0, 0, 0, 0, 0, 0, 0, 0, 0, 0, 0, 3, 585, 195, 195, 195.0, 0.0, 38025.0
0, 0, 5, 975, 195, 195, 195.0, 0.0, 38025.0, 0, 0, 0, 0, 0, 0, 0, 0, 0, 0, 0, 5, 975, 195, 195, 195.0, 0.0, 38025.0
0, 0, 9, 1755, 195, 195, 195.0, 0.0, 38025.0, 0, 0, 0, 0, 0, 0, 0, 0, 0, 0, 0, 9, 1755, 195, 195, 195.0, 0.0, 38025.0
0, 0, 3, 585, 195, 195, 195.0, 0.0, 38025.0, 0, 0, 0, 0, 0, 0, 0, 0, 0, 0, 0, 3, 585, 195, 195, 195.0, 0.0, 38025.0
0, 0, 7, 1365, 195, 195, 195.0, 0.0, 38025.0, 0, 0, 0, 0, 0, 0, 0, 0, 0, 0, 0, 7, 1365, 195, 195, 195.0, 0.0, 38025.0
0, 0, 5, 975, 195, 195, 195.0, 0.0, 38025.0, 0, 0, 0, 0, 0, 0, 0, 0, 0, 0, 0, 5, 975, 195, 195, 195.0, 0.0, 38025.0
68, 3536, 7, 3930, 195, 1051, 561.4285714285714, 179027.38775510204, 494229.4285714286, 0, 0, 93, 932782, 461, 24668, 10029.913978494624, 55076012.573245466, 155675186.98924732, 68, 3536, 100, 936712, 195, 24668, 9367.12, 56218630.04273939, 144812519.96
0, 0, 9, 1755, 195, 195, 195.0, 0.0, 38025.0, 0, 0, 0, 0, 0, 0, 0, 0, 0, 0, 0, 9, 1755, 195, 195, 195.0, 0.0, 38025.0
0, 0, 3, 585, 195, 195, 195.0, 0.0, 38025.0, 0, 0, 0, 0, 0, 0, 0, 0, 0, 0, 0, 3, 585, 195, 195, 195.0, 0.0, 38025.0
0, 0, 5, 975, 195, 195, 195.0, 0.0, 38025.0, 0, 0, 0, 0, 0, 0, 0, 0, 0, 0, 0, 5, 975, 195, 195, 195.0, 0.0, 38025.0
0, 0, 3, 458, 68, 195, 152.66666666666666, 3584.222222222222, 26891.333333333332, 0, 0, 0, 0, 0, 0, 0, 0, 0, 0, 0, 3, 458, 68, 195, 152.66666666666666, 3584.2222222222226, 26891.333333333332
0, 0, 1, 195, 195, 195, 195.0, 0.0, 38025.0, 0, 0, 0, 0, 0, 0, 0, 0, 0, 0, 0, 1, 195, 195, 195, 195.0, 0.0, 38025.0
0, 0, 3, 458, 68, 195, 152.66666666666666, 3584.222222222222, 26891.333333333332, 0, 0, 0, 0, 0, 0, 0, 0, 0, 0, 0, 3, 458, 68, 195, 152.66666666666666, 3584.222222222222, 26891.333333333332
0, 0, 1, 195, 195, 195, 195.0, 0.0, 38025.0, 0, 0, 0, 0, 0, 0, 0, 0, 0, 0, 0, 1, 195, 195, 195, 195.0, 0.0, 38025.0
0, 0, 1, 195, 195, 195, 195.0, 0.0, 38025.0, 0, 0, 0, 0, 0, 0, 0, 0, 0, 0, 0, 1, 195, 195, 195, 195.0, 0.0, 38025.0
0, 0, 1, 195, 195, 195, 195.0, 0.0, 38025.0, 0, 0, 0, 0, 0, 0, 0, 0, 0, 0, 0, 1, 195, 195, 195, 195.0, 0.0, 38025.0
1, 52, 1, 195, 195, 195, 195.0, 0.0, 38025.0, 1, 52, 0, 0, 0, 0, 0, 0, 0, 2, 104, 1, 195, 195, 195, 195.0, 0.0, 38025.0
0, 0, 0, 0, 0, 0, 0, 0, 0, 0, 0, 0, 0, 0, 0, 0, 0, 0, 0, 0, 0, 0, 0, 0, 0, 0, 0
0, 0, 1, 68, 68, 68, 68.0, 0.0, 4624.0, 0, 0, 0, 0, 0, 0, 0, 0, 0, 0, 0, 1, 68, 68, 68, 68.0, 0.0, 4624.0
0, 0, 0, 0, 0, 0, 0, 0, 0, 0, 0, 0, 0, 0, 0, 0, 0, 0, 0, 0, 0, 0, 0, 0, 0, 0, 0
0, 0, 1, 195, 195, 195, 195.0, 0.0, 38025.0, 0, 0, 0, 0, 0, 0, 0, 0, 0, 0, 0, 1, 195, 195, 195, 195.0, 0.0, 38025.0
0, 0, 0, 0, 0, 0, 0, 0, 0, 0, 0, 0, 0, 0, 0, 0, 0, 0, 0, 0, 0, 0, 0, 0, 0, 0, 0
0, 0, 0, 0, 0, 0, 0, 0, 0, 0, 0, 0, 0, 0, 0, 0, 0, 0, 0, 0, 0, 0, 0, 0, 0, 0, 0
0, 0, 1, 195, 195, 195, 195.0, 0.0, 38025.0, 0, 0, 0, 0, 0, 0, 0, 0, 0, 0, 0, 1, 195, 195, 195, 195.0, 0.0, 38025.0
0, 0, 0, 0, 0, 0, 0, 0, 0, 0, 0, 0, 0, 0, 0, 0, 0, 0, 0, 0, 0, 0, 0, 0, 0, 0, 0
0, 0, 0, 0, 0, 0, 0, 0, 0, 0, 0, 0, 0, 0, 0, 0, 0, 0, 0, 0, 0, 0, 0, 0, 0, 0, 0
0, 0, 1, 195, 195, 195, 195.0, 0.0, 38025.0, 0, 0, 0, 0, 0, 0, 0, 0, 0, 0, 0, 1, 195, 195, 195, 195.0, 0.0, 38025.0
0, 0, 0, 0, 0, 0, 0, 0, 0, 0, 0, 0, 0, 0, 0, 0, 0, 0, 0, 0, 0, 0, 0, 0, 0, 0, 0
1, 52, 1, 195, 195, 195, 195.0, 0.0, 38025.0, 1, 52, 0, 0, 0, 0, 0, 0, 0, 2, 104, 1, 195, 195, 195, 195.0, 0.0, 38025.0
0, 0, 0, 0, 0, 0, 0, 0, 0, 0, 0, 0, 0, 0, 0, 0, 0, 0, 0, 0, 0, 0, 0, 0, 0, 0, 0
0, 0, 0, 0, 0, 0, 0, 0, 0, 0, 0, 0, 0, 0, 0, 0, 0, 0, 0, 0, 0, 0, 0, 0, 0, 0, 0
0, 0, 0, 0, 0, 0, 0, 0, 0, 0, 0, 0, 0, 0, 0, 0, 0, 0, 0, 0, 0, 0, 0, 0, 0, 0, 0
0, 0, 0, 0, 0, 0, 0, 0, 0, 0, 0, 0, 0, 0, 0, 0, 0, 0, 0, 0, 0, 0, 0, 0, 0, 0, 0
0, 0, 0, 0, 0, 0, 0, 0, 0, 0, 0, 0, 0, 0, 0, 0, 0, 0, 0, 0, 0, 0, 0, 0, 0, 0, 0
0, 0, 0, 0, 0, 0, 0, 0, 0, 0, 0, 0, 0, 0, 0, 0, 0, 0, 0, 0, 0, 0, 0, 0, 0, 0, 0
0, 0, 0, 0, 0, 0, 0, 0, 0, 0, 0, 0, 0, 0, 0, 0, 0, 0, 0, 0, 0, 0, 0, 0, 0, 0, 0
0, 0, 0, 0, 0, 0, 0, 0, 0, 0, 0, 0, 0, 0, 0, 0, 0, 0, 0, 0, 0, 0, 0, 0, 0, 0, 0
0, 0, 0, 0, 0, 0, 0, 0, 0, 0, 0, 0, 0, 0, 0, 0, 0, 0, 0, 0, 0, 0, 0, 0, 0, 0, 0
0, 0, 0, 0, 0, 0, 0, 0, 0, 0, 0, 0, 0, 0, 0, 0, 0, 0, 0, 0, 0, 0, 0, 0, 0, 0, 0
0, 0, 0, 0, 0, 0, 0, 0, 0, 0, 0, 0, 0, 0, 0, 0, 0, 0, 0, 0, 0, 0, 0, 0, 0, 0, 0
0, 0, 0, 0, 0, 0, 0, 0, 0, 0, 0, 0, 0, 0, 0, 0, 0, 0, 0, 0, 0, 0, 0, 0, 0, 0, 0
0, 0, 0, 0, 0, 0, 0, 0, 0, 0, 0, 0, 0, 0, 0, 0, 0, 0, 0, 0, 0, 0, 0, 0, 0, 0, 0
0, 0, 0, 0, 0, 0, 0, 0, 0, 0, 0, 0, 0, 0, 0, 0, 0, 0, 0, 0, 0, 0, 0, 0, 0, 0, 0
0, 0, 0, 0, 0, 0, 0, 0, 0, 0, 0, 0, 0, 0, 0, 0, 0, 0, 0, 0, 0, 0, 0, 0, 0, 0, 0
0, 0, 0, 0, 0, 0, 0, 0, 0, 0, 0, 0, 0, 0, 0, 0, 0, 0, 0, 0, 0, 0, 0, 0, 0, 0, 0
0, 0, 0, 0, 0, 0, 0, 0, 0, 0, 0, 0, 0, 0, 0, 0, 0, 0, 0, 0, 0, 0, 0, 0, 0, 0, 0
0, 0, 0, 0, 0, 0, 0, 0, 0, 0, 0, 0, 0, 0, 0, 0, 0, 0, 0, 0, 0, 0, 0, 0, 0, 0, 0
0, 0, 0, 0, 0, 0, 0, 0, 0, 0, 0, 0, 0, 0, 0, 0, 0, 0, 0, 0, 0, 0, 0, 0, 0, 0, 0
0, 0, 0, 0, 0, 0, 0, 0, 0, 0, 0, 0, 0, 0, 0, 0, 0, 0, 0, 0, 0, 0, 0, 0, 0, 0, 0
0, 0, 0, 0, 0, 0, 0, 0, 0, 0, 0, 0, 0, 0, 0, 0, 0, 0, 0, 0, 0, 0, 0, 0, 0, 0, 0
0, 0, 0, 0, 0, 0, 0, 0, 0, 0, 0, 0, 0, 0, 0, 0, 0, 0, 0, 0, 0, 0, 0, 0, 0, 0, 0
0, 0, 0, 0, 0, 0, 0, 0, 0, 0, 0, 0, 0, 0, 0, 0, 0, 0, 0, 0, 0, 0, 0, 0, 0, 0, 0
68, 3536, 5, 5254, 1048, 1053, 1050.8, 2.56, 1104183.2, 0, 0, 114, 1023228, 461, 23220, 8975.684210526315, 46992564.391505085, 127555471.43859649, 68, 3536, 119, 1028482, 461, 23220, 8642.70588235294, 47302940.08053197, 122242392.10084033
0, 0, 0, 0, 0, 0, 0, 0, 0, 0, 0, 0, 0, 0, 0, 0, 0, 0, 0, 0, 0, 0, 0, 0, 0, 0, 0
0, 0, 0, 0, 0, 0, 0, 0, 0, 0, 0, 0, 0, 0, 0, 0, 0, 0, 0, 0, 0, 0, 0, 0, 0, 0, 0
0, 0, 0, 0, 0, 0, 0, 0, 0, 0, 0, 0, 0, 0, 0, 0, 0, 0, 0, 0, 0, 0, 0, 0, 0, 0, 0
0, 0, 0, 0, 0, 0, 0, 0, 0, 0, 0, 0, 0, 0, 0, 0, 0, 0, 0, 0, 0, 0, 0, 0, 0, 0, 0
0, 0, 0, 0, 0, 0, 0, 0, 0, 0, 0, 0, 0, 0, 0, 0, 0, 0, 0, 0, 0, 0, 0, 0, 0, 0, 0
0, 0, 0, 0, 0, 0, 0, 0, 0, 0, 0, 0, 0, 0, 0, 0, 0, 0, 0, 0, 0, 0, 0, 0, 0, 0, 0
0, 0, 0, 0, 0, 0, 0, 0, 0, 0, 0, 0, 0, 0, 0, 0, 0, 0, 0, 0, 0, 0, 0, 0, 0, 0, 0
0, 0, 0, 0, 0, 0, 0, 0, 0, 0, 0, 0, 0, 0, 0, 0, 0, 0, 0, 0, 0, 0, 0, 0, 0, 0, 0
0, 0, 0, 0, 0, 0, 0, 0, 0, 0, 0, 0, 0, 0, 0, 0, 0, 0, 0, 0, 0, 0, 0, 0, 0, 0, 0
0, 0, 0, 0, 0, 0, 0, 0, 0, 0, 0, 0, 0, 0, 0, 0, 0, 0, 0, 0, 0, 0, 0, 0, 0, 0, 0
0, 0, 0, 0, 0, 0, 0, 0, 0, 0, 0, 0, 0, 0, 0, 0, 0, 0, 0, 0, 0, 0, 0, 0, 0, 0, 0
0, 0, 0, 0, 0, 0, 0, 0, 0, 0, 0, 0, 0, 0, 0, 0, 0, 0, 0, 0, 0, 0, 0, 0, 0, 0, 0
0, 0, 0, 0, 0, 0, 0, 0, 0, 0, 0, 0, 0, 0, 0, 0, 0, 0, 0, 0, 0, 0, 0, 0, 0, 0, 0
0, 0, 0, 0, 0, 0, 0, 0, 0, 0, 0, 0, 0, 0, 0, 0, 0, 0, 0, 0, 0, 0, 0, 0, 0, 0, 0
0, 0, 0, 0, 0, 0, 0, 0, 0, 0, 0, 0, 0, 0, 0, 0, 0, 0, 0, 0, 0, 0, 0, 0, 0, 0, 0
0, 0, 0, 0, 0, 0, 0, 0, 0, 0, 0, 0, 0, 0, 0, 0, 0, 0, 0, 0, 0, 0, 0, 0, 0, 0, 0
0, 0, 0, 0, 0, 0, 0, 0, 0, 0, 0, 0, 0, 0, 0, 0, 0, 0, 0, 0, 0, 0, 0, 0, 0, 0, 0
0, 0, 0, 0, 0, 0, 0, 0, 0, 0, 0, 0, 0, 0, 0, 0, 0, 0, 0, 0, 0, 0, 0, 0, 0, 0, 0
0, 0, 0, 0, 0, 0, 0, 0, 0, 0, 0, 0, 0, 0, 0, 0, 0, 0, 0, 0, 0, 0, 0, 0, 0, 0, 0
0, 0, 0, 0, 0, 0, 0, 0, 0, 0, 0, 0, 0, 0, 0, 0, 0, 0, 0, 0, 0, 0, 0, 0, 0, 0, 0
0, 0, 0, 0, 0, 0, 0, 0, 0, 0, 0, 0, 0, 0, 0, 0, 0, 0, 0, 0, 0, 0, 0, 0, 0, 0, 0
0, 0, 0, 0, 0, 0, 0, 0, 0, 0, 0, 0, 0, 0, 0, 0, 0, 0, 0, 0, 0, 0, 0, 0, 0, 0, 0
0, 0, 0, 0, 0, 0, 0, 0, 0, 0, 0, 0, 0, 0, 0, 0, 0, 0, 0, 0, 0, 0, 0, 0, 0, 0, 0
0, 0, 0, 0, 0, 0, 0, 0, 0, 0, 0, 0, 0, 0, 0, 0, 0, 0, 0, 0, 0, 0, 0, 0, 0, 0, 0
0, 0, 0, 0, 0, 0, 0, 0, 0, 0, 0, 0, 0, 0, 0, 0, 0, 0, 0, 0, 0, 0, 0, 0, 0, 0, 0
0, 0, 0, 0, 0, 0, 0, 0, 0, 0, 0, 0, 0, 0, 0, 0, 0, 0, 0, 0, 0, 0, 0, 0, 0, 0, 0
0, 0, 0, 0, 0, 0, 0, 0, 0, 0, 0, 0, 0, 0, 0, 0, 0, 0, 0, 0, 0, 0, 0, 0, 0, 0, 0
0, 0, 0, 0, 0, 0, 0, 0, 0, 0, 0, 0, 0, 0, 0, 0, 0, 0, 0, 0, 0, 0, 0, 0, 0, 0, 0
0, 0, 0, 0, 0, 0, 0, 0, 0, 0, 0, 0, 0, 0, 0, 0, 0, 0, 0, 0, 0, 0, 0, 0, 0, 0, 0
