addr1_packet_ctrl, addr1_bytes_ctrl, addr1_packet, addr1_bytes, addr1_pkt_len_min, addr1_pkt_len_max, addr1_pkt_len_avg,addr1_pkt_len_var, addr1_pkt_len_mom2, addr2_packet_ctrl, addr2_bytes_ctrl, addr2_packet, addr2_bytes, addr2_pkt_len_min, addr2_pkt_len_max, addr2_pkt_len_avg,addr2_pkt_len_var, addr2_pkt_len_mom2, addra_packet_ctrl, addra_bytes_ctrl, addra_packet, addra_bytes, addra_pkt_len_min, addra_pkt_len_max, addra_pkt_len_avg,addra_pkt_len_var, addra_pkt_len_mom2 
2, 104, 0, 0, 0, 0, 0, 0, 0, 2, 104, 0, 0, 0, 0, 0, 0, 0, 4, 208, 0, 0, 0, 0, 0, 0, 0
0, 0, 1, 195, 195, 195, 195.0, 0.0, 38025.0, 0, 0, 0, 0, 0, 0, 0, 0, 0, 0, 0, 1, 195, 195, 195, 195.0, 0.0, 38025.0
17, 908, 11, 4074, 72, 1612, 370.3636363636364, 207196.9586776859, 344366.1818181818, 8, 440, 11, 3413, 107, 707, 310.27272727272725, 37105.10743801653, 133374.27272727274, 25, 1348, 22, 7487, 72, 1612, 340.3181818181818, 94604.81726354455, 238870.22727272726
11, 588, 15, 5781, 81, 2155, 385.4, 267401.44, 415934.6, 9, 484, 16, 12893, 91, 2144, 805.8125, 439075.90234375, 1088409.6875, 20, 1072, 31, 18674, 81, 2155, 602.3870967741935, 422691.97555454954, 763018.5161290322
43, 2268, 44, 11636, 72, 646, 264.45454545454544, 44819.79338842975, 114756.0, 27, 1436, 59, 27115, 83, 3349, 459.5762711864407, 350132.176386096, 561342.5254237289, 70, 3704, 103, 38751, 72, 3349, 376.22330097087377, 274739.92257277854, 370567.6990291262
30, 1584, 33, 10191, 81, 1433, 308.8181818181818, 101694.02754820936, 197062.69696969696, 18, 952, 43, 26955, 83, 11676, 626.8604651162791, 3084124.631692807, 3477078.6744186045, 48, 2536, 76, 37146, 81, 11676, 488.7631578947368, 2277335.651719511, 2052861.2105263157
54, 2832, 30, 10122, 71, 1307, 337.4, 82230.70666666668, 196069.46666666667, 20, 1072, 59, 267246, 83, 17428, 4529.593220338983, 23996613.22436081, 44513827.9661017, 74, 3904, 89, 277368, 71, 17428, 3116.494382022472, 21989391.482651573, 29575257.68539326
226, 11760, 15, 8722, 73, 1816, 581.4666666666667, 287749.8488888889, 625853.3333333334, 6, 320, 346, 2894941, 83, 22035, 8366.881502890174, 31039699.5553226, 101044405.63872832, 232, 12080, 361, 2903663, 73, 22035, 8043.387811634349, 31645953.114036437, 96871889.61495845
14, 744, 8, 3201, 91, 1558, 400.125, 218719.109375, 378819.125, 10, 528, 18, 70007, 87, 11396, 3889.277777777778, 21636523.089506175, 36763004.722222224, 24, 1272, 26, 73208, 87, 11396, 2815.6923076923076, 19553413.009814046, 25567870.692307692
63, 3276, 7, 2925, 91, 1621, 417.85714285714283, 263844.40816326527, 438449.0, 3, 164, 73, 654989, 189, 22740, 8972.452054794521, 35467949.12441359, 115972845.0, 66, 3440, 80, 657914, 91, 22740, 8223.925, 37052274.897688925, 105863585.35
94, 4888, 4, 436, 91, 151, 109.0, 612.0, 12493.0, 3, 156, 154, 1318088, 91, 22740, 8559.012987012988, 47759580.2595716, 121016283.57142857, 97, 5044, 158, 1318524, 91, 22740, 8345.088607594937, 48050969.12804077, 117952896.46835443
13, 684, 14, 6457, 79, 1569, 461.2142857142857, 207684.16836734692, 420402.78571428574, 11, 580, 33, 199856, 91, 16498, 6056.242424242424, 33278733.335169878, 69956805.63636364, 24, 1264, 47, 206313, 79, 16498, 4389.63829787234, 32010863.79984375, 49243834.57446808
58, 3016, 10, 2828, 79, 1238, 282.8, 112988.96, 192964.8, 6, 312, 165, 1240394, 87, 19904, 7517.539393939394, 38241633.76359963, 94755032.3030303, 64, 3328, 175, 1243222, 79, 19904, 7104.125714285714, 38614379.49190311, 89351485.58857143
18, 944, 14, 5208, 77, 1967, 372.0, 250611.85714285713, 388995.85714285716, 10, 528, 81, 614083, 83, 18486, 7581.271604938272, 44031362.98795915, 101507042.13580246, 28, 1472, 95, 619291, 77, 18486, 6518.852631578948, 44354204.7808626, 86605435.31578948
6, 320, 7, 2663, 83, 804, 380.42857142857144, 83663.67346938774, 228389.57142857142, 5, 268, 6, 2497, 83, 1062, 416.1666666666667, 114450.47222222219, 287645.1666666667, 11, 588, 13, 5160, 83, 1062, 396.9230769230769, 103405.15789473684, 255738.3076923077
55, 2860, 12, 3686, 91, 1232, 307.1666666666667, 124543.63888888888, 218895.0, 8, 416, 114, 980991, 83, 22740, 8605.184210526315, 39375568.44852262, 113424763.74561404, 63, 3276, 126, 984677, 83, 22740, 7814.896825396825, 40683729.22805556, 102643252.43650794
92, 4784, 4, 482, 91, 150, 120.5, 870.25, 15390.5, 5, 260, 204, 1691496, 91, 24158, 8291.64705882353, 43578165.26758938, 112329576.21568628, 97, 5044, 208, 1691978, 91, 24158, 8134.509615384615, 43797020.79849655, 110169688.02884616
0, 0, 1, 195, 195, 195, 195.0, 0.0, 38025.0, 0, 0, 0, 0, 0, 0, 0, 0, 0, 0, 0, 1, 195, 195, 195, 195.0, 0.0, 38025.0
45, 2340, 10, 2927, 91, 1221, 292.7, 124007.80999999998, 209681.1, 7, 364, 123, 1001600, 91, 21322, 8143.089430894309, 40714085.64240861, 107023991.12195122, 52, 2704, 133, 1004527, 91, 21322, 7552.834586466165, 41441865.66746521, 98992839.9924812
1, 52, 0, 0, 0, 0, 0, 0, 0, 0, 0, 1, 323, 323, 323, 323.0, 0.0, 104329.0, 1, 52, 1, 323, 323, 323, 323.0, 0.0, 104329.0
5, 260, 8, 1603, 87, 796, 200.375, 51428.734375, 91578.875, 5, 260, 32, 198996, 91, 22740, 6218.625, 37070447.046875, 75741743.9375, 10, 520, 40, 200599, 87, 22740, 5014.975, 36534440.87017747, 60611710.925
65, 3380, 5, 1714, 91, 688, 342.8, 68458.16, 185970.0, 3, 156, 200, 1541168, 87, 19904, 7705.84, 36911392.414400004, 96291362.52, 68, 3536, 205, 1542882, 87, 19904, 7526.253658536585, 37117591.31223899, 93947328.55609757
54, 2808, 3, 332, 91, 150, 110.66666666666667, 773.5555555555555, 13020.666666666666, 3, 156, 134, 1124973, 91, 22740, 8395.320895522387, 40203613.173145466, 110685026.1119403, 57, 2964, 137, 1125305, 91, 22740, 8213.905109489051, 40509954.725235224, 108261551.54014598
6, 312, 6, 720, 91, 149, 120.0, 841.0, 15241.0, 6, 312, 30, 198149, 91, 16498, 6604.966666666666, 31193673.032222215, 74819257.7, 12, 624, 36, 198869, 91, 16498, 5524.138888888889, 31833563.729109272, 62351921.583333336
0, 0, 1, 195, 195, 195, 195.0, 0.0, 38025.0, 0, 0, 0, 0, 0, 0, 0, 0, 0, 0, 0, 1, 195, 195, 195, 195.0, 0.0, 38025.0
101, 5252, 6, 723, 91, 150, 120.5, 870.25, 15390.5, 6, 312, 265, 2519142, 91, 28412, 9506.196226415095, 46542370.18791029, 136910136.88301888, 107, 5564, 271, 2519865, 91, 28412, 9298.39483394834, 46996441.42461782, 133879256.88929889
4, 208, 7, 916, 91, 195, 130.85714285714286, 1414.9795918367345, 18538.571428571428, 6, 312, 25, 197682, 91, 17068, 7907.28, 34083269.6416, 96608346.64, 10, 520, 32, 198598, 91, 17068, 6206.1875, 36412233.42997845, 75479326.125
4, 208, 9, 2966, 87, 1236, 329.55555555555554, 114524.91358024691, 223131.77777777778, 6, 312, 9, 1474, 83, 346, 163.77777777777777, 9409.950617283952, 36233.11111111111, 10, 520, 18, 4440, 83, 1236, 246.66666666666666, 50555.44307270232, 129682.44444444444
63, 3276, 6, 1011, 91, 438, 168.5, 15222.25, 43614.5, 6, 312, 108, 913785, 83, 17266, 8460.972222222223, 40544528.693672836, 112132579.6388889, 69, 3588, 114, 914796, 83, 17266, 8024.526315789473, 41257427.96439006, 106233160.42105263
71, 3692, 5, 677, 91, 195, 135.4, 1584.2400000000002, 19917.4, 4, 208, 122, 1003805, 83, 17767, 8227.909836065573, 34949238.983673744, 102647739.25409836, 75, 3900, 127, 1004482, 83, 17767, 7909.307086614173, 35536106.98079062, 98607273.82677165
11, 572, 1, 195, 195, 195, 195.0, 0.0, 38025.0, 2, 104, 23, 122080, 76, 18486, 5307.826086956522, 29711555.708884686, 57884573.47826087, 13, 676, 24, 122275, 76, 18486, 5094.791666666667, 29623752.38116796, 55474300.625
103, 5356, 4, 419, 87, 150, 104.75, 685.1875, 11657.75, 4, 208, 228, 2316217, 83, 22740, 10158.84649122807, 43777786.17380348, 146979948.20614034, 107, 5564, 232, 2316636, 83, 22740, 9985.5, 44268471.01309546, 144446012.16379312
19, 988, 7, 918, 91, 195, 131.14285714285714, 1425.5510204081634, 18624.0, 6, 312, 26, 197775, 91, 22740, 7606.7307692307695, 46309950.735207096, 104172303.73076923, 25, 1300, 33, 198693, 91, 22740, 6021.0, 46659421.00948002, 82079098.93939394
1, 52, 1, 195, 195, 195, 195.0, 0.0, 38025.0, 1, 52, 2, 376, 83, 293, 188.0, 11025.0, 46369.0, 2, 104, 3, 571, 83, 293, 190.33333333333334, 8827.84, 43587.666666666664
279, 14508, 6, 723, 91, 150, 120.5, 870.25, 15390.5, 6, 312, 484, 4624875, 91, 25576, 9555.526859504133, 50313152.571592614, 141621246.13429752, 285, 14820, 490, 4625598, 91, 25576, 9439.995918367347, 50548218.73183784, 139887296.88163266
5, 260, 5, 677, 91, 195, 135.4, 1584.2400000000002, 19917.4, 4, 208, 24, 132499, 91, 19904, 5520.791666666667, 30794035.33159722, 61273175.958333336, 9, 468, 29, 133176, 91, 19904, 4592.275862068966, 30367045.967960127, 50712269.31034483
0, 0, 1, 68, 68, 68, 68.0, 0.0, 4624.0, 0, 0, 0, 0, 0, 0, 0, 0, 0, 0, 0, 1, 68, 68, 68, 68.0, 0.0, 4624.0
74, 3848, 4, 523, 87, 195, 130.75, 1998.1875, 19093.75, 3, 156, 137, 1544315, 91, 25576, 11272.372262773722, 41159809.22638393, 168226185.65693432, 77, 4004, 141, 1544838, 87, 25576, 10956.297872340425, 42328036.70489364, 163454353.26241136
0, 0, 0, 0, 0, 0, 0, 0, 0, 0, 0, 0, 0, 0, 0, 0, 0, 0, 0, 0, 0, 0, 0, 0, 0, 0, 0
0, 0, 1, 68, 68, 68, 68.0, 0.0, 4624.0, 0, 0, 0, 0, 0, 0, 0, 0, 0, 0, 0, 1, 68, 68, 68, 68.0, 0.0, 4624.0
0, 0, 1, 195, 195, 195, 195.0, 0.0, 38025.0, 0, 0, 0, 0, 0, 0, 0, 0, 0, 0, 0, 1, 195, 195, 195, 195.0, 0.0, 38025.0
0, 0, 0, 0, 0, 0, 0, 0, 0, 0, 0, 0, 0, 0, 0, 0, 0, 0, 0, 0, 0, 0, 0, 0, 0, 0, 0
0, 0, 0, 0, 0, 0, 0, 0, 0, 0, 0, 0, 0, 0, 0, 0, 0, 0, 0, 0, 0, 0, 0, 0, 0, 0, 0
1, 40, 3, 552, 157, 200, 184.0, 368.6666666666667, 34224.666666666664, 0, 0, 0, 0, 0, 0, 0, 0, 0, 1, 40, 3, 552, 157, 200, 184.0, 368.6666666666667, 34224.666666666664
1, 52, 2, 218, 68, 150, 109.0, 1681.0, 13562.0, 2, 104, 1, 83, 83, 83, 83.0, 0.0, 6889.0, 3, 156, 3, 301, 68, 150, 100.33333333333333, 1009.5, 11337.666666666666
71, 3692, 3, 332, 91, 150, 110.66666666666667, 773.5555555555555, 13020.666666666666, 4, 216, 235, 1644917, 91, 18486, 6999.646808510638, 26839670.449723855, 75834725.89361702, 75, 3908, 238, 1645249, 91, 18486, 6912.810924369748, 26968538.196568172, 74878990.11344537
1, 40, 3, 552, 157, 200, 184.0, 368.6666666666667, 34224.666666666664, 0, 0, 0, 0, 0, 0, 0, 0, 0, 1, 40, 3, 552, 157, 200, 184.0, 368.6666666666667, 34224.666666666664
0, 0, 0, 0, 0, 0, 0, 0, 0, 0, 0, 0, 0, 0, 0, 0, 0, 0, 0, 0, 0, 0, 0, 0, 0, 0, 0
0, 0, 1, 195, 195, 195, 195.0, 0.0, 38025.0, 0, 0, 0, 0, 0, 0, 0, 0, 0, 0, 0, 1, 195, 195, 195, 195.0, 0.0, 38025.0
0, 0, 2, 372, 172, 200, 186.0, 196.0, 34792.0, 0, 0, 0, 0, 0, 0, 0, 0, 0, 0, 0, 2, 372, 172, 200, 186.0, 196.0, 34792.0
0, 0, 1, 157, 157, 157, 157.0, 0.0, 24649.0, 0, 0, 0, 0, 0, 0, 0, 0, 0, 0, 0, 1, 157, 157, 157, 157.0, 0.0, 24649.0
0, 0, 1, 195, 195, 195, 195.0, 0.0, 38025.0, 0, 0, 0, 0, 0, 0, 0, 0, 0, 0, 0, 1, 195, 195, 195, 195.0, 0.0, 38025.0
0, 0, 2, 372, 172, 200, 186.0, 196.0, 34792.0, 0, 0, 0, 0, 0, 0, 0, 0, 0, 0, 0, 2, 372, 172, 200, 186.0, 196.0, 34792.0
0, 0, 1, 157, 157, 157, 157.0, 0.0, 24649.0, 0, 0, 0, 0, 0, 0, 0, 0, 0, 0, 0, 1, 157, 157, 157, 157.0, 0.0, 24649.0
0, 0, 1, 195, 195, 195, 195.0, 0.0, 38025.0, 0, 0, 0, 0, 0, 0, 0, 0, 0, 0, 0, 1, 195, 195, 195, 195.0, 0.0, 38025.0
0, 0, 2, 329, 157, 172, 164.5, 56.25, 27116.5, 0, 0, 0, 0, 0, 0, 0, 0, 0, 0, 0, 2, 329, 157, 172, 164.5, 56.25, 27116.5
63, 3276, 4, 482, 91, 150, 120.5, 870.25, 15390.5, 4, 208, 204, 1632708, 83, 25576, 8003.470588235294, 40243338.71972318, 104298880.1764706, 67, 3484, 208, 1633190, 83, 25576, 7851.875, 40450090.602813646, 102293428.45192307
0, 0, 2, 352, 157, 195, 176.0, 361.0, 31337.0, 0, 0, 0, 0, 0, 0, 0, 0, 0, 0, 0, 2, 352, 157, 195, 176.0, 361.0, 31337.0
0, 0, 1, 172, 172, 172, 172.0, 0.0, 29584.0, 0, 0, 0, 0, 0, 0, 0, 0, 0, 0, 0, 1, 172, 172, 172, 172.0, 0.0, 29584.0
0, 0, 0, 0, 0, 0, 0, 0, 0, 0, 0, 0, 0, 0, 0, 0, 0, 0, 0, 0, 0, 0, 0, 0, 0, 0, 0
0, 0, 0, 0, 0, 0, 0, 0, 0, 0, 0, 0, 0, 0, 0, 0, 0, 0, 0, 0, 0, 0, 0, 0, 0, 0, 0
2, 104, 3, 886, 91, 638, 295.3333333333333, 59436.22222222222, 146658.0, 1, 52, 2, 422, 91, 331, 211.0, 14400.0, 58921.0, 3, 156, 5, 1308, 91, 638, 261.6, 35442.97959183674, 111563.2
9, 476, 0, 0, 0, 0, 0, 0, 0, 3, 156, 0, 0, 0, 0, 0, 0, 0, 12, 632, 0, 0, 0, 0, 0, 0, 0
5, 232, 1, 569, 569, 569, 569.0, 0.0, 323761.0, 3, 164, 2, 351, 83, 268, 175.5, 8556.25, 39356.5, 8, 396, 3, 920, 83, 569, 306.6666666666667, 31619.76, 134158.0
3, 156, 5, 1777, 103, 845, 355.4, 90421.44, 216730.6, 2, 112, 3, 701, 189, 323, 233.66666666666666, 3990.222222222222, 58590.333333333336, 5, 268, 8, 2478, 103, 845, 309.75, 46951.27272727273, 157428.0
2, 92, 0, 0, 0, 0, 0, 0, 0, 1, 52, 0, 0, 0, 0, 0, 0, 0, 3, 144, 0, 0, 0, 0, 0, 0, 0
1, 40, 0, 0, 0, 0, 0, 0, 0, 0, 0, 0, 0, 0, 0, 0, 0, 0, 1, 40, 0, 0, 0, 0, 0, 0, 0
74, 3848, 4, 482, 91, 150, 120.5, 870.25, 15390.5, 4, 208, 209, 1623421, 91, 22740, 7767.564593301436, 26560877.00180857, 86895936.71291865, 78, 4056, 213, 1623903, 91, 22740, 7623.957746478874, 26858159.467442326, 85264377.15962441
0, 0, 0, 0, 0, 0, 0, 0, 0, 0, 0, 0, 0, 0, 0, 0, 0, 0, 0, 0, 0, 0, 0, 0, 0, 0, 0
0, 0, 0, 0, 0, 0, 0, 0, 0, 0, 0, 0, 0, 0, 0, 0, 0, 0, 0, 0, 0, 0, 0, 0, 0, 0, 0
0, 0, 0, 0, 0, 0, 0, 0, 0, 0, 0, 0, 0, 0, 0, 0, 0, 0, 0, 0, 0, 0, 0, 0, 0, 0, 0
0, 0, 1, 226, 226, 226, 226.0, 0.0, 51076.0, 0, 0, 0, 0, 0, 0, 0, 0, 0, 0, 0, 1, 226, 226, 226, 226.0, 0.0, 51076.0
0, 0, 0, 0, 0, 0, 0, 0, 0, 0, 0, 0, 0, 0, 0, 0, 0, 0, 0, 0, 0, 0, 0, 0, 0, 0, 0
0, 0, 0, 0, 0, 0, 0, 0, 0, 0, 0, 0, 0, 0, 0, 0, 0, 0, 0, 0, 0, 0, 0, 0, 0, 0, 0
0, 0, 0, 0, 0, 0, 0, 0, 0, 0, 0, 0, 0, 0, 0, 0, 0, 0, 0, 0, 0, 0, 0, 0, 0, 0, 0
0, 0, 0, 0, 0, 0, 0, 0, 0, 0, 0, 0, 0, 0, 0, 0, 0, 0, 0, 0, 0, 0, 0, 0, 0, 0, 0
0, 0, 0, 0, 0, 0, 0, 0, 0, 0, 0, 0, 0, 0, 0, 0, 0, 0, 0, 0, 0, 0, 0, 0, 0, 0, 0
2, 104, 2, 241, 91, 150, 120.5, 870.25, 15390.5, 2, 104, 12, 66927, 91, 9978, 5577.25, 12784912.020833334, 43890629.583333336, 4, 208, 14, 67168, 91, 9978, 4797.714285714285, 13915804.942307692, 37622738.28571428
0, 0, 1, 150, 150, 150, 150.0, 0.0, 22500.0, 0, 0, 0, 0, 0, 0, 0, 0, 0, 0, 0, 1, 150, 150, 150, 150.0, 0.0, 22500.0
37, 1924, 1, 91, 91, 91, 91.0, 0.0, 8281.0, 2, 104, 188, 1357295, 91, 24158, 7219.654255319149, 30446260.48152444, 82569668.04787233, 39, 2028, 189, 1357386, 91, 24158, 7181.936507936508, 30499938.61420259, 82132835.31216931
0, 0, 0, 0, 0, 0, 0, 0, 0, 0, 0, 0, 0, 0, 0, 0, 0, 0, 0, 0, 0, 0, 0, 0, 0, 0, 0
0, 0, 0, 0, 0, 0, 0, 0, 0, 0, 0, 0, 0, 0, 0, 0, 0, 0, 0, 0, 0, 0, 0, 0, 0, 0, 0
0, 0, 0, 0, 0, 0, 0, 0, 0, 0, 0, 0, 0, 0, 0, 0, 0, 0, 0, 0, 0, 0, 0, 0, 0, 0, 0
0, 0, 0, 0, 0, 0, 0, 0, 0, 0, 0, 0, 0, 0, 0, 0, 0, 0, 0, 0, 0, 0, 0, 0, 0, 0, 0
0, 0, 0, 0, 0, 0, 0, 0, 0, 0, 0, 0, 0, 0, 0, 0, 0, 0, 0, 0, 0, 0, 0, 0, 0, 0, 0
0, 0, 0, 0, 0, 0, 0, 0, 0, 0, 0, 0, 0, 0, 0, 0, 0, 0, 0, 0, 0, 0, 0, 0, 0, 0, 0
0, 0, 0, 0, 0, 0, 0, 0, 0, 0, 0, 0, 0, 0, 0, 0, 0, 0, 0, 0, 0, 0, 0, 0, 0, 0, 0
6, 312, 0, 0, 0, 0, 0, 0, 0, 5, 260, 3, 459, 83, 293, 153.0, 9800.0, 33209.0, 11, 572, 3, 459, 83, 293, 153.0, 9800.0, 33209.0
0, 0, 1, 150, 150, 150, 150.0, 0.0, 22500.0, 0, 0, 0, 0, 0, 0, 0, 0, 0, 0, 0, 1, 150, 150, 150, 150.0, 0.0, 22500.0
2, 104, 1, 91, 91, 91, 91.0, 0.0, 8281.0, 2, 104, 15, 67275, 91, 8560, 4485.0, 7722798.933333334, 27838023.933333334, 4, 208, 16, 67366, 91, 8560, 4210.375, 8076399.675338188, 26098665.0
34, 1768, 3, 328, 87, 150, 109.33333333333333, 829.5555555555555, 12783.333333333334, 2, 104, 155, 1280202, 91, 22740, 8259.367741935484, 37244856.15508845, 105462011.65161291, 36, 1872, 158, 1280530, 87, 22740, 8104.620253164557, 37518425.40274984, 103459811.11392406
0, 0, 0, 0, 0, 0, 0, 0, 0, 0, 0, 0, 0, 0, 0, 0, 0, 0, 0, 0, 0, 0, 0, 0, 0, 0, 0
0, 0, 0, 0, 0, 0, 0, 0, 0, 0, 0, 0, 0, 0, 0, 0, 0, 0, 0, 0, 0, 0, 0, 0, 0, 0, 0
1, 52, 0, 0, 0, 0, 0, 0, 0, 1, 52, 0, 0, 0, 0, 0, 0, 0, 2, 104, 0, 0, 0, 0, 0, 0, 0
0, 0, 0, 0, 0, 0, 0, 0, 0, 0, 0, 0, 0, 0, 0, 0, 0, 0, 0, 0, 0, 0, 0, 0, 0, 0, 0
0, 0, 0, 0, 0, 0, 0, 0, 0, 0, 0, 0, 0, 0, 0, 0, 0, 0, 0, 0, 0, 0, 0, 0, 0, 0, 0
0, 0, 0, 0, 0, 0, 0, 0, 0, 0, 0, 0, 0, 0, 0, 0, 0, 0, 0, 0, 0, 0, 0, 0, 0, 0, 0
0, 0, 0, 0, 0, 0, 0, 0, 0, 0, 0, 0, 0, 0, 0, 0, 0, 0, 0, 0, 0, 0, 0, 0, 0, 0, 0
0, 0, 0, 0, 0, 0, 0, 0, 0, 0, 0, 0, 0, 0, 0, 0, 0, 0, 0, 0, 0, 0, 0, 0, 0, 0, 0
0, 0, 0, 0, 0, 0, 0, 0, 0, 0, 0, 0, 0, 0, 0, 0, 0, 0, 0, 0, 0, 0, 0, 0, 0, 0, 0
51, 2652, 4, 482, 91, 150, 120.5, 870.25, 15390.5, 3, 156, 201, 1508590, 91, 17068, 7505.422885572139, 31007325.9853469, 87338698.67661692, 54, 2808, 205, 1509072, 91, 17068, 7361.326829268292, 31233861.14887524, 85634829.24878049
0, 0, 0, 0, 0, 0, 0, 0, 0, 0, 0, 0, 0, 0, 0, 0, 0, 0, 0, 0, 0, 0, 0, 0, 0, 0, 0
0, 0, 0, 0, 0, 0, 0, 0, 0, 0, 0, 0, 0, 0, 0, 0, 0, 0, 0, 0, 0, 0, 0, 0, 0, 0, 0
0, 0, 0, 0, 0, 0, 0, 0, 0, 0, 0, 0, 0, 0, 0, 0, 0, 0, 0, 0, 0, 0, 0, 0, 0, 0, 0
4, 224, 0, 0, 0, 0, 0, 0, 0, 0, 0, 0, 0, 0, 0, 0, 0, 0, 4, 224, 0, 0, 0, 0, 0, 0, 0
3, 156, 4, 2029, 103, 788, 507.25, 62466.1875, 319768.75, 3, 172, 1, 189, 189, 189, 189.0, 0.0, 35721.0, 6, 328, 5, 2218, 103, 788, 443.6, 64151.47222222222, 262959.2
2, 104, 1, 103, 103, 103, 103.0, 0.0, 10609.0, 1, 52, 2, 512, 189, 323, 256.0, 4489.0, 70025.0, 3, 156, 3, 615, 103, 323, 205.0, 7336.639999999999, 50219.666666666664
0, 0, 0, 0, 0, 0, 0, 0, 0, 1, 52, 0, 0, 0, 0, 0, 0, 0, 1, 52, 0, 0, 0, 0, 0, 0, 0
0, 0, 0, 0, 0, 0, 0, 0, 0, 0, 0, 0, 0, 0, 0, 0, 0, 0, 0, 0, 0, 0, 0, 0, 0, 0, 0
0, 0, 0, 0, 0, 0, 0, 0, 0, 0, 0, 0, 0, 0, 0, 0, 0, 0, 0, 0, 0, 0, 0, 0, 0, 0, 0
0, 0, 0, 0, 0, 0, 0, 0, 0, 0, 0, 0, 0, 0, 0, 0, 0, 0, 0, 0, 0, 0, 0, 0, 0, 0, 0
43, 2236, 4, 482, 91, 150, 120.5, 870.25, 15390.5, 4, 208, 224, 1619347, 91, 22740, 7229.227678571428, 30797787.515126757, 83059520.34375, 47, 2444, 228, 1619829, 91, 22740, 7104.513157894737, 30968494.49142455, 81602605.78508772
0, 0, 0, 0, 0, 0, 0, 0, 0, 0, 0, 0, 0, 0, 0, 0, 0, 0, 0, 0, 0, 0, 0, 0, 0, 0, 0
0, 0, 0, 0, 0, 0, 0, 0, 0, 0, 0, 0, 0, 0, 0, 0, 0, 0, 0, 0, 0, 0, 0, 0, 0, 0, 0
0, 0, 0, 0, 0, 0, 0, 0, 0, 0, 0, 0, 0, 0, 0, 0, 0, 0, 0, 0, 0, 0, 0, 0, 0, 0, 0
0, 0, 0, 0, 0, 0, 0, 0, 0, 0, 0, 0, 0, 0, 0, 0, 0, 0, 0, 0, 0, 0, 0, 0, 0, 0, 0
2, 104, 2, 729, 91, 638, 364.5, 74802.25, 207662.5, 1, 52, 2, 422, 91, 331, 211.0, 14400.0, 58921.0, 3, 156, 4, 1151, 91, 638, 287.75, 39770.13888888889, 133291.75
0, 0, 0, 0, 0, 0, 0, 0, 0, 0, 0, 0, 0, 0, 0, 0, 0, 0, 0, 0, 0, 0, 0, 0, 0, 0, 0
0, 0, 0, 0, 0, 0, 0, 0, 0, 0, 0, 0, 0, 0, 0, 0, 0, 0, 0, 0, 0, 0, 0, 0, 0, 0, 0
0, 0, 0, 0, 0, 0, 0, 0, 0, 0, 0, 0, 0, 0, 0, 0, 0, 0, 0, 0, 0, 0, 0, 0, 0, 0, 0
0, 0, 0, 0, 0, 0, 0, 0, 0, 0, 0, 0, 0, 0, 0, 0, 0, 0, 0, 0, 0, 0, 0, 0, 0, 0, 0
0, 0, 0, 0, 0, 0, 0, 0, 0, 0, 0, 0, 0, 0, 0, 0, 0, 0, 0, 0, 0, 0, 0, 0, 0, 0, 0
2, 104, 2, 241, 91, 150, 120.5, 870.25, 15390.5, 2, 104, 15, 67017, 91, 15650, 4467.8, 15351382.56, 35312619.4, 4, 208, 17, 67258, 91, 15650, 3956.3529411764707, 15499339.834960938, 31160004.23529412
49, 2548, 2, 241, 91, 150, 120.5, 870.25, 15390.5, 2, 104, 198, 1561509, 91, 25576, 7886.409090909091, 42919210.14072543, 105114658.489899, 51, 2652, 200, 1561750, 91, 25576, 7808.75, 43005079.19644074, 104063665.81
0, 0, 0, 0, 0, 0, 0, 0, 0, 0, 0, 0, 0, 0, 0, 0, 0, 0, 0, 0, 0, 0, 0, 0, 0, 0, 0
0, 0, 0, 0, 0, 0, 0, 0, 0, 0, 0, 0, 0, 0, 0, 0, 0, 0, 0, 0, 0, 0, 0, 0, 0, 0, 0
0, 0, 0, 0, 0, 0, 0, 0, 0, 0, 0, 0, 0, 0, 0, 0, 0, 0, 0, 0, 0, 0, 0, 0, 0, 0, 0
1, 52, 0, 0, 0, 0, 0, 0, 0, 1, 52, 0, 0, 0, 0, 0, 0, 0, 2, 104, 0, 0, 0, 0, 0, 0, 0
2, 104, 0, 0, 0, 0, 0, 0, 0, 1, 52, 1, 83, 83, 83, 83.0, 0.0, 6889.0, 3, 156, 1, 83, 83, 83, 83.0, 0.0, 6889.0
2, 104, 0, 0, 0, 0, 0, 0, 0, 2, 104, 2, 376, 83, 293, 188.0, 11025.0, 46369.0, 4, 208, 2, 376, 83, 293, 188.0, 11025.0, 46369.0
0, 0, 0, 0, 0, 0, 0, 0, 0, 0, 0, 0, 0, 0, 0, 0, 0, 0, 0, 0, 0, 0, 0, 0, 0, 0, 0
1, 52, 0, 0, 0, 0, 0, 0, 0, 1, 52, 0, 0, 0, 0, 0, 0, 0, 2, 104, 0, 0, 0, 0, 0, 0, 0
0, 0, 0, 0, 0, 0, 0, 0, 0, 0, 0, 0, 0, 0, 0, 0, 0, 0, 0, 0, 0, 0, 0, 0, 0, 0, 0
10, 520, 1, 150, 150, 150, 150.0, 0.0, 22500.0, 9, 468, 0, 0, 0, 0, 0, 0, 0, 19, 988, 1, 150, 150, 150, 150.0, 0.0, 22500.0
64, 3328, 3, 332, 91, 150, 110.66666666666667, 773.5555555555555, 13020.666666666666, 5, 260, 208, 1635065, 91, 22740, 7860.889423076923, 35645519.62719582, 97439102.14903846, 69, 3588, 211, 1635397, 91, 22740, 7750.696682464455, 35817293.90080941, 96053897.19905214
0, 0, 0, 0, 0, 0, 0, 0, 0, 0, 0, 0, 0, 0, 0, 0, 0, 0, 0, 0, 0, 0, 0, 0, 0, 0, 0
0, 0, 0, 0, 0, 0, 0, 0, 0, 0, 0, 0, 0, 0, 0, 0, 0, 0, 0, 0, 0, 0, 0, 0, 0, 0, 0
0, 0, 0, 0, 0, 0, 0, 0, 0, 0, 0, 0, 0, 0, 0, 0, 0, 0, 0, 0, 0, 0, 0, 0, 0, 0, 0
2, 104, 0, 0, 0, 0, 0, 0, 0, 2, 104, 1, 76, 76, 76, 76.0, 0.0, 5776.0, 4, 208, 1, 76, 76, 76, 76.0, 0.0, 5776.0
0, 0, 0, 0, 0, 0, 0, 0, 0, 0, 0, 0, 0, 0, 0, 0, 0, 0, 0, 0, 0, 0, 0, 0, 0, 0, 0
0, 0, 0, 0, 0, 0, 0, 0, 0, 0, 0, 0, 0, 0, 0, 0, 0, 0, 0, 0, 0, 0, 0, 0, 0, 0, 0
0, 0, 0, 0, 0, 0, 0, 0, 0, 0, 0, 0, 0, 0, 0, 0, 0, 0, 0, 0, 0, 0, 0, 0, 0, 0, 0
0, 0, 0, 0, 0, 0, 0, 0, 0, 0, 0, 0, 0, 0, 0, 0, 0, 0, 0, 0, 0, 0, 0, 0, 0, 0, 0
0, 0, 0, 0, 0, 0, 0, 0, 0, 0, 0, 0, 0, 0, 0, 0, 0, 0, 0, 0, 0, 0, 0, 0, 0, 0, 0
0, 0, 0, 0, 0, 0, 0, 0, 0, 0, 0, 0, 0, 0, 0, 0, 0, 0, 0, 0, 0, 0, 0, 0, 0, 0, 0
49, 2640, 27, 2338, 72, 150, 86.5925925925926, 371.72290809327853, 7870.0, 3, 156, 213, 1504233, 77, 21322, 7062.12676056338, 34256446.61773458, 84130081.0, 52, 2796, 240, 1506571, 72, 21322, 6277.379166666667, 34941987.45070635, 74666332.2625
4, 228, 25, 2476, 72, 569, 99.04, 9214.8384, 19023.76, 3, 164, 25, 116158, 1470, 11396, 4646.32, 7927078.2976, 29515367.84, 7, 392, 50, 118634, 72, 11396, 2372.68, 9882847.23306667, 14767195.8
2, 104, 3, 1459, 103, 787, 486.3333333333333, 81392.88888888889, 317913.0, 1, 60, 1, 189, 189, 189, 189.0, 0.0, 35721.0, 3, 164, 4, 1648, 103, 787, 412.0, 70053.44, 247365.0
2, 104, 1, 103, 103, 103, 103.0, 0.0, 10609.0, 1, 52, 2, 512, 189, 323, 256.0, 4489.0, 70025.0, 3, 156, 3, 615, 103, 323, 205.0, 7336.639999999999, 50219.666666666664
0, 0, 0, 0, 0, 0, 0, 0, 0, 1, 52, 0, 0, 0, 0, 0, 0, 0, 1, 52, 0, 0, 0, 0, 0, 0, 0
0, 0, 0, 0, 0, 0, 0, 0, 0, 0, 0, 0, 0, 0, 0, 0, 0, 0, 0, 0, 0, 0, 0, 0, 0, 0, 0
0, 0, 0, 0, 0, 0, 0, 0, 0, 0, 0, 0, 0, 0, 0, 0, 0, 0, 0, 0, 0, 0, 0, 0, 0, 0, 0
1, 52, 0, 0, 0, 0, 0, 0, 0, 1, 52, 0, 0, 0, 0, 0, 0, 0, 2, 104, 0, 0, 0, 0, 0, 0, 0
3, 156, 0, 0, 0, 0, 0, 0, 0, 1, 52, 0, 0, 0, 0, 0, 0, 0, 4, 208, 0, 0, 0, 0, 0, 0, 0
0, 0, 0, 0, 0, 0, 0, 0, 0, 2, 104, 0, 0, 0, 0, 0, 0, 0, 2, 104, 0, 0, 0, 0, 0, 0, 0
43, 2244, 8, 4814, 83, 2948, 601.75, 823046.9375, 1185150.0, 5, 268, 191, 1185180, 122, 21322, 6205.130890052356, 21462407.673967272, 59966057.03664921, 48, 2512, 199, 1189994, 83, 21322, 5979.869346733668, 21669883.728099935, 57603005.49748744
6, 312, 3, 332, 91, 150, 110.66666666666667, 773.5555555555555, 13020.666666666666, 3, 156, 53, 453461, 91, 22740, 8555.867924528302, 52893836.79387682, 126096712.73584905, 9, 468, 56, 453793, 91, 22740, 8103.446428571428, 53347012.55719216, 119342229.23214285
0, 0, 0, 0, 0, 0, 0, 0, 0, 0, 0, 0, 0, 0, 0, 0, 0, 0, 0, 0, 0, 0, 0, 0, 0, 0, 0
0, 0, 2, 390, 195, 195, 195.0, 0.0, 38025.0, 0, 0, 0, 0, 0, 0, 0, 0, 0, 0, 0, 2, 390, 195, 195, 195.0, 0.0, 38025.0
0, 0, 0, 0, 0, 0, 0, 0, 0, 0, 0, 0, 0, 0, 0, 0, 0, 0, 0, 0, 0, 0, 0, 0, 0, 0, 0
0, 0, 0, 0, 0, 0, 0, 0, 0, 0, 0, 0, 0, 0, 0, 0, 0, 0, 0, 0, 0, 0, 0, 0, 0, 0, 0
0, 0, 2, 390, 195, 195, 195.0, 0.0, 38025.0, 0, 0, 0, 0, 0, 0, 0, 0, 0, 0, 0, 2, 390, 195, 195, 195.0, 0.0, 38025.0
0, 0, 0, 0, 0, 0, 0, 0, 0, 0, 0, 0, 0, 0, 0, 0, 0, 0, 0, 0, 0, 0, 0, 0, 0, 0, 0
0, 0, 0, 0, 0, 0, 0, 0, 0, 0, 0, 0, 0, 0, 0, 0, 0, 0, 0, 0, 0, 0, 0, 0, 0, 0, 0
0, 0, 2, 390, 195, 195, 195.0, 0.0, 38025.0, 0, 0, 0, 0, 0, 0, 0, 0, 0, 0, 0, 2, 390, 195, 195, 195.0, 0.0, 38025.0
0, 0, 0, 0, 0, 0, 0, 0, 0, 0, 0, 0, 0, 0, 0, 0, 0, 0, 0, 0, 0, 0, 0, 0, 0, 0, 0
0, 0, 1, 195, 195, 195, 195.0, 0.0, 38025.0, 0, 0, 0, 0, 0, 0, 0, 0, 0, 0, 0, 1, 195, 195, 195, 195.0, 0.0, 38025.0
62, 3260, 7, 698, 72, 150, 99.71428571428571, 1073.3469387755104, 11016.285714285714, 4, 208, 193, 1607313, 91, 26994, 8328.046632124353, 39264586.05482026, 108620946.76165803, 66, 3468, 200, 1608011, 72, 26994, 8040.055, 39749705.486445375, 104819599.195
0, 0, 0, 0, 0, 0, 0, 0, 0, 0, 0, 0, 0, 0, 0, 0, 0, 0, 0, 0, 0, 0, 0, 0, 0, 0, 0
0, 0, 0, 0, 0, 0, 0, 0, 0, 0, 0, 0, 0, 0, 0, 0, 0, 0, 0, 0, 0, 0, 0, 0, 0, 0, 0
2, 104, 0, 0, 0, 0, 0, 0, 0, 1, 52, 1, 83, 83, 83, 83.0, 0.0, 6889.0, 3, 156, 1, 83, 83, 83, 83.0, 0.0, 6889.0
1, 52, 0, 0, 0, 0, 0, 0, 0, 1, 52, 2, 376, 83, 293, 188.0, 11025.0, 46369.0, 2, 104, 2, 376, 83, 293, 188.0, 11025.0, 46369.0
2, 104, 2, 729, 91, 638, 364.5, 74802.25, 207662.5, 1, 52, 2, 422, 91, 331, 211.0, 14400.0, 58921.0, 3, 156, 4, 1151, 91, 638, 287.75, 39770.13888888889, 133291.75
0, 0, 0, 0, 0, 0, 0, 0, 0, 0, 0, 0, 0, 0, 0, 0, 0, 0, 0, 0, 0, 0, 0, 0, 0, 0, 0
0, 0, 0, 0, 0, 0, 0, 0, 0, 0, 0, 0, 0, 0, 0, 0, 0, 0, 0, 0, 0, 0, 0, 0, 0, 0, 0
0, 0, 0, 0, 0, 0, 0, 0, 0, 0, 0, 0, 0, 0, 0, 0, 0, 0, 0, 0, 0, 0, 0, 0, 0, 0, 0
0, 0, 1, 195, 195, 195, 195.0, 0.0, 38025.0, 0, 0, 1, 83, 83, 83, 83.0, 0.0, 6889.0, 0, 0, 2, 278, 83, 195, 139.0, 2787.555555555556, 22457.0
1, 52, 0, 0, 0, 0, 0, 0, 0, 0, 0, 0, 0, 0, 0, 0, 0, 0, 1, 52, 0, 0, 0, 0, 0, 0, 0
47, 2444, 4, 482, 91, 150, 120.5, 870.25, 15390.5, 3, 156, 229, 1617699, 91, 22740, 7064.187772925764, 31075029.56736141, 80977778.45851529, 50, 2600, 233, 1618181, 91, 22740, 6944.982832618026, 31219819.14671764, 79587866.21888413
1, 52, 2, 1425, 195, 1230, 712.5, 267806.25, 775462.5, 2, 104, 1, 346, 346, 346, 346.0, 0.0, 119716.0, 3, 156, 3, 1771, 195, 1230, 590.3333333333334, 167483.6875, 556880.3333333334
0, 0, 0, 0, 0, 0, 0, 0, 0, 0, 0, 0, 0, 0, 0, 0, 0, 0, 0, 0, 0, 0, 0, 0, 0, 0, 0
0, 0, 0, 0, 0, 0, 0, 0, 0, 0, 0, 0, 0, 0, 0, 0, 0, 0, 0, 0, 0, 0, 0, 0, 0, 0, 0
0, 0, 2, 395, 195, 200, 197.5, 6.25, 39012.5, 0, 0, 0, 0, 0, 0, 0, 0, 0, 0, 0, 2, 395, 195, 200, 197.5, 6.25, 39012.5
0, 0, 0, 0, 0, 0, 0, 0, 0, 0, 0, 0, 0, 0, 0, 0, 0, 0, 0, 0, 0, 0, 0, 0, 0, 0, 0
0, 0, 0, 0, 0, 0, 0, 0, 0, 0, 0, 0, 0, 0, 0, 0, 0, 0, 0, 0, 0, 0, 0, 0, 0, 0, 0
0, 0, 2, 395, 195, 200, 197.5, 6.25, 39012.5, 0, 0, 0, 0, 0, 0, 0, 0, 0, 0, 0, 2, 395, 195, 200, 197.5, 6.25, 39012.5
0, 0, 0, 0, 0, 0, 0, 0, 0, 0, 0, 0, 0, 0, 0, 0, 0, 0, 0, 0, 0, 0, 0, 0, 0, 0, 0
4, 216, 1, 200, 200, 200, 200.0, 0.0, 40000.0, 0, 0, 0, 0, 0, 0, 0, 0, 0, 4, 216, 1, 200, 200, 200, 200.0, 0.0, 40000.0
6, 320, 5, 2208, 91, 701, 441.6, 71339.84, 266350.4, 4, 216, 16, 68130, 91, 12814, 4258.125, 15452421.234375, 33584049.75, 10, 536, 21, 70338, 91, 12814, 3349.4285714285716, 15076262.018991964, 25651264.19047619
3, 156, 4, 1713, 178, 788, 428.25, 68620.1875, 252018.25, 1, 60, 3, 11346, 310, 5518, 3782.0, 6027392.0, 20330916.0, 4, 216, 7, 13059, 178, 5518, 1865.5714285714287, 6343316.65, 8857260.142857144
59, 3068, 4, 636, 91, 200, 159.0, 1920.5, 27201.5, 2, 104, 208, 1544984, 91, 22740, 7427.807692307692, 34163654.838017754, 89335981.95192307, 61, 3172, 212, 1545620, 91, 22740, 7290.66037735849, 34336708.50535148, 87650910.6226415
0, 0, 0, 0, 0, 0, 0, 0, 0, 0, 0, 0, 0, 0, 0, 0, 0, 0, 0, 0, 0, 0, 0, 0, 0, 0, 0
0, 0, 0, 0, 0, 0, 0, 0, 0, 0, 0, 0, 0, 0, 0, 0, 0, 0, 0, 0, 0, 0, 0, 0, 0, 0, 0
0, 0, 1, 195, 195, 195, 195.0, 0.0, 38025.0, 0, 0, 0, 0, 0, 0, 0, 0, 0, 0, 0, 1, 195, 195, 195, 195.0, 0.0, 38025.0
0, 0, 0, 0, 0, 0, 0, 0, 0, 0, 0, 0, 0, 0, 0, 0, 0, 0, 0, 0, 0, 0, 0, 0, 0, 0, 0
0, 0, 1, 195, 195, 195, 195.0, 0.0, 38025.0, 0, 0, 0, 0, 0, 0, 0, 0, 0, 0, 0, 1, 195, 195, 195, 195.0, 0.0, 38025.0
1, 52, 0, 0, 0, 0, 0, 0, 0, 1, 52, 1, 83, 83, 83, 83.0, 0.0, 6889.0, 2, 104, 1, 83, 83, 83, 83.0, 0.0, 6889.0
1, 52, 0, 0, 0, 0, 0, 0, 0, 0, 0, 0, 0, 0, 0, 0, 0, 0, 1, 52, 0, 0, 0, 0, 0, 0, 0
0, 0, 1, 195, 195, 195, 195.0, 0.0, 38025.0, 0, 0, 0, 0, 0, 0, 0, 0, 0, 0, 0, 1, 195, 195, 195, 195.0, 0.0, 38025.0
0, 0, 0, 0, 0, 0, 0, 0, 0, 0, 0, 0, 0, 0, 0, 0, 0, 0, 0, 0, 0, 0, 0, 0, 0, 0, 0
2, 104, 2, 241, 91, 150, 120.5, 870.25, 15390.5, 2, 104, 13, 67211, 91, 17068, 5170.076923076923, 23037032.071005918, 49766727.461538464, 4, 208, 15, 67452, 91, 17068, 4496.8, 23082800.881377548, 43133215.86666667
64, 3328, 3, 328, 87, 150, 109.33333333333333, 829.5555555555555, 12783.333333333334, 2, 104, 197, 1486079, 91, 19904, 7543.5482233502535, 27609738.318740502, 84514858.11675127, 66, 3432, 200, 1486407, 87, 19904, 7432.035, 27815589.72939363, 83247326.995
0, 0, 1, 195, 195, 195, 195.0, 0.0, 38025.0, 0, 0, 0, 0, 0, 0, 0, 0, 0, 0, 0, 1, 195, 195, 195, 195.0, 0.0, 38025.0
0, 0, 0, 0, 0, 0, 0, 0, 0, 0, 0, 0, 0, 0, 0, 0, 0, 0, 0, 0, 0, 0, 0, 0, 0, 0, 0
0, 0, 1, 195, 195, 195, 195.0, 0.0, 38025.0, 0, 0, 0, 0, 0, 0, 0, 0, 0, 0, 0, 1, 195, 195, 195, 195.0, 0.0, 38025.0
0, 0, 0, 0, 0, 0, 0, 0, 0, 0, 0, 0, 0, 0, 0, 0, 0, 0, 0, 0, 0, 0, 0, 0, 0, 0, 0
0, 0, 0, 0, 0, 0, 0, 0, 0, 0, 0, 0, 0, 0, 0, 0, 0, 0, 0, 0, 0, 0, 0, 0, 0, 0, 0
0, 0, 1, 195, 195, 195, 195.0, 0.0, 38025.0, 0, 0, 0, 0, 0, 0, 0, 0, 0, 0, 0, 1, 195, 195, 195, 195.0, 0.0, 38025.0
1, 52, 0, 0, 0, 0, 0, 0, 0, 2, 104, 1, 91, 91, 91, 91.0, 0.0, 8281.0, 3, 156, 1, 91, 91, 91, 91.0, 0.0, 8281.0
0, 0, 0, 0, 0, 0, 0, 0, 0, 0, 0, 0, 0, 0, 0, 0, 0, 0, 0, 0, 0, 0, 0, 0, 0, 0, 0
0, 0, 1, 195, 195, 195, 195.0, 0.0, 38025.0, 0, 0, 0, 0, 0, 0, 0, 0, 0, 0, 0, 1, 195, 195, 195, 195.0, 0.0, 38025.0
2, 104, 2, 241, 91, 150, 120.5, 870.25, 15390.5, 1, 52, 17, 67297, 91, 14232, 3958.6470588235293, 15762374.934256054, 31433261.470588237, 3, 156, 19, 67538, 91, 14232, 3554.6315789473683, 15659678.187500004, 28126117.157894738
48, 2496, 3, 436, 91, 195, 145.33333333333334, 1813.5555555555557, 22935.333333333332, 3, 156, 200, 1375603, 83, 19904, 6878.015, 29486890.964775, 76793981.305, 51, 2652, 203, 1376039, 83, 19904, 6778.517241379311, 29602323.879957393, 75659433.8275862
6, 312, 0, 0, 0, 0, 0, 0, 0, 4, 208, 1, 83, 83, 83, 83.0, 0.0, 6889.0, 10, 520, 1, 83, 83, 83, 83.0, 0.0, 6889.0
0, 0, 0, 0, 0, 0, 0, 0, 0, 0, 0, 0, 0, 0, 0, 0, 0, 0, 0, 0, 0, 0, 0, 0, 0, 0, 0
0, 0, 1, 195, 195, 195, 195.0, 0.0, 38025.0, 0, 0, 0, 0, 0, 0, 0, 0, 0, 0, 0, 1, 195, 195, 195, 195.0, 0.0, 38025.0
0, 0, 0, 0, 0, 0, 0, 0, 0, 0, 0, 0, 0, 0, 0, 0, 0, 0, 0, 0, 0, 0, 0, 0, 0, 0, 0
0, 0, 0, 0, 0, 0, 0, 0, 0, 0, 0, 0, 0, 0, 0, 0, 0, 0, 0, 0, 0, 0, 0, 0, 0, 0, 0
1, 52, 2, 263, 68, 195, 131.5, 4032.25, 21324.5, 1, 52, 0, 0, 0, 0, 0, 0, 0, 2, 104, 2, 263, 68, 195, 131.5, 4032.25, 21324.5
0, 0, 0, 0, 0, 0, 0, 0, 0, 0, 0, 0, 0, 0, 0, 0, 0, 0, 0, 0, 0, 0, 0, 0, 0, 0, 0
0, 0, 0, 0, 0, 0, 0, 0, 0, 0, 0, 0, 0, 0, 0, 0, 0, 0, 0, 0, 0, 0, 0, 0, 0, 0, 0
0, 0, 2, 263, 68, 195, 131.5, 4032.25, 21324.5, 0, 0, 0, 0, 0, 0, 0, 0, 0, 0, 0, 2, 263, 68, 195, 131.5, 4032.25, 21324.5
31, 1612, 4, 483, 91, 151, 120.75, 885.1875, 15465.75, 4, 208, 159, 825445, 91, 17068, 5191.477987421384, 13283349.947628653, 40234793.641509436, 35, 1820, 163, 825928, 91, 17068, 5067.042944785276, 13433789.827485435, 39247816.26993865
0, 0, 0, 0, 0, 0, 0, 0, 0, 0, 0, 0, 0, 0, 0, 0, 0, 0, 0, 0, 0, 0, 0, 0, 0, 0, 0
0, 0, 0, 0, 0, 0, 0, 0, 0, 0, 0, 0, 0, 0, 0, 0, 0, 0, 0, 0, 0, 0, 0, 0, 0, 0, 0
0, 0, 0, 0, 0, 0, 0, 0, 0, 0, 0, 0, 0, 0, 0, 0, 0, 0, 0, 0, 0, 0, 0, 0, 0, 0, 0
0, 0, 1, 68, 68, 68, 68.0, 0.0, 4624.0, 0, 0, 0, 0, 0, 0, 0, 0, 0, 0, 0, 1, 68, 68, 68, 68.0, 0.0, 4624.0
2, 104, 2, 729, 91, 638, 364.5, 74802.25, 207662.5, 1, 52, 2, 422, 91, 331, 211.0, 14400.0, 58921.0, 3, 156, 4, 1151, 91, 638, 287.75, 39770.13888888889, 133291.75
0, 0, 0, 0, 0, 0, 0, 0, 0, 0, 0, 0, 0, 0, 0, 0, 0, 0, 0, 0, 0, 0, 0, 0, 0, 0, 0
5, 276, 0, 0, 0, 0, 0, 0, 0, 0, 0, 0, 0, 0, 0, 0, 0, 0, 5, 276, 0, 0, 0, 0, 0, 0, 0
3, 156, 4, 2028, 103, 787, 507.0, 62326.0, 319375.0, 3, 172, 1, 189, 189, 189, 189.0, 0.0, 35721.0, 6, 328, 5, 2217, 103, 787, 443.4, 64022.666666666664, 262644.2
2, 104, 1, 103, 103, 103, 103.0, 0.0, 10609.0, 1, 52, 2, 512, 189, 323, 256.0, 4489.0, 70025.0, 3, 156, 3, 615, 103, 323, 205.0, 7336.639999999999, 50219.666666666664
0, 0, 0, 0, 0, 0, 0, 0, 0, 1, 52, 0, 0, 0, 0, 0, 0, 0, 1, 52, 0, 0, 0, 0, 0, 0, 0
2, 104, 2, 241, 91, 150, 120.5, 870.25, 15390.5, 2, 104, 14, 67219, 91, 14232, 4801.357142857143, 16010514.658163263, 39063545.071428575, 4, 208, 16, 67460, 91, 14232, 4216.25, 16306520.276666667, 34182525.75
28, 1456, 2, 242, 91, 151, 121.0, 900.0, 15541.0, 2, 104, 142, 1132804, 91, 25576, 7977.492957746479, 36035484.68657012, 99675878.57746479, 30, 1560, 144, 1133046, 91, 25576, 7868.375, 36212115.855640866, 98291707.22222222
0, 0, 0, 0, 0, 0, 0, 0, 0, 0, 0, 0, 0, 0, 0, 0, 0, 0, 0, 0, 0, 0, 0, 0, 0, 0, 0
0, 0, 0, 0, 0, 0, 0, 0, 0, 0, 0, 0, 0, 0, 0, 0, 0, 0, 0, 0, 0, 0, 0, 0, 0, 0, 0
0, 0, 0, 0, 0, 0, 0, 0, 0, 0, 0, 0, 0, 0, 0, 0, 0, 0, 0, 0, 0, 0, 0, 0, 0, 0, 0
0, 0, 0, 0, 0, 0, 0, 0, 0, 0, 0, 0, 0, 0, 0, 0, 0, 0, 0, 0, 0, 0, 0, 0, 0, 0, 0
0, 0, 0, 0, 0, 0, 0, 0, 0, 0, 0, 0, 0, 0, 0, 0, 0, 0, 0, 0, 0, 0, 0, 0, 0, 0, 0
0, 0, 0, 0, 0, 0, 0, 0, 0, 0, 0, 0, 0, 0, 0, 0, 0, 0, 0, 0, 0, 0, 0, 0, 0, 0, 0
0, 0, 0, 0, 0, 0, 0, 0, 0, 0, 0, 0, 0, 0, 0, 0, 0, 0, 0, 0, 0, 0, 0, 0, 0, 0, 0
0, 0, 0, 0, 0, 0, 0, 0, 0, 0, 0, 0, 0, 0, 0, 0, 0, 0, 0, 0, 0, 0, 0, 0, 0, 0, 0
0, 0, 0, 0, 0, 0, 0, 0, 0, 0, 0, 0, 0, 0, 0, 0, 0, 0, 0, 0, 0, 0, 0, 0, 0, 0, 0
0, 0, 1, 150, 150, 150, 150.0, 0.0, 22500.0, 0, 0, 0, 0, 0, 0, 0, 0, 0, 0, 0, 1, 150, 150, 150, 150.0, 0.0, 22500.0
56, 2912, 3, 333, 91, 151, 111.0, 800.0, 13121.0, 4, 208, 186, 1401982, 91, 25576, 7537.537634408603, 35388616.01202451, 92203089.60215054, 60, 3120, 189, 1402315, 91, 25576, 7419.656084656084, 35543211.35229156, 90739756.76719576
0, 0, 0, 0, 0, 0, 0, 0, 0, 0, 0, 0, 0, 0, 0, 0, 0, 0, 0, 0, 0, 0, 0, 0, 0, 0, 0
0, 0, 0, 0, 0, 0, 0, 0, 0, 0, 0, 0, 0, 0, 0, 0, 0, 0, 0, 0, 0, 0, 0, 0, 0, 0, 0
0, 0, 0, 0, 0, 0, 0, 0, 0, 0, 0, 0, 0, 0, 0, 0, 0, 0, 0, 0, 0, 0, 0, 0, 0, 0, 0
0, 0, 0, 0, 0, 0, 0, 0, 0, 0, 0, 0, 0, 0, 0, 0, 0, 0, 0, 0, 0, 0, 0, 0, 0, 0, 0
0, 0, 0, 0, 0, 0, 0, 0, 0, 0, 0, 0, 0, 0, 0, 0, 0, 0, 0, 0, 0, 0, 0, 0, 0, 0, 0
0, 0, 0, 0, 0, 0, 0, 0, 0, 0, 0, 0, 0, 0, 0, 0, 0, 0, 0, 0, 0, 0, 0, 0, 0, 0, 0
1, 52, 0, 0, 0, 0, 0, 0, 0, 1, 52, 0, 0, 0, 0, 0, 0, 0, 2, 104, 0, 0, 0, 0, 0, 0, 0
1, 52, 0, 0, 0, 0, 0, 0, 0, 1, 52, 1, 83, 83, 83, 83.0, 0.0, 6889.0, 2, 104, 1, 83, 83, 83, 83.0, 0.0, 6889.0
2, 104, 0, 0, 0, 0, 0, 0, 0, 1, 52, 2, 376, 83, 293, 188.0, 11025.0, 46369.0, 3, 156, 2, 376, 83, 293, 188.0, 11025.0, 46369.0
0, 0, 0, 0, 0, 0, 0, 0, 0, 0, 0, 0, 0, 0, 0, 0, 0, 0, 0, 0, 0, 0, 0, 0, 0, 0, 0
39, 2028, 4, 483, 91, 151, 120.75, 885.1875, 15465.75, 4, 208, 159, 1219900, 91, 22740, 7672.327044025157, 33505383.490526486, 92369985.7610063, 43, 2236, 163, 1220383, 91, 22740, 7487.01226993865, 33788779.963938504, 90103617.17177914
0, 0, 0, 0, 0, 0, 0, 0, 0, 0, 0, 0, 0, 0, 0, 0, 0, 0, 0, 0, 0, 0, 0, 0, 0, 0, 0
10, 520, 0, 0, 0, 0, 0, 0, 0, 10, 520, 0, 0, 0, 0, 0, 0, 0, 20, 1040, 0, 0, 0, 0, 0, 0, 0
0, 0, 0, 0, 0, 0, 0, 0, 0, 0, 0, 0, 0, 0, 0, 0, 0, 0, 0, 0, 0, 0, 0, 0, 0, 0, 0
0, 0, 0, 0, 0, 0, 0, 0, 0, 0, 0, 0, 0, 0, 0, 0, 0, 0, 0, 0, 0, 0, 0, 0, 0, 0, 0
0, 0, 0, 0, 0, 0, 0, 0, 0, 0, 0, 0, 0, 0, 0, 0, 0, 0, 0, 0, 0, 0, 0, 0, 0, 0, 0
0, 0, 0, 0, 0, 0, 0, 0, 0, 0, 0, 0, 0, 0, 0, 0, 0, 0, 0, 0, 0, 0, 0, 0, 0, 0, 0
0, 0, 0, 0, 0, 0, 0, 0, 0, 0, 0, 0, 0, 0, 0, 0, 0, 0, 0, 0, 0, 0, 0, 0, 0, 0, 0
0, 0, 0, 0, 0, 0, 0, 0, 0, 0, 0, 0, 0, 0, 0, 0, 0, 0, 0, 0, 0, 0, 0, 0, 0, 0, 0
0, 0, 0, 0, 0, 0, 0, 0, 0, 0, 0, 0, 0, 0, 0, 0, 0, 0, 0, 0, 0, 0, 0, 0, 0, 0, 0
0, 0, 0, 0, 0, 0, 0, 0, 0, 0, 0, 0, 0, 0, 0, 0, 0, 0, 0, 0, 0, 0, 0, 0, 0, 0, 0
2, 104, 2, 241, 91, 150, 120.5, 870.25, 15390.5, 2, 104, 18, 67832, 91, 12814, 3768.4444444444443, 9008851.691358022, 23210025.222222224, 4, 208, 20, 68073, 91, 12814, 3403.65, 9198279.194598338, 20890561.75
46, 2392, 2, 242, 91, 151, 121.0, 900.0, 15541.0, 2, 104, 184, 1353404, 91, 22740, 7355.45652173913, 33839044.606805295, 87941785.25, 48, 2496, 186, 1353646, 91, 22740, 7277.666666666667, 33937511.157633305, 86996341.76344086
0, 0, 0, 0, 0, 0, 0, 0, 0, 0, 0, 0, 0, 0, 0, 0, 0, 0, 0, 0, 0, 0, 0, 0, 0, 0, 0
3, 164, 0, 0, 0, 0, 0, 0, 0, 0, 0, 0, 0, 0, 0, 0, 0, 0, 3, 164, 0, 0, 0, 0, 0, 0, 0
2, 112, 1, 569, 569, 569, 569.0, 0.0, 323761.0, 2, 112, 0, 0, 0, 0, 0, 0, 0, 4, 224, 1, 569, 569, 569, 569.0, 0.0, 323761.0
2, 104, 3, 1459, 103, 787, 486.3333333333333, 81392.88888888889, 317913.0, 1, 60, 1, 189, 189, 189, 189.0, 0.0, 35721.0, 3, 164, 4, 1648, 103, 787, 412.0, 70053.44, 247365.0
2, 104, 1, 103, 103, 103, 103.0, 0.0, 10609.0, 1, 52, 2, 512, 189, 323, 256.0, 4489.0, 70025.0, 3, 156, 3, 615, 103, 323, 205.0, 7336.639999999999, 50219.666666666664
0, 0, 0, 0, 0, 0, 0, 0, 0, 1, 52, 0, 0, 0, 0, 0, 0, 0, 1, 52, 0, 0, 0, 0, 0, 0, 0
0, 0, 0, 0, 0, 0, 0, 0, 0, 0, 0, 0, 0, 0, 0, 0, 0, 0, 0, 0, 0, 0, 0, 0, 0, 0, 0
0, 0, 0, 0, 0, 0, 0, 0, 0, 0, 0, 0, 0, 0, 0, 0, 0, 0, 0, 0, 0, 0, 0, 0, 0, 0, 0
0, 0, 0, 0, 0, 0, 0, 0, 0, 0, 0, 0, 0, 0, 0, 0, 0, 0, 0, 0, 0, 0, 0, 0, 0, 0, 0
2, 104, 2, 241, 91, 150, 120.5, 870.25, 15390.5, 2, 104, 15, 66978, 91, 12814, 4465.2, 11646061.893333329, 31584072.933333334, 4, 208, 17, 67219, 91, 12814, 3954.0588235294117, 12024277.538085938, 27870110.29411765
34, 1768, 3, 329, 87, 151, 109.66666666666667, 856.888888888889, 12883.666666666666, 3, 156, 151, 1165477, 91, 24158, 7718.390728476821, 38813171.31090742, 98386726.74834438, 37, 1924, 154, 1165806, 87, 24158, 7570.168831168831, 38995246.04413868, 96470353.18181819
0, 0, 0, 0, 0, 0, 0, 0, 0, 0, 0, 0, 0, 0, 0, 0, 0, 0, 0, 0, 0, 0, 0, 0, 0, 0, 0
3, 156, 0, 0, 0, 0, 0, 0, 0, 3, 156, 0, 0, 0, 0, 0, 0, 0, 6, 312, 0, 0, 0, 0, 0, 0, 0
0, 0, 0, 0, 0, 0, 0, 0, 0, 0, 0, 0, 0, 0, 0, 0, 0, 0, 0, 0, 0, 0, 0, 0, 0, 0, 0
2, 104, 2, 729, 91, 638, 364.5, 74802.25, 207662.5, 1, 52, 2, 422, 91, 331, 211.0, 14400.0, 58921.0, 3, 156, 4, 1151, 91, 638, 287.75, 39770.13888888889, 133291.75
0, 0, 0, 0, 0, 0, 0, 0, 0, 0, 0, 0, 0, 0, 0, 0, 0, 0, 0, 0, 0, 0, 0, 0, 0, 0, 0
0, 0, 0, 0, 0, 0, 0, 0, 0, 0, 0, 0, 0, 0, 0, 0, 0, 0, 0, 0, 0, 0, 0, 0, 0, 0, 0
0, 0, 0, 0, 0, 0, 0, 0, 0, 0, 0, 0, 0, 0, 0, 0, 0, 0, 0, 0, 0, 0, 0, 0, 0, 0, 0
0, 0, 0, 0, 0, 0, 0, 0, 0, 0, 0, 0, 0, 0, 0, 0, 0, 0, 0, 0, 0, 0, 0, 0, 0, 0, 0
0, 0, 0, 0, 0, 0, 0, 0, 0, 0, 0, 0, 0, 0, 0, 0, 0, 0, 0, 0, 0, 0, 0, 0, 0, 0, 0
56, 2912, 4, 483, 91, 151, 120.75, 885.1875, 15465.75, 4, 208, 212, 1078278, 91, 14932, 5086.2169811320755, 11847108.009522961, 37716711.18867925, 60, 3120, 216, 1078761, 91, 14932, 4994.263888888889, 11964670.728202244, 37018539.97685185
2, 104, 0, 0, 0, 0, 0, 0, 0, 2, 104, 1, 76, 76, 76, 76.0, 0.0, 5776.0, 4, 208, 1, 76, 76, 76, 76.0, 0.0, 5776.0
0, 0, 0, 0, 0, 0, 0, 0, 0, 0, 0, 0, 0, 0, 0, 0, 0, 0, 0, 0, 0, 0, 0, 0, 0, 0, 0
0, 0, 0, 0, 0, 0, 0, 0, 0, 0, 0, 0, 0, 0, 0, 0, 0, 0, 0, 0, 0, 0, 0, 0, 0, 0, 0
0, 0, 0, 0, 0, 0, 0, 0, 0, 0, 0, 0, 0, 0, 0, 0, 0, 0, 0, 0, 0, 0, 0, 0, 0, 0, 0
0, 0, 0, 0, 0, 0, 0, 0, 0, 0, 0, 0, 0, 0, 0, 0, 0, 0, 0, 0, 0, 0, 0, 0, 0, 0, 0
2, 104, 0, 0, 0, 0, 0, 0, 0, 1, 52, 1, 83, 83, 83, 83.0, 0.0, 6889.0, 3, 156, 1, 83, 83, 83, 83.0, 0.0, 6889.0
1, 52, 0, 0, 0, 0, 0, 0, 0, 1, 52, 2, 376, 83, 293, 188.0, 11025.0, 46369.0, 2, 104, 2, 376, 83, 293, 188.0, 11025.0, 46369.0
0, 0, 0, 0, 0, 0, 0, 0, 0, 0, 0, 0, 0, 0, 0, 0, 0, 0, 0, 0, 0, 0, 0, 0, 0, 0, 0
0, 0, 0, 0, 0, 0, 0, 0, 0, 0, 0, 0, 0, 0, 0, 0, 0, 0, 0, 0, 0, 0, 0, 0, 0, 0, 0
0, 0, 0, 0, 0, 0, 0, 0, 0, 0, 0, 0, 0, 0, 0, 0, 0, 0, 0, 0, 0, 0, 0, 0, 0, 0, 0
36, 1872, 2, 241, 91, 150, 120.5, 870.25, 15390.5, 2, 104, 176, 944320, 91, 17768, 5365.454545454545, 14237420.827479338, 43025523.30681818, 38, 1976, 178, 944561, 91, 17768, 5306.5224719101125, 14311531.428780043, 42542263.38764045
4, 216, 2, 241, 91, 150, 120.5, 870.25, 15390.5, 3, 164, 16, 67425, 91, 8560, 4214.0625, 7769926.05859375, 25528248.8125, 7, 380, 18, 67666, 91, 8560, 3759.222222222222, 8240660.018166089, 22693486.777777776
1, 52, 2, 1225, 93, 1132, 612.5, 269880.25, 645036.5, 2, 104, 1, 72, 72, 72, 72.0, 0.0, 5184.0, 3, 156, 3, 1297, 72, 1132, 432.3333333333333, 207975.1875, 431752.3333333333
1, 52, 0, 0, 0, 0, 0, 0, 0, 2, 104, 0, 0, 0, 0, 0, 0, 0, 3, 156, 0, 0, 0, 0, 0, 0, 0
0, 0, 0, 0, 0, 0, 0, 0, 0, 0, 0, 0, 0, 0, 0, 0, 0, 0, 0, 0, 0, 0, 0, 0, 0, 0, 0
0, 0, 0, 0, 0, 0, 0, 0, 0, 0, 0, 0, 0, 0, 0, 0, 0, 0, 0, 0, 0, 0, 0, 0, 0, 0, 0
0, 0, 1, 195, 195, 195, 195.0, 0.0, 38025.0, 0, 0, 0, 0, 0, 0, 0, 0, 0, 0, 0, 1, 195, 195, 195, 195.0, 0.0, 38025.0
0, 0, 0, 0, 0, 0, 0, 0, 0, 0, 0, 0, 0, 0, 0, 0, 0, 0, 0, 0, 0, 0, 0, 0, 0, 0, 0
0, 0, 1, 195, 195, 195, 195.0, 0.0, 38025.0, 0, 0, 0, 0, 0, 0, 0, 0, 0, 0, 0, 1, 195, 195, 195, 195.0, 0.0, 38025.0
0, 0, 0, 0, 0, 0, 0, 0, 0, 0, 0, 0, 0, 0, 0, 0, 0, 0, 0, 0, 0, 0, 0, 0, 0, 0, 0
0, 0, 0, 0, 0, 0, 0, 0, 0, 0, 0, 0, 0, 0, 0, 0, 0, 0, 0, 0, 0, 0, 0, 0, 0, 0, 0
1, 52, 2, 345, 150, 195, 172.5, 506.25, 30262.5, 1, 52, 13, 39968, 358, 11396, 3074.4615384615386, 7612134.248520709, 17064448.0, 2, 104, 15, 40313, 150, 11396, 2687.5333333333333, 7627007.503826529, 14793223.266666668
57, 2972, 3, 332, 91, 150, 110.66666666666667, 773.5555555555555, 13020.666666666666, 3, 156, 207, 1008717, 91, 15650, 4873.028985507246, 9433862.008821677, 33180273.50241546, 60, 3128, 210, 1009049, 91, 15650, 4804.995238095238, 9527990.355962712, 32706455.604761906
2, 112, 1, 569, 569, 569, 569.0, 0.0, 323761.0, 2, 112, 0, 0, 0, 0, 0, 0, 0, 4, 224, 1, 569, 569, 569, 569.0, 0.0, 323761.0
3, 156, 5, 1758, 103, 788, 351.6, 77167.04000000001, 200789.6, 1, 60, 2, 378, 189, 189, 189.0, 0.0, 35721.0, 4, 216, 7, 2136, 103, 788, 305.14285714285717, 49398.666666666664, 153627.14285714287
1, 52, 0, 0, 0, 0, 0, 0, 0, 2, 104, 1, 323, 323, 323, 323.0, 0.0, 104329.0, 3, 156, 1, 323, 323, 323, 323.0, 0.0, 104329.0
0, 0, 0, 0, 0, 0, 0, 0, 0, 0, 0, 0, 0, 0, 0, 0, 0, 0, 0, 0, 0, 0, 0, 0, 0, 0, 0
0, 0, 0, 0, 0, 0, 0, 0, 0, 0, 0, 0, 0, 0, 0, 0, 0, 0, 0, 0, 0, 0, 0, 0, 0, 0, 0
0, 0, 0, 0, 0, 0, 0, 0, 0, 0, 0, 0, 0, 0, 0, 0, 0, 0, 0, 0, 0, 0, 0, 0, 0, 0, 0
0, 0, 0, 0, 0, 0, 0, 0, 0, 0, 0, 0, 0, 0, 0, 0, 0, 0, 0, 0, 0, 0, 0, 0, 0, 0, 0
0, 0, 0, 0, 0, 0, 0, 0, 0, 0, 0, 0, 0, 0, 0, 0, 0, 0, 0, 0, 0, 0, 0, 0, 0, 0, 0
0, 0, 0, 0, 0, 0, 0, 0, 0, 0, 0, 0, 0, 0, 0, 0, 0, 0, 0, 0, 0, 0, 0, 0, 0, 0, 0
2, 104, 2, 241, 91, 150, 120.5, 870.25, 15390.5, 2, 104, 16, 67062, 91, 12814, 4191.375, 11661654.234375, 29229278.625, 4, 208, 18, 67303, 91, 12814, 3739.0555555555557, 11893208.021626297, 25983291.055555556
26, 1352, 2, 241, 91, 150, 120.5, 870.25, 15390.5, 2, 104, 156, 819356, 91, 15650, 5252.282051282052, 12626121.010190666, 40212587.756410256, 28, 1456, 158, 819597, 91, 15650, 5187.322784810127, 12712377.037050186, 39703762.474683546
0, 0, 0, 0, 0, 0, 0, 0, 0, 0, 0, 0, 0, 0, 0, 0, 0, 0, 0, 0, 0, 0, 0, 0, 0, 0, 0
0, 0, 0, 0, 0, 0, 0, 0, 0, 0, 0, 0, 0, 0, 0, 0, 0, 0, 0, 0, 0, 0, 0, 0, 0, 0, 0
0, 0, 0, 0, 0, 0, 0, 0, 0, 0, 0, 0, 0, 0, 0, 0, 0, 0, 0, 0, 0, 0, 0, 0, 0, 0, 0
0, 0, 0, 0, 0, 0, 0, 0, 0, 0, 0, 0, 0, 0, 0, 0, 0, 0, 0, 0, 0, 0, 0, 0, 0, 0, 0
0, 0, 0, 0, 0, 0, 0, 0, 0, 0, 0, 0, 0, 0, 0, 0, 0, 0, 0, 0, 0, 0, 0, 0, 0, 0, 0
0, 0, 0, 0, 0, 0, 0, 0, 0, 0, 0, 0, 0, 0, 0, 0, 0, 0, 0, 0, 0, 0, 0, 0, 0, 0, 0
0, 0, 0, 0, 0, 0, 0, 0, 0, 0, 0, 0, 0, 0, 0, 0, 0, 0, 0, 0, 0, 0, 0, 0, 0, 0, 0
0, 0, 0, 0, 0, 0, 0, 0, 0, 0, 0, 0, 0, 0, 0, 0, 0, 0, 0, 0, 0, 0, 0, 0, 0, 0, 0
0, 0, 0, 0, 0, 0, 0, 0, 0, 0, 0, 0, 0, 0, 0, 0, 0, 0, 0, 0, 0, 0, 0, 0, 0, 0, 0
0, 0, 0, 0, 0, 0, 0, 0, 0, 0, 0, 0, 0, 0, 0, 0, 0, 0, 0, 0, 0, 0, 0, 0, 0, 0, 0
33, 1716, 3, 437, 91, 195, 145.66666666666666, 1816.8888888888887, 23035.666666666668, 2, 104, 229, 1077873, 91, 18486, 4706.868995633188, 10223287.974104231, 32377903.716157205, 35, 1820, 232, 1078310, 91, 18486, 4647.887931034483, 10291277.396869017, 31959521.80172414
0, 0, 0, 0, 0, 0, 0, 0, 0, 0, 0, 0, 0, 0, 0, 0, 0, 0, 0, 0, 0, 0, 0, 0, 0, 0, 0
0, 0, 0, 0, 0, 0, 0, 0, 0, 0, 0, 0, 0, 0, 0, 0, 0, 0, 0, 0, 0, 0, 0, 0, 0, 0, 0
3, 156, 1, 195, 195, 195, 195.0, 0.0, 38025.0, 2, 104, 3, 459, 83, 293, 153.0, 9800.0, 33209.0, 5, 260, 4, 654, 83, 293, 163.5, 8616.0, 34413.0
5, 260, 2, 729, 91, 638, 364.5, 74802.25, 207662.5, 4, 208, 2, 422, 91, 331, 211.0, 14400.0, 58921.0, 9, 468, 4, 1151, 91, 638, 287.75, 39770.13888888889, 133291.75
0, 0, 0, 0, 0, 0, 0, 0, 0, 0, 0, 0, 0, 0, 0, 0, 0, 0, 0, 0, 0, 0, 0, 0, 0, 0, 0
0, 0, 1, 195, 195, 195, 195.0, 0.0, 38025.0, 0, 0, 0, 0, 0, 0, 0, 0, 0, 0, 0, 1, 195, 195, 195, 195.0, 0.0, 38025.0
0, 0, 0, 0, 0, 0, 0, 0, 0, 0, 0, 0, 0, 0, 0, 0, 0, 0, 0, 0, 0, 0, 0, 0, 0, 0, 0
0, 0, 1, 195, 195, 195, 195.0, 0.0, 38025.0, 0, 0, 0, 0, 0, 0, 0, 0, 0, 0, 0, 1, 195, 195, 195, 195.0, 0.0, 38025.0
1, 52, 1, 195, 195, 195, 195.0, 0.0, 38025.0, 1, 52, 0, 0, 0, 0, 0, 0, 0, 2, 104, 1, 195, 195, 195, 195.0, 0.0, 38025.0
0, 0, 0, 0, 0, 0, 0, 0, 0, 0, 0, 0, 0, 0, 0, 0, 0, 0, 0, 0, 0, 0, 0, 0, 0, 0, 0
37, 1924, 3, 437, 91, 195, 145.66666666666666, 1816.8888888888887, 23035.666666666668, 2, 104, 156, 1132130, 91, 19904, 7257.24358974359, 24777606.87656147, 77445191.3974359, 39, 2028, 159, 1132567, 91, 19904, 7123.062893081761, 25018721.86884354, 75984396.0062893
7, 372, 7, 4205, 72, 2948, 600.7142857142857, 952765.6326530612, 1313623.2857142857, 4, 216, 5, 1267, 122, 346, 253.4, 8422.24, 72633.8, 11, 588, 12, 5472, 72, 2948, 456.0, 426487.1833910034, 796544.3333333334
0, 0, 0, 0, 0, 0, 0, 0, 0, 1, 52, 0, 0, 0, 0, 0, 0, 0, 1, 52, 0, 0, 0, 0, 0, 0, 0
0, 0, 1, 195, 195, 195, 195.0, 0.0, 38025.0, 0, 0, 0, 0, 0, 0, 0, 0, 0, 0, 0, 1, 195, 195, 195, 195.0, 0.0, 38025.0
0, 0, 0, 0, 0, 0, 0, 0, 0, 0, 0, 0, 0, 0, 0, 0, 0, 0, 0, 0, 0, 0, 0, 0, 0, 0, 0
0, 0, 1, 195, 195, 195, 195.0, 0.0, 38025.0, 0, 0, 0, 0, 0, 0, 0, 0, 0, 0, 0, 1, 195, 195, 195, 195.0, 0.0, 38025.0
0, 0, 0, 0, 0, 0, 0, 0, 0, 0, 0, 0, 0, 0, 0, 0, 0, 0, 0, 0, 0, 0, 0, 0, 0, 0, 0
0, 0, 0, 0, 0, 0, 0, 0, 0, 0, 0, 0, 0, 0, 0, 0, 0, 0, 0, 0, 0, 0, 0, 0, 0, 0, 0
0, 0, 0, 0, 0, 0, 0, 0, 0, 0, 0, 0, 0, 0, 0, 0, 0, 0, 0, 0, 0, 0, 0, 0, 0, 0, 0
2, 120, 0, 0, 0, 0, 0, 0, 0, 0, 0, 0, 0, 0, 0, 0, 0, 0, 2, 120, 0, 0, 0, 0, 0, 0, 0
5, 260, 6, 3427, 103, 788, 571.1666666666666, 49816.13888888888, 376047.5, 2, 120, 3, 697, 189, 291, 232.33333333333334, 1851.5555555555554, 55830.333333333336, 7, 380, 9, 4124, 103, 788, 458.22222222222223, 54535.854166666664, 269308.44444444444
2, 104, 1, 103, 103, 103, 103.0, 0.0, 10609.0, 1, 52, 2, 512, 189, 323, 256.0, 4489.0, 70025.0, 3, 156, 3, 615, 103, 323, 205.0, 7336.639999999999, 50219.666666666664
39, 2028, 3, 329, 87, 151, 109.66666666666667, 856.888888888889, 12883.666666666666, 4, 208, 226, 1037469, 91, 14932, 4590.570796460177, 8166289.590120604, 29239629.827433627, 43, 2236, 229, 1037798, 87, 14932, 4531.868995633188, 8243964.4256780585, 28856746.689956333
0, 0, 0, 0, 0, 0, 0, 0, 0, 0, 0, 0, 0, 0, 0, 0, 0, 0, 0, 0, 0, 0, 0, 0, 0, 0, 0
0, 0, 0, 0, 0, 0, 0, 0, 0, 0, 0, 0, 0, 0, 0, 0, 0, 0, 0, 0, 0, 0, 0, 0, 0, 0, 0
0, 0, 1, 195, 195, 195, 195.0, 0.0, 38025.0, 0, 0, 0, 0, 0, 0, 0, 0, 0, 0, 0, 1, 195, 195, 195, 195.0, 0.0, 38025.0
0, 0, 0, 0, 0, 0, 0, 0, 0, 0, 0, 0, 0, 0, 0, 0, 0, 0, 0, 0, 0, 0, 0, 0, 0, 0, 0
0, 0, 1, 195, 195, 195, 195.0, 0.0, 38025.0, 0, 0, 0, 0, 0, 0, 0, 0, 0, 0, 0, 1, 195, 195, 195, 195.0, 0.0, 38025.0
0, 0, 0, 0, 0, 0, 0, 0, 0, 0, 0, 0, 0, 0, 0, 0, 0, 0, 0, 0, 0, 0, 0, 0, 0, 0, 0
0, 0, 0, 0, 0, 0, 0, 0, 0, 0, 0, 0, 0, 0, 0, 0, 0, 0, 0, 0, 0, 0, 0, 0, 0, 0, 0
0, 0, 1, 195, 195, 195, 195.0, 0.0, 38025.0, 0, 0, 0, 0, 0, 0, 0, 0, 0, 0, 0, 1, 195, 195, 195, 195.0, 0.0, 38025.0
0, 0, 0, 0, 0, 0, 0, 0, 0, 0, 0, 0, 0, 0, 0, 0, 0, 0, 0, 0, 0, 0, 0, 0, 0, 0, 0
0, 0, 0, 0, 0, 0, 0, 0, 0, 0, 0, 0, 0, 0, 0, 0, 0, 0, 0, 0, 0, 0, 0, 0, 0, 0, 0
30, 1560, 3, 437, 91, 195, 145.66666666666666, 1816.8888888888887, 23035.666666666668, 2, 104, 189, 992753, 91, 15650, 5252.661375661376, 12496319.165756838, 40086770.693121694, 32, 1664, 192, 993190, 91, 15650, 5172.864583333333, 12601685.522971049, 39460774.833333336
0, 0, 0, 0, 0, 0, 0, 0, 0, 0, 0, 0, 0, 0, 0, 0, 0, 0, 0, 0, 0, 0, 0, 0, 0, 0, 0
0, 0, 1, 195, 195, 195, 195.0, 0.0, 38025.0, 0, 0, 0, 0, 0, 0, 0, 0, 0, 0, 0, 1, 195, 195, 195, 195.0, 0.0, 38025.0
0, 0, 0, 0, 0, 0, 0, 0, 0, 0, 0, 0, 0, 0, 0, 0, 0, 0, 0, 0, 0, 0, 0, 0, 0, 0, 0
0, 0, 0, 0, 0, 0, 0, 0, 0, 0, 0, 0, 0, 0, 0, 0, 0, 0, 0, 0, 0, 0, 0, 0, 0, 0, 0
0, 0, 1, 195, 195, 195, 195.0, 0.0, 38025.0, 0, 0, 0, 0, 0, 0, 0, 0, 0, 0, 0, 1, 195, 195, 195, 195.0, 0.0, 38025.0
0, 0, 0, 0, 0, 0, 0, 0, 0, 0, 0, 0, 0, 0, 0, 0, 0, 0, 0, 0, 0, 0, 0, 0, 0, 0, 0
0, 0, 0, 0, 0, 0, 0, 0, 0, 0, 0, 0, 0, 0, 0, 0, 0, 0, 0, 0, 0, 0, 0, 0, 0, 0, 0
0, 0, 1, 195, 195, 195, 195.0, 0.0, 38025.0, 0, 0, 0, 0, 0, 0, 0, 0, 0, 0, 0, 1, 195, 195, 195, 195.0, 0.0, 38025.0
1, 52, 1, 200, 200, 200, 200.0, 0.0, 40000.0, 0, 0, 0, 0, 0, 0, 0, 0, 0, 1, 52, 1, 200, 200, 200, 200.0, 0.0, 40000.0
57, 2976, 2, 242, 91, 151, 121.0, 900.0, 15541.0, 4, 208, 204, 1044877, 83, 17068, 5121.946078431372, 11531164.854935601, 37765496.48529412, 61, 3184, 206, 1045119, 83, 17068, 5073.3932038834955, 11596321.925425343, 37398992.0631068
2, 104, 2, 395, 195, 200, 197.5, 6.25, 39012.5, 1, 52, 2, 376, 83, 293, 188.0, 11025.0, 46369.0, 3, 156, 4, 771, 83, 293, 192.75, 7372.13888888889, 42690.75
0, 0, 0, 0, 0, 0, 0, 0, 0, 0, 0, 0, 0, 0, 0, 0, 0, 0, 0, 0, 0, 0, 0, 0, 0, 0, 0
0, 0, 0, 0, 0, 0, 0, 0, 0, 0, 0, 0, 0, 0, 0, 0, 0, 0, 0, 0, 0, 0, 0, 0, 0, 0, 0
0, 0, 2, 395, 195, 200, 197.5, 6.25, 39012.5, 0, 0, 0, 0, 0, 0, 0, 0, 0, 0, 0, 2, 395, 195, 200, 197.5, 6.25, 39012.5
10, 520, 0, 0, 0, 0, 0, 0, 0, 9, 468, 0, 0, 0, 0, 0, 0, 0, 19, 988, 0, 0, 0, 0, 0, 0, 0
0, 0, 0, 0, 0, 0, 0, 0, 0, 1, 52, 0, 0, 0, 0, 0, 0, 0, 1, 52, 0, 0, 0, 0, 0, 0, 0
0, 0, 2, 395, 195, 200, 197.5, 6.25, 39012.5, 0, 0, 0, 0, 0, 0, 0, 0, 0, 0, 0, 2, 395, 195, 200, 197.5, 6.25, 39012.5
0, 0, 0, 0, 0, 0, 0, 0, 0, 0, 0, 0, 0, 0, 0, 0, 0, 0, 0, 0, 0, 0, 0, 0, 0, 0, 0
0, 0, 1, 195, 195, 195, 195.0, 0.0, 38025.0, 0, 0, 0, 0, 0, 0, 0, 0, 0, 0, 0, 1, 195, 195, 195, 195.0, 0.0, 38025.0
0, 0, 0, 0, 0, 0, 0, 0, 0, 0, 0, 0, 0, 0, 0, 0, 0, 0, 0, 0, 0, 0, 0, 0, 0, 0, 0
42, 2184, 2, 242, 91, 151, 121.0, 900.0, 15541.0, 2, 104, 205, 924605, 91, 17068, 4510.268292682927, 9266979.620701963, 29609499.692682926, 44, 2288, 207, 924847, 91, 17068, 4467.859903381643, 9315067.357715147, 29323567.72463768
0, 0, 1, 195, 195, 195, 195.0, 0.0, 38025.0, 0, 0, 0, 0, 0, 0, 0, 0, 0, 0, 0, 1, 195, 195, 195, 195.0, 0.0, 38025.0
0, 0, 0, 0, 0, 0, 0, 0, 0, 0, 0, 0, 0, 0, 0, 0, 0, 0, 0, 0, 0, 0, 0, 0, 0, 0, 0
0, 0, 0, 0, 0, 0, 0, 0, 0, 0, 0, 0, 0, 0, 0, 0, 0, 0, 0, 0, 0, 0, 0, 0, 0, 0, 0
0, 0, 0, 0, 0, 0, 0, 0, 0, 0, 0, 0, 0, 0, 0, 0, 0, 0, 0, 0, 0, 0, 0, 0, 0, 0, 0
2, 104, 2, 729, 91, 638, 364.5, 74802.25, 207662.5, 1, 52, 2, 422, 91, 331, 211.0, 14400.0, 58921.0, 3, 156, 4, 1151, 91, 638, 287.75, 39770.13888888889, 133291.75
4, 204, 2, 314, 157, 157, 157.0, 0.0, 24649.0, 0, 0, 0, 0, 0, 0, 0, 0, 0, 4, 204, 2, 314, 157, 157, 157.0, 0.0, 24649.0
2, 112, 1, 569, 569, 569, 569.0, 0.0, 323761.0, 2, 112, 0, 0, 0, 0, 0, 0, 0, 4, 224, 1, 569, 569, 569, 569.0, 0.0, 323761.0
3, 144, 3, 1460, 103, 788, 486.6666666666667, 81593.55555555556, 318438.0, 1, 60, 1, 189, 189, 189, 189.0, 0.0, 35721.0, 4, 204, 4, 1649, 103, 788, 412.25, 70221.44, 247758.75
2, 104, 3, 417, 103, 157, 139.0, 648.0, 19969.0, 1, 52, 2, 512, 189, 323, 256.0, 4489.0, 70025.0, 3, 156, 5, 929, 103, 323, 185.8, 6195.265306122449, 39991.4
0, 0, 0, 0, 0, 0, 0, 0, 0, 1, 52, 0, 0, 0, 0, 0, 0, 0, 1, 52, 0, 0, 0, 0, 0, 0, 0
0, 0, 1, 151, 151, 151, 151.0, 0.0, 22801.0, 1, 52, 0, 0, 0, 0, 0, 0, 0, 1, 52, 1, 151, 151, 151, 151.0, 0.0, 22801.0
37, 1912, 2, 263, 91, 172, 131.5, 1640.25, 18932.5, 1, 52, 169, 1434643, 91, 22740, 8489.011834319526, 45634300.331220895, 117697622.25443786, 38, 1964, 171, 1434906, 91, 22740, 8391.263157894737, 45774326.64514706, 116321263.30994152
1, 40, 0, 0, 0, 0, 0, 0, 0, 0, 0, 0, 0, 0, 0, 0, 0, 0, 1, 40, 0, 0, 0, 0, 0, 0, 0
0, 0, 0, 0, 0, 0, 0, 0, 0, 0, 0, 0, 0, 0, 0, 0, 0, 0, 0, 0, 0, 0, 0, 0, 0, 0, 0
0, 0, 0, 0, 0, 0, 0, 0, 0, 0, 0, 0, 0, 0, 0, 0, 0, 0, 0, 0, 0, 0, 0, 0, 0, 0, 0
0, 0, 0, 0, 0, 0, 0, 0, 0, 0, 0, 0, 0, 0, 0, 0, 0, 0, 0, 0, 0, 0, 0, 0, 0, 0, 0
3, 156, 0, 0, 0, 0, 0, 0, 0, 3, 156, 0, 0, 0, 0, 0, 0, 0, 6, 312, 0, 0, 0, 0, 0, 0, 0
0, 0, 0, 0, 0, 0, 0, 0, 0, 0, 0, 0, 0, 0, 0, 0, 0, 0, 0, 0, 0, 0, 0, 0, 0, 0, 0
0, 0, 0, 0, 0, 0, 0, 0, 0, 0, 0, 0, 0, 0, 0, 0, 0, 0, 0, 0, 0, 0, 0, 0, 0, 0, 0
0, 0, 0, 0, 0, 0, 0, 0, 0, 0, 0, 0, 0, 0, 0, 0, 0, 0, 0, 0, 0, 0, 0, 0, 0, 0, 0
0, 0, 0, 0, 0, 0, 0, 0, 0, 0, 0, 0, 0, 0, 0, 0, 0, 0, 0, 0, 0, 0, 0, 0, 0, 0, 0
0, 0, 0, 0, 0, 0, 0, 0, 0, 0, 0, 0, 0, 0, 0, 0, 0, 0, 0, 0, 0, 0, 0, 0, 0, 0, 0
41, 2132, 2, 241, 91, 150, 120.5, 870.25, 15390.5, 2, 104, 201, 1412391, 91, 17068, 7026.820895522388, 25485072.435583275, 74861284.33333333, 43, 2236, 203, 1412632, 91, 17068, 6958.778325123153, 25593869.17338373, 74123886.36453202
0, 0, 0, 0, 0, 0, 0, 0, 0, 0, 0, 0, 0, 0, 0, 0, 0, 0, 0, 0, 0, 0, 0, 0, 0, 0, 0
0, 0, 1, 195, 195, 195, 195.0, 0.0, 38025.0, 0, 0, 0, 0, 0, 0, 0, 0, 0, 0, 0, 1, 195, 195, 195, 195.0, 0.0, 38025.0
0, 0, 0, 0, 0, 0, 0, 0, 0, 0, 0, 0, 0, 0, 0, 0, 0, 0, 0, 0, 0, 0, 0, 0, 0, 0, 0
0, 0, 0, 0, 0, 0, 0, 0, 0, 0, 0, 0, 0, 0, 0, 0, 0, 0, 0, 0, 0, 0, 0, 0, 0, 0, 0
0, 0, 2, 263, 68, 195, 131.5, 4032.25, 21324.5, 0, 0, 0, 0, 0, 0, 0, 0, 0, 0, 0, 2, 263, 68, 195, 131.5, 4032.25, 21324.5
0, 0, 0, 0, 0, 0, 0, 0, 0, 0, 0, 0, 0, 0, 0, 0, 0, 0, 0, 0, 0, 0, 0, 0, 0, 0, 0
0, 0, 1, 195, 195, 195, 195.0, 0.0, 38025.0, 0, 0, 0, 0, 0, 0, 0, 0, 0, 0, 0, 1, 195, 195, 195, 195.0, 0.0, 38025.0
2, 104, 1, 68, 68, 68, 68.0, 0.0, 4624.0, 1, 52, 1, 83, 83, 83, 83.0, 0.0, 6889.0, 3, 156, 2, 151, 68, 83, 75.5, 50.0, 5756.5
1, 52, 1, 157, 157, 157, 157.0, 0.0, 24649.0, 1, 52, 2, 376, 83, 293, 188.0, 11025.0, 46369.0, 2, 104, 3, 533, 83, 293, 177.66666666666666, 8973.759999999998, 39129.0
0, 0, 1, 195, 195, 195, 195.0, 0.0, 38025.0, 0, 0, 0, 0, 0, 0, 0, 0, 0, 0, 0, 1, 195, 195, 195, 195.0, 0.0, 38025.0
59, 3092, 7, 783, 72, 157, 111.85714285714286, 1284.9795918367347, 13797.0, 4, 208, 250, 1664650, 91, 22740, 6658.6, 26473298.968000002, 70810252.928, 63, 3300, 257, 1665433, 72, 22740, 6480.284046692607, 26691390.73060778, 68881944.78988327
0, 0, 0, 0, 0, 0, 0, 0, 0, 0, 0, 0, 0, 0, 0, 0, 0, 0, 0, 0, 0, 0, 0, 0, 0, 0, 0
0, 0, 1, 68, 68, 68, 68.0, 0.0, 4624.0, 0, 0, 0, 0, 0, 0, 0, 0, 0, 0, 0, 1, 68, 68, 68, 68.0, 0.0, 4624.0
0, 0, 1, 172, 172, 172, 172.0, 0.0, 29584.0, 0, 0, 0, 0, 0, 0, 0, 0, 0, 0, 0, 1, 172, 172, 172, 172.0, 0.0, 29584.0
0, 0, 0, 0, 0, 0, 0, 0, 0, 0, 0, 0, 0, 0, 0, 0, 0, 0, 0, 0, 0, 0, 0, 0, 0, 0, 0
0, 0, 0, 0, 0, 0, 0, 0, 0, 0, 0, 0, 0, 0, 0, 0, 0, 0, 0, 0, 0, 0, 0, 0, 0, 0, 0
0, 0, 1, 172, 172, 172, 172.0, 0.0, 29584.0, 0, 0, 0, 0, 0, 0, 0, 0, 0, 0, 0, 1, 172, 172, 172, 172.0, 0.0, 29584.0
0, 0, 0, 0, 0, 0, 0, 0, 0, 0, 0, 0, 0, 0, 0, 0, 0, 0, 0, 0, 0, 0, 0, 0, 0, 0, 0
0, 0, 0, 0, 0, 0, 0, 0, 0, 0, 0, 0, 0, 0, 0, 0, 0, 0, 0, 0, 0, 0, 0, 0, 0, 0, 0
0, 0, 1, 157, 157, 157, 157.0, 0.0, 24649.0, 0, 0, 0, 0, 0, 0, 0, 0, 0, 0, 0, 1, 157, 157, 157, 157.0, 0.0, 24649.0
0, 0, 0, 0, 0, 0, 0, 0, 0, 0, 0, 0, 0, 0, 0, 0, 0, 0, 0, 0, 0, 0, 0, 0, 0, 0, 0
2, 104, 3, 398, 91, 157, 132.66666666666666, 876.2222222222223, 18476.666666666668, 2, 104, 12, 67319, 91, 14232, 5609.916666666667, 18779315.743055552, 50250480.75, 4, 208, 15, 67717, 91, 14232, 4514.466666666666, 19655811.85185185, 40204079.93333333
81, 4212, 3, 328, 87, 150, 109.33333333333333, 829.5555555555555, 12783.333333333334, 3, 156, 258, 1698013, 91, 22740, 6581.445736434109, 25109624.27806322, 68425052.25968993, 84, 4368, 261, 1698341, 87, 22740, 6507.053639846743, 25205215.698219117, 67638704.34099618
0, 0, 0, 0, 0, 0, 0, 0, 0, 0, 0, 0, 0, 0, 0, 0, 0, 0, 0, 0, 0, 0, 0, 0, 0, 0, 0
3, 164, 0, 0, 0, 0, 0, 0, 0, 0, 0, 0, 0, 0, 0, 0, 0, 0, 3, 164, 0, 0, 0, 0, 0, 0, 0
2, 112, 1, 569, 569, 569, 569.0, 0.0, 323761.0, 2, 112, 0, 0, 0, 0, 0, 0, 0, 4, 224, 1, 569, 569, 569, 569.0, 0.0, 323761.0
3, 156, 4, 1563, 103, 788, 390.75, 88795.1875, 241480.75, 1, 60, 2, 378, 189, 189, 189.0, 0.0, 35721.0, 4, 216, 6, 1941, 103, 788, 323.5, 54573.359375, 172894.16666666666
1, 52, 0, 0, 0, 0, 0, 0, 0, 2, 104, 1, 323, 323, 323, 323.0, 0.0, 104329.0, 3, 156, 1, 323, 323, 323, 323.0, 0.0, 104329.0
0, 0, 1, 157, 157, 157, 157.0, 0.0, 24649.0, 0, 0, 0, 0, 0, 0, 0, 0, 0, 0, 0, 1, 157, 157, 157, 157.0, 0.0, 24649.0
0, 0, 0, 0, 0, 0, 0, 0, 0, 0, 0, 0, 0, 0, 0, 0, 0, 0, 0, 0, 0, 0, 0, 0, 0, 0, 0
0, 0, 0, 0, 0, 0, 0, 0, 0, 0, 0, 0, 0, 0, 0, 0, 0, 0, 0, 0, 0, 0, 0, 0, 0, 0, 0
0, 0, 1, 157, 157, 157, 157.0, 0.0, 24649.0, 0, 0, 0, 0, 0, 0, 0, 0, 0, 0, 0, 1, 157, 157, 157, 157.0, 0.0, 24649.0
39, 2052, 5, 555, 72, 151, 111.0, 1088.4, 13409.4, 4, 208, 215, 1575858, 91, 22740, 7329.572093023256, 28529123.482011903, 82251750.54883721, 43, 2260, 220, 1576413, 72, 22740, 7165.513636363637, 28793270.699770115, 80382697.3409091
0, 0, 0, 0, 0, 0, 0, 0, 0, 0, 0, 0, 0, 0, 0, 0, 0, 0, 0, 0, 0, 0, 0, 0, 0, 0, 0
0, 0, 1, 172, 172, 172, 172.0, 0.0, 29584.0, 0, 0, 0, 0, 0, 0, 0, 0, 0, 0, 0, 1, 172, 172, 172, 172.0, 0.0, 29584.0
0, 0, 0, 0, 0, 0, 0, 0, 0, 0, 0, 0, 0, 0, 0, 0, 0, 0, 0, 0, 0, 0, 0, 0, 0, 0, 0
2, 104, 3, 901, 91, 638, 300.3333333333333, 58102.8888888889, 148303.0, 1, 52, 2, 422, 91, 331, 211.0, 14400.0, 58921.0, 3, 156, 5, 1323, 91, 638, 264.6, 35084.204081632655, 112550.2
0, 0, 0, 0, 0, 0, 0, 0, 0, 0, 0, 0, 0, 0, 0, 0, 0, 0, 0, 0, 0, 0, 0, 0, 0, 0, 0
0, 0, 0, 0, 0, 0, 0, 0, 0, 0, 0, 0, 0, 0, 0, 0, 0, 0, 0, 0, 0, 0, 0, 0, 0, 0, 0
0, 0, 1, 157, 157, 157, 157.0, 0.0, 24649.0, 0, 0, 0, 0, 0, 0, 0, 0, 0, 0, 0, 1, 157, 157, 157, 157.0, 0.0, 24649.0
0, 0, 0, 0, 0, 0, 0, 0, 0, 0, 0, 0, 0, 0, 0, 0, 0, 0, 0, 0, 0, 0, 0, 0, 0, 0, 0
0, 0, 0, 0, 0, 0, 0, 0, 0, 0, 0, 0, 0, 0, 0, 0, 0, 0, 0, 0, 0, 0, 0, 0, 0, 0, 0
0, 0, 1, 157, 157, 157, 157.0, 0.0, 24649.0, 0, 0, 0, 0, 0, 0, 0, 0, 0, 0, 0, 1, 157, 157, 157, 157.0, 0.0, 24649.0
63, 3276, 4, 483, 91, 151, 120.75, 885.1875, 15465.75, 4, 208, 207, 1704513, 91, 17068, 8234.36231884058, 29679602.44360428, 97484325.2415459, 67, 3484, 211, 1704996, 91, 17068, 8080.549763033176, 30019526.16328037, 95636574.3507109
2, 104, 0, 0, 0, 0, 0, 0, 0, 2, 104, 1, 76, 76, 76, 76.0, 0.0, 5776.0, 4, 208, 1, 76, 76, 76, 76.0, 0.0, 5776.0
0, 0, 1, 226, 226, 226, 226.0, 0.0, 51076.0, 0, 0, 0, 0, 0, 0, 0, 0, 0, 0, 0, 1, 226, 226, 226, 226.0, 0.0, 51076.0
0, 0, 0, 0, 0, 0, 0, 0, 0, 0, 0, 0, 0, 0, 0, 0, 0, 0, 0, 0, 0, 0, 0, 0, 0, 0, 0
0, 0, 1, 157, 157, 157, 157.0, 0.0, 24649.0, 0, 0, 0, 0, 0, 0, 0, 0, 0, 0, 0, 1, 157, 157, 157, 157.0, 0.0, 24649.0
0, 0, 0, 0, 0, 0, 0, 0, 0, 0, 0, 0, 0, 0, 0, 0, 0, 0, 0, 0, 0, 0, 0, 0, 0, 0, 0
3, 156, 0, 0, 0, 0, 0, 0, 0, 2, 104, 3, 459, 83, 293, 153.0, 9800.0, 33209.0, 5, 260, 3, 459, 83, 293, 153.0, 9800.0, 33209.0
3, 156, 1, 157, 157, 157, 157.0, 0.0, 24649.0, 3, 156, 0, 0, 0, 0, 0, 0, 0, 6, 312, 1, 157, 157, 157, 157.0, 0.0, 24649.0
0, 0, 0, 0, 0, 0, 0, 0, 0, 0, 0, 0, 0, 0, 0, 0, 0, 0, 0, 0, 0, 0, 0, 0, 0, 0, 0
0, 0, 0, 0, 0, 0, 0, 0, 0, 0, 0, 0, 0, 0, 0, 0, 0, 0, 0, 0, 0, 0, 0, 0, 0, 0, 0
2, 104, 3, 413, 91, 172, 137.66666666666666, 1169.5555555555557, 20121.666666666668, 2, 104, 15, 67417, 91, 11770, 4494.466666666666, 10898116.915555557, 31098347.533333335, 4, 208, 18, 67830, 91, 11770, 3768.3333333333335, 11476221.390266301, 25918643.222222224
26, 1352, 2, 242, 91, 151, 121.0, 900.0, 15541.0, 2, 104, 191, 1058317, 91, 15741, 5540.926701570681, 11761762.256407443, 42463630.968586385, 28, 1456, 193, 1058559, 91, 15741, 5484.761658031088, 11852708.84624566, 42023754.388601035
0, 0, 0, 0, 0, 0, 0, 0, 0, 0, 0, 0, 0, 0, 0, 0, 0, 0, 0, 0, 0, 0, 0, 0, 0, 0, 0
1, 52, 1, 172, 172, 172, 172.0, 0.0, 29584.0, 1, 52, 0, 0, 0, 0, 0, 0, 0, 2, 104, 1, 172, 172, 172, 172.0, 0.0, 29584.0
0, 0, 0, 0, 0, 0, 0, 0, 0, 0, 0, 0, 0, 0, 0, 0, 0, 0, 0, 0, 0, 0, 0, 0, 0, 0, 0
0, 0, 0, 0, 0, 0, 0, 0, 0, 0, 0, 0, 0, 0, 0, 0, 0, 0, 0, 0, 0, 0, 0, 0, 0, 0, 0
0, 0, 1, 226, 226, 226, 226.0, 0.0, 51076.0, 0, 0, 0, 0, 0, 0, 0, 0, 0, 0, 0, 1, 226, 226, 226, 226.0, 0.0, 51076.0
0, 0, 0, 0, 0, 0, 0, 0, 0, 0, 0, 0, 0, 0, 0, 0, 0, 0, 0, 0, 0, 0, 0, 0, 0, 0, 0
0, 0, 1, 157, 157, 157, 157.0, 0.0, 24649.0, 0, 0, 0, 0, 0, 0, 0, 0, 0, 0, 0, 1, 157, 157, 157, 157.0, 0.0, 24649.0
0, 0, 0, 0, 0, 0, 0, 0, 0, 0, 0, 0, 0, 0, 0, 0, 0, 0, 0, 0, 0, 0, 0, 0, 0, 0, 0
0, 0, 0, 0, 0, 0, 0, 0, 0, 0, 0, 0, 0, 0, 0, 0, 0, 0, 0, 0, 0, 0, 0, 0, 0, 0, 0
2, 104, 3, 398, 91, 157, 132.66666666666666, 876.2222222222223, 18476.666666666668, 1, 52, 15, 67331, 91, 11396, 4488.733333333334, 11827411.928888889, 31976138.866666667, 3, 156, 18, 67729, 91, 11396, 3762.722222222222, 12320480.319559231, 26649861.833333332
0, 0, 0, 0, 0, 0, 0, 0, 0, 1, 52, 0, 0, 0, 0, 0, 0, 0, 1, 52, 0, 0, 0, 0, 0, 0, 0
73, 3812, 2, 242, 91, 151, 121.0, 900.0, 15541.0, 2, 104, 168, 1216623, 91, 22740, 7241.803571428572, 25228549.24117772, 77672268.20833333, 75, 3916, 170, 1216865, 91, 22740, 7158.029411764706, 25377532.434578624, 76758659.65294118
3, 156, 5, 2201, 103, 788, 440.2, 67955.76, 261731.8, 3, 172, 1, 189, 189, 189, 189.0, 0.0, 35721.0, 6, 328, 6, 2390, 103, 788, 398.3333333333333, 61417.67346938775, 224063.33333333334
2, 104, 1, 103, 103, 103, 103.0, 0.0, 10609.0, 1, 52, 2, 512, 189, 323, 256.0, 4489.0, 70025.0, 3, 156, 3, 615, 103, 323, 205.0, 7336.639999999999, 50219.666666666664
0, 0, 0, 0, 0, 0, 0, 0, 0, 1, 52, 0, 0, 0, 0, 0, 0, 0, 1, 52, 0, 0, 0, 0, 0, 0, 0
0, 0, 1, 172, 172, 172, 172.0, 0.0, 29584.0, 0, 0, 0, 0, 0, 0, 0, 0, 0, 0, 0, 1, 172, 172, 172, 172.0, 0.0, 29584.0
0, 0, 0, 0, 0, 0, 0, 0, 0, 0, 0, 0, 0, 0, 0, 0, 0, 0, 0, 0, 0, 0, 0, 0, 0, 0, 0
0, 0, 1, 157, 157, 157, 157.0, 0.0, 24649.0, 0, 0, 0, 0, 0, 0, 0, 0, 0, 0, 0, 1, 157, 157, 157, 157.0, 0.0, 24649.0
0, 0, 0, 0, 0, 0, 0, 0, 0, 0, 0, 0, 0, 0, 0, 0, 0, 0, 0, 0, 0, 0, 0, 0, 0, 0, 0
0, 0, 0, 0, 0, 0, 0, 0, 0, 0, 0, 0, 0, 0, 0, 0, 0, 0, 0, 0, 0, 0, 0, 0, 0, 0, 0
0, 0, 1, 157, 157, 157, 157.0, 0.0, 24649.0, 0, 0, 0, 0, 0, 0, 0, 0, 0, 0, 0, 1, 157, 157, 157, 157.0, 0.0, 24649.0
2, 104, 3, 436, 91, 195, 145.33333333333334, 1813.5555555555557, 22935.333333333332, 2, 104, 15, 67173, 91, 9978, 4478.2, 11147644.426666668, 31201919.666666668, 4, 208, 18, 67609, 91, 9978, 3756.0555555555557, 11685935.30211203, 26005422.277777776
56, 2912, 3, 329, 87, 151, 109.66666666666667, 856.888888888889, 12883.666666666666, 3, 156, 242, 1537029, 91, 18486, 6351.359504132231, 18975923.5443105, 59315691.09504132, 59, 3068, 245, 1537358, 87, 18486, 6274.930612244898, 19097547.798818566, 58589534.26938775
0, 0, 2, 421, 195, 226, 210.5, 240.25, 44550.5, 0, 0, 0, 0, 0, 0, 0, 0, 0, 0, 0, 2, 421, 195, 226, 210.5, 240.25, 44550.5
0, 0, 1, 195, 195, 195, 195.0, 0.0, 38025.0, 0, 0, 0, 0, 0, 0, 0, 0, 0, 0, 0, 1, 195, 195, 195, 195.0, 0.0, 38025.0
0, 0, 0, 0, 0, 0, 0, 0, 0, 0, 0, 0, 0, 0, 0, 0, 0, 0, 0, 0, 0, 0, 0, 0, 0, 0, 0
0, 0, 3, 547, 157, 195, 182.33333333333334, 320.8888888888889, 33566.333333333336, 0, 0, 0, 0, 0, 0, 0, 0, 0, 0, 0, 3, 547, 157, 195, 182.33333333333334, 320.88888888888886, 33566.333333333336
0, 0, 0, 0, 0, 0, 0, 0, 0, 0, 0, 0, 0, 0, 0, 0, 0, 0, 0, 0, 0, 0, 0, 0, 0, 0, 0
0, 0, 0, 0, 0, 0, 0, 0, 0, 0, 0, 0, 0, 0, 0, 0, 0, 0, 0, 0, 0, 0, 0, 0, 0, 0, 0
0, 0, 3, 547, 157, 195, 182.33333333333334, 320.8888888888889, 33566.333333333336, 0, 0, 0, 0, 0, 0, 0, 0, 0, 0, 0, 3, 547, 157, 195, 182.33333333333334, 320.88888888888886, 33566.333333333336
0, 0, 0, 0, 0, 0, 0, 0, 0, 0, 0, 0, 0, 0, 0, 0, 0, 0, 0, 0, 0, 0, 0, 0, 0, 0, 0
0, 0, 1, 172, 172, 172, 172.0, 0.0, 29584.0, 0, 0, 0, 0, 0, 0, 0, 0, 0, 0, 0, 1, 172, 172, 172, 172.0, 0.0, 29584.0
