addr1_packet_ctrl, addr1_bytes_ctrl, addr1_packet, addr1_bytes, addr1_pkt_len_min, addr1_pkt_len_max, addr1_pkt_len_avg,addr1_pkt_len_var, addr1_pkt_len_mom2, addr2_packet_ctrl, addr2_bytes_ctrl, addr2_packet, addr2_bytes, addr2_pkt_len_min, addr2_pkt_len_max, addr2_pkt_len_avg,addr2_pkt_len_var, addr2_pkt_len_mom2, addra_packet_ctrl, addra_bytes_ctrl, addra_packet, addra_bytes, addra_pkt_len_min, addra_pkt_len_max, addra_pkt_len_avg,addra_pkt_len_var, addra_pkt_len_mom2 
2, 104, 0, 0, 0, 0, 0, 0, 0, 2, 104, 0, 0, 0, 0, 0, 0, 0, 4, 208, 0, 0, 0, 0, 0, 0, 0
17, 884, 7, 3324, 72, 1612, 474.85714285714283, 273483.55102040817, 498972.85714285716, 9, 492, 8, 2390, 83, 707, 298.75, 31315.4375, 120567.0, 26, 1376, 15, 5714, 72, 1612, 380.93333333333334, 111585.00945179585, 297156.4
5, 268, 5, 1409, 72, 651, 281.8, 64645.36000000001, 144056.6, 2, 112, 4, 1194, 164, 665, 298.5, 44909.25, 134011.5, 7, 380, 9, 2603, 72, 665, 289.22222222222223, 52566.071005917154, 139592.11111111112
33, 1748, 44, 13779, 80, 2156, 313.15909090909093, 127998.72469008263, 226067.3409090909, 26, 1384, 52, 31516, 83, 3190, 606.0769230769231, 551763.2633136095, 919092.5, 59, 3132, 96, 45295, 80, 3190, 471.8229166666667, 443704.0067111029, 601455.96875
42, 2208, 40, 13512, 83, 1433, 337.8, 92811.91, 206920.75, 31, 1636, 54, 16512, 83, 1329, 305.77777777777777, 105155.32098765428, 198655.37037037036, 73, 3844, 94, 30024, 83, 1433, 319.40425531914894, 102021.50219138055, 202172.55319148937
14, 744, 14, 2969, 83, 679, 212.07142857142858, 38854.494897959186, 83828.78571428571, 9, 468, 30, 21751, 83, 5844, 725.0333333333333, 1965957.498888889, 2491630.8333333335, 23, 1212, 44, 24720, 83, 5844, 561.8181818181819, 1641733.689006574, 1725512.0
116, 6068, 32, 11882, 71, 1556, 371.3125, 134913.96484375, 272786.9375, 20, 1080, 290, 2920613, 83, 27564, 10071.079310344827, 63081680.10750297, 164508318.58275864, 136, 7148, 322, 2932495, 71, 27564, 9107.127329192546, 64452619.088427536, 148186775.0652174
306, 16380, 11, 6333, 91, 1816, 575.7272727272727, 349114.19834710745, 680576.0909090909, 6, 312, 447, 4251014, 87, 25576, 9510.098434004474, 58226304.21849866, 148668276.44295302, 312, 16692, 458, 4257347, 87, 25576, 9295.517467248908, 58481255.94501267, 145113986.69650656
12, 648, 11, 3509, 79, 1223, 319.0, 132686.18181818182, 234447.18181818182, 7, 364, 34, 199829, 91, 22740, 5877.323529411765, 45295643.80709343, 79838575.6764706, 19, 1012, 45, 203338, 79, 22740, 4518.622222222222, 42709971.67857714, 60379788.71111111
183, 9524, 12, 4254, 87, 1565, 354.5, 170189.41666666666, 295859.6666666667, 11, 596, 445, 4164758, 91, 25576, 9359.006741573034, 49977667.45838152, 137568674.64719102, 194, 10120, 457, 4169012, 87, 25576, 9122.56455142232, 50379374.49349316, 133964136.83588621
9, 468, 11, 2593, 91, 767, 235.72727272727272, 44382.19834710743, 99949.54545454546, 6, 320, 33, 215186, 91, 22740, 6520.787878787879, 37770286.04591368, 80290960.60606061, 15, 788, 44, 217779, 91, 22740, 4949.522727272727, 37217849.18873334, 60243207.84090909
1, 52, 3, 4295, 719, 1967, 1431.6666666666667, 275307.55555555556, 2324977.0, 2, 104, 7, 3403, 103, 1430, 486.14285714285717, 247346.97959183675, 483681.85714285716, 3, 156, 10, 7698, 103, 1967, 769.8, 382207.29411764705, 1036070.4
41, 2132, 11, 3158, 87, 1237, 287.09090909090907, 101570.80991735541, 183992.0, 9, 468, 144, 1297001, 83, 24158, 9006.951388888889, 59355362.79624806, 140480536.11805555, 50, 2600, 155, 1300159, 83, 24158, 8388.122580645162, 59869856.15693338, 130524007.18064517
108, 5616, 13, 2354, 91, 680, 181.07692307692307, 28941.301775147924, 61730.153846153844, 12, 624, 317, 2963222, 83, 22740, 9347.703470031545, 49037412.39787439, 136416972.5615142, 120, 6240, 330, 2965576, 83, 22740, 8986.593939393939, 49707108.06100202, 131045402.4060606
1, 52, 0, 0, 0, 0, 0, 0, 0, 0, 0, 1, 301, 301, 301, 301.0, 0.0, 90601.0, 1, 52, 1, 301, 301, 301, 301.0, 0.0, 90601.0
3, 156, 3, 2628, 697, 1230, 876.0, 62660.666666666664, 830036.6666666666, 0, 0, 3, 854, 217, 346, 284.6666666666667, 2793.555555555555, 83828.66666666667, 3, 156, 6, 3482, 217, 1230, 580.3333333333334, 100454.83950617285, 456932.6666666667
249, 12948, 11, 1286, 87, 150, 116.9090909090909, 849.1735537190084, 14516.90909090909, 8, 416, 432, 4287101, 91, 22740, 9923.844907407407, 46113042.1495574, 144595739.89583334, 257, 13364, 443, 4288387, 87, 22740, 9680.331828442439, 46727215.86724049, 141005686.95485327
102, 5304, 4, 478, 91, 148, 119.5, 812.25, 15092.5, 4, 208, 310, 2756816, 91, 25576, 8892.954838709677, 48742794.88183144, 127827440.64516129, 106, 5512, 314, 2757294, 91, 25576, 8781.191082802548, 48920603.261577494, 126199257.86624204
124, 6448, 8, 2626, 91, 1224, 328.25, 149631.1875, 257379.25, 4, 208, 196, 1946322, 91, 22740, 9930.214285714286, 52068521.780612245, 150677677.54081634, 128, 6656, 204, 1948948, 91, 22740, 9553.666666666666, 52837219.244375, 144778842.3137255
2, 104, 2, 240, 91, 149, 120.0, 841.0, 15241.0, 1, 52, 10, 66255, 91, 16458, 6625.5, 35697392.45, 79594642.7, 3, 156, 12, 66495, 91, 16458, 5541.25, 35949898.53719009, 66331409.083333336
3, 156, 5, 1278, 91, 798, 255.6, 74222.23999999999, 139553.6, 5, 260, 21, 132241, 91, 25576, 6297.190476190476, 51448268.058956906, 91102875.95238096, 8, 416, 26, 133519, 91, 25576, 5135.346153846154, 49452917.44047081, 73609929.34615384
46, 2392, 11, 5187, 87, 1213, 471.54545454545456, 129241.70247933884, 351596.8181818182, 4, 208, 257, 2351251, 87, 24356, 9148.836575875486, 56811205.40519916, 140512416.09727627, 50, 2600, 268, 2356438, 87, 24356, 8792.679104477613, 57168145.97643175, 134759546.64925373
24, 1248, 2, 239, 91, 148, 119.5, 812.25, 15092.5, 3, 156, 82, 765822, 91, 25576, 9339.292682926829, 50125921.402141586, 137348309.2195122, 27, 1404, 84, 766061, 91, 25576, 9119.77380952381, 50533816.780846275, 134078470.72619048
4, 208, 6, 720, 91, 149, 120.0, 841.0, 15241.0, 6, 312, 23, 197681, 91, 19904, 8594.826086956522, 43429285.79584121, 117300321.26086956, 10, 520, 29, 198401, 91, 19904, 6841.413793103448, 45749324.30621303, 93034442.5862069
0, 0, 0, 0, 0, 0, 0, 0, 0, 0, 0, 0, 0, 0, 0, 0, 0, 0, 0, 0, 0, 0, 0, 0, 0, 0, 0
61, 3172, 6, 717, 91, 148, 119.5, 812.25, 15092.5, 6, 312, 254, 2024016, 91, 22740, 7968.566929133858, 37188345.84394569, 100686404.7480315, 67, 3484, 260, 2024733, 91, 22740, 7787.434615384615, 37465013.0843654, 98363220.61923076
4, 208, 6, 720, 91, 149, 120.0, 841.0, 15241.0, 6, 312, 25, 198028, 91, 25576, 7921.12, 52778514.2656, 115522656.32, 10, 520, 31, 198748, 91, 25576, 6411.225806451613, 52945588.16836735, 93166382.38709678
5, 260, 8, 2770, 87, 1234, 346.25, 125817.4375, 245706.5, 6, 312, 9, 1474, 83, 346, 163.77777777777777, 9409.950617283952, 36233.11111111111, 11, 572, 17, 4244, 83, 1234, 249.64705882352942, 52320.301775147935, 134808.82352941178
98, 5096, 9, 1338, 91, 439, 148.66666666666666, 11213.555555555557, 33315.333333333336, 9, 468, 220, 1817433, 83, 27232, 8261.059090909092, 47401544.95559918, 115646642.25909092, 107, 5564, 229, 1818771, 83, 27232, 7942.231441048035, 47744335.30762249, 111102887.05240175
11, 572, 6, 723, 91, 150, 120.5, 870.25, 15390.5, 8, 416, 34, 198857, 76, 18586, 5848.735294117647, 32875308.37110727, 67083012.9117647, 19, 988, 40, 199580, 76, 18586, 4989.5, 32654585.716764063, 57022869.55
0, 0, 0, 0, 0, 0, 0, 0, 0, 0, 0, 0, 0, 0, 0, 0, 0, 0, 0, 0, 0, 0, 0, 0, 0, 0, 0
110, 5720, 7, 804, 87, 148, 114.85714285714286, 825.5510204081631, 14017.714285714286, 7, 364, 265, 2586744, 91, 25576, 9761.298113207547, 48830199.48471342, 144113140.33962265, 117, 6084, 272, 2587548, 87, 25576, 9513.04411764706, 49390870.25090769, 140404707.0367647
4, 208, 6, 723, 91, 150, 120.5, 870.25, 15390.5, 6, 312, 32, 198424, 91, 16458, 6200.75, 30798752.6875, 69248053.25, 10, 520, 38, 199147, 91, 16458, 5240.710526315789, 31056131.12836735, 58316580.184210524
0, 0, 0, 0, 0, 0, 0, 0, 0, 0, 0, 0, 0, 0, 0, 0, 0, 0, 0, 0, 0, 0, 0, 0, 0, 0, 0
90, 4680, 4, 478, 91, 148, 119.5, 812.25, 15092.5, 4, 208, 232, 2147682, 91, 25576, 9257.25, 52314010.74784483, 138010688.31034482, 94, 4888, 236, 2148160, 91, 25576, 9102.372881355932, 52574451.89643144, 135671779.90677965
29, 1508, 2, 239, 91, 148, 119.5, 812.25, 15092.5, 2, 104, 121, 1399251, 91, 25576, 11564.05785123967, 36277699.83962845, 170005133.8264463, 31, 1612, 123, 1399490, 91, 25576, 11377.967479674797, 37045137.76946721, 167241068.11382115
1, 52, 2, 241, 91, 150, 120.5, 870.25, 15390.5, 2, 104, 9, 65878, 91, 16458, 7319.777777777777, 37159907.28395062, 90739054.0, 3, 156, 11, 66119, 91, 16458, 6010.818181818182, 38108667.6275, 74243842.45454545
0, 0, 0, 0, 0, 0, 0, 0, 0, 0, 0, 0, 0, 0, 0, 0, 0, 0, 0, 0, 0, 0, 0, 0, 0, 0, 0
0, 0, 0, 0, 0, 0, 0, 0, 0, 0, 0, 0, 0, 0, 0, 0, 0, 0, 0, 0, 0, 0, 0, 0, 0, 0, 0
3, 156, 0, 0, 0, 0, 0, 0, 0, 1, 52, 2, 376, 83, 293, 188.0, 11025.0, 46369.0, 4, 208, 2, 376, 83, 293, 188.0, 11025.0, 46369.0
0, 0, 0, 0, 0, 0, 0, 0, 0, 0, 0, 0, 0, 0, 0, 0, 0, 0, 0, 0, 0, 0, 0, 0, 0, 0, 0
0, 0, 0, 0, 0, 0, 0, 0, 0, 0, 0, 0, 0, 0, 0, 0, 0, 0, 0, 0, 0, 0, 0, 0, 0, 0, 0
0, 0, 0, 0, 0, 0, 0, 0, 0, 0, 0, 0, 0, 0, 0, 0, 0, 0, 0, 0, 0, 0, 0, 0, 0, 0, 0
0, 0, 0, 0, 0, 0, 0, 0, 0, 0, 0, 0, 0, 0, 0, 0, 0, 0, 0, 0, 0, 0, 0, 0, 0, 0, 0
1, 52, 1, 148, 148, 148, 148.0, 0.0, 21904.0, 2, 112, 0, 0, 0, 0, 0, 0, 0, 3, 164, 1, 148, 148, 148, 148.0, 0.0, 21904.0
48, 2496, 3, 332, 91, 150, 110.66666666666667, 773.5555555555555, 13020.666666666666, 3, 156, 164, 1288698, 91, 23827, 7857.914634146341, 35252866.919541925, 96999689.31707317, 51, 2652, 167, 1289030, 91, 23827, 7718.74251497006, 35472417.715373166, 95257413.83233532
0, 0, 0, 0, 0, 0, 0, 0, 0, 0, 0, 0, 0, 0, 0, 0, 0, 0, 0, 0, 0, 0, 0, 0, 0, 0, 0
0, 0, 0, 0, 0, 0, 0, 0, 0, 0, 0, 0, 0, 0, 0, 0, 0, 0, 0, 0, 0, 0, 0, 0, 0, 0, 0
0, 0, 0, 0, 0, 0, 0, 0, 0, 0, 0, 0, 0, 0, 0, 0, 0, 0, 0, 0, 0, 0, 0, 0, 0, 0, 0
0, 0, 0, 0, 0, 0, 0, 0, 0, 0, 0, 0, 0, 0, 0, 0, 0, 0, 0, 0, 0, 0, 0, 0, 0, 0, 0
4, 208, 0, 0, 0, 0, 0, 0, 0, 2, 104, 2, 166, 83, 83, 83.0, 0.0, 6889.0, 6, 312, 2, 166, 83, 83, 83.0, 0.0, 6889.0
0, 0, 0, 0, 0, 0, 0, 0, 0, 0, 0, 0, 0, 0, 0, 0, 0, 0, 0, 0, 0, 0, 0, 0, 0, 0, 0
0, 0, 0, 0, 0, 0, 0, 0, 0, 0, 0, 0, 0, 0, 0, 0, 0, 0, 0, 0, 0, 0, 0, 0, 0, 0, 0
0, 0, 0, 0, 0, 0, 0, 0, 0, 0, 0, 0, 0, 0, 0, 0, 0, 0, 0, 0, 0, 0, 0, 0, 0, 0, 0
0, 0, 1, 195, 195, 195, 195.0, 0.0, 38025.0, 0, 0, 0, 0, 0, 0, 0, 0, 0, 0, 0, 1, 195, 195, 195, 195.0, 0.0, 38025.0
1, 52, 0, 0, 0, 0, 0, 0, 0, 0, 0, 1, 83, 83, 83, 83.0, 0.0, 6889.0, 1, 52, 1, 83, 83, 83, 83.0, 0.0, 6889.0
37, 1924, 5, 675, 91, 195, 135.0, 1573.2, 19798.2, 4, 208, 179, 1422339, 91, 24158, 7946.027932960894, 37221596.18357729, 100360956.09497207, 41, 2132, 184, 1423014, 91, 24158, 7733.771739130435, 37537735.943127744, 97634294.19565217
0, 0, 0, 0, 0, 0, 0, 0, 0, 0, 0, 0, 0, 0, 0, 0, 0, 0, 0, 0, 0, 0, 0, 0, 0, 0, 0
0, 0, 0, 0, 0, 0, 0, 0, 0, 0, 0, 0, 0, 0, 0, 0, 0, 0, 0, 0, 0, 0, 0, 0, 0, 0, 0
0, 0, 1, 195, 195, 195, 195.0, 0.0, 38025.0, 0, 0, 0, 0, 0, 0, 0, 0, 0, 0, 0, 1, 195, 195, 195, 195.0, 0.0, 38025.0
2, 104, 2, 729, 91, 638, 364.5, 74802.25, 207662.5, 1, 52, 2, 422, 91, 331, 211.0, 14400.0, 58921.0, 3, 156, 4, 1151, 91, 638, 287.75, 39770.13888888889, 133291.75
0, 0, 0, 0, 0, 0, 0, 0, 0, 0, 0, 0, 0, 0, 0, 0, 0, 0, 0, 0, 0, 0, 0, 0, 0, 0, 0
11, 588, 1, 195, 195, 195, 195.0, 0.0, 38025.0, 4, 208, 0, 0, 0, 0, 0, 0, 0, 15, 796, 1, 195, 195, 195, 195.0, 0.0, 38025.0
5, 236, 4, 2029, 103, 788, 507.25, 62466.1875, 319768.75, 3, 172, 3, 540, 83, 268, 180.0, 5744.666666666667, 38144.666666666664, 8, 408, 7, 2569, 83, 788, 367.0, 54135.490000000005, 199072.7142857143
2, 104, 1, 103, 103, 103, 103.0, 0.0, 10609.0, 1, 52, 2, 490, 189, 301, 245.0, 3136.0, 63161.0, 3, 156, 3, 593, 103, 301, 197.66666666666666, 5735.039999999999, 45643.666666666664
0, 0, 0, 0, 0, 0, 0, 0, 0, 1, 52, 0, 0, 0, 0, 0, 0, 0, 1, 52, 0, 0, 0, 0, 0, 0, 0
0, 0, 0, 0, 0, 0, 0, 0, 0, 0, 0, 0, 0, 0, 0, 0, 0, 0, 0, 0, 0, 0, 0, 0, 0, 0, 0
62, 3224, 5, 567, 87, 150, 113.4, 847.4399999999999, 13707.0, 5, 260, 191, 1456519, 91, 24158, 7625.753926701571, 32420652.09128039, 90572775.04188481, 67, 3484, 196, 1457086, 87, 24158, 7434.1122448979595, 32721511.47808959, 88262594.73469388
0, 0, 0, 0, 0, 0, 0, 0, 0, 0, 0, 0, 0, 0, 0, 0, 0, 0, 0, 0, 0, 0, 0, 0, 0, 0, 0
1, 60, 1, 93, 93, 93, 93.0, 0.0, 8649.0, 2, 112, 0, 0, 0, 0, 0, 0, 0, 3, 172, 1, 93, 93, 93, 93.0, 0.0, 8649.0
2, 104, 1, 1132, 1132, 1132, 1132.0, 0.0, 1281424.0, 2, 104, 1, 72, 72, 72, 72.0, 0.0, 5184.0, 4, 208, 2, 1204, 72, 1132, 602.0, 249688.8888888889, 643304.0
0, 0, 0, 0, 0, 0, 0, 0, 0, 0, 0, 0, 0, 0, 0, 0, 0, 0, 0, 0, 0, 0, 0, 0, 0, 0, 0
2, 116, 0, 0, 0, 0, 0, 0, 0, 2, 104, 0, 0, 0, 0, 0, 0, 0, 4, 220, 0, 0, 0, 0, 0, 0, 0
0, 0, 0, 0, 0, 0, 0, 0, 0, 0, 0, 0, 0, 0, 0, 0, 0, 0, 0, 0, 0, 0, 0, 0, 0, 0, 0
1, 52, 0, 0, 0, 0, 0, 0, 0, 1, 52, 0, 0, 0, 0, 0, 0, 0, 2, 104, 0, 0, 0, 0, 0, 0, 0
0, 0, 0, 0, 0, 0, 0, 0, 0, 0, 0, 0, 0, 0, 0, 0, 0, 0, 0, 0, 0, 0, 0, 0, 0, 0, 0
0, 0, 0, 0, 0, 0, 0, 0, 0, 0, 0, 0, 0, 0, 0, 0, 0, 0, 0, 0, 0, 0, 0, 0, 0, 0, 0
2, 104, 2, 241, 91, 150, 120.5, 870.25, 15390.5, 2, 104, 13, 67258, 91, 15716, 5173.692307692308, 23157672.0591716, 49924764.15384615, 4, 208, 15, 67499, 91, 15716, 4499.933333333333, 23197246.33035714, 43270181.0
0, 0, 0, 0, 0, 0, 0, 0, 0, 0, 0, 0, 0, 0, 0, 0, 0, 0, 0, 0, 0, 0, 0, 0, 0, 0, 0
58, 3016, 2, 239, 91, 148, 119.5, 812.25, 15092.5, 2, 104, 211, 1408092, 91, 26994, 6673.421800947867, 24597844.0353541, 69132402.56872039, 60, 3120, 213, 1408331, 91, 26994, 6611.882629107981, 24683477.273534846, 68483413.74178404
0, 0, 0, 0, 0, 0, 0, 0, 0, 0, 0, 0, 0, 0, 0, 0, 0, 0, 0, 0, 0, 0, 0, 0, 0, 0, 0
0, 0, 0, 0, 0, 0, 0, 0, 0, 0, 0, 0, 0, 0, 0, 0, 0, 0, 0, 0, 0, 0, 0, 0, 0, 0, 0
0, 0, 1, 195, 195, 195, 195.0, 0.0, 38025.0, 0, 0, 0, 0, 0, 0, 0, 0, 0, 0, 0, 1, 195, 195, 195, 195.0, 0.0, 38025.0
0, 0, 0, 0, 0, 0, 0, 0, 0, 0, 0, 0, 0, 0, 0, 0, 0, 0, 0, 0, 0, 0, 0, 0, 0, 0, 0
0, 0, 0, 0, 0, 0, 0, 0, 0, 0, 0, 0, 0, 0, 0, 0, 0, 0, 0, 0, 0, 0, 0, 0, 0, 0, 0
0, 0, 1, 195, 195, 195, 195.0, 0.0, 38025.0, 0, 0, 0, 0, 0, 0, 0, 0, 0, 0, 0, 1, 195, 195, 195, 195.0, 0.0, 38025.0
0, 0, 0, 0, 0, 0, 0, 0, 0, 0, 0, 0, 0, 0, 0, 0, 0, 0, 0, 0, 0, 0, 0, 0, 0, 0, 0
0, 0, 0, 0, 0, 0, 0, 0, 0, 0, 0, 0, 0, 0, 0, 0, 0, 0, 0, 0, 0, 0, 0, 0, 0, 0, 0
3, 156, 3, 436, 91, 195, 145.33333333333334, 1813.5555555555557, 22935.333333333332, 2, 104, 15, 67118, 91, 11396, 4474.533333333334, 7809503.84888889, 27830952.4, 5, 260, 18, 67554, 91, 11396, 3753.0, 8648637.180899907, 23196282.888888888
0, 0, 0, 0, 0, 0, 0, 0, 0, 0, 0, 0, 0, 0, 0, 0, 0, 0, 0, 0, 0, 0, 0, 0, 0, 0, 0
92, 4784, 2, 239, 91, 148, 119.5, 812.25, 15092.5, 2, 104, 177, 1411303, 91, 17068, 7973.463276836158, 34250032.83622203, 97826149.46327683, 94, 4888, 179, 1411542, 91, 17068, 7885.709497206704, 34402218.08953258, 96733288.49162011
1, 52, 1, 195, 195, 195, 195.0, 0.0, 38025.0, 1, 52, 0, 0, 0, 0, 0, 0, 0, 2, 104, 1, 195, 195, 195, 195.0, 0.0, 38025.0
2, 104, 0, 0, 0, 0, 0, 0, 0, 1, 52, 1, 83, 83, 83, 83.0, 0.0, 6889.0, 3, 156, 1, 83, 83, 83, 83.0, 0.0, 6889.0
1, 52, 0, 0, 0, 0, 0, 0, 0, 0, 0, 2, 376, 83, 293, 188.0, 11025.0, 46369.0, 1, 52, 2, 376, 83, 293, 188.0, 11025.0, 46369.0
0, 0, 0, 0, 0, 0, 0, 0, 0, 0, 0, 0, 0, 0, 0, 0, 0, 0, 0, 0, 0, 0, 0, 0, 0, 0, 0
0, 0, 0, 0, 0, 0, 0, 0, 0, 0, 0, 0, 0, 0, 0, 0, 0, 0, 0, 0, 0, 0, 0, 0, 0, 0, 0
0, 0, 0, 0, 0, 0, 0, 0, 0, 0, 0, 0, 0, 0, 0, 0, 0, 0, 0, 0, 0, 0, 0, 0, 0, 0, 0
0, 0, 0, 0, 0, 0, 0, 0, 0, 0, 0, 0, 0, 0, 0, 0, 0, 0, 0, 0, 0, 0, 0, 0, 0, 0, 0
0, 0, 0, 0, 0, 0, 0, 0, 0, 0, 0, 0, 0, 0, 0, 0, 0, 0, 0, 0, 0, 0, 0, 0, 0, 0, 0
0, 0, 0, 0, 0, 0, 0, 0, 0, 0, 0, 0, 0, 0, 0, 0, 0, 0, 0, 0, 0, 0, 0, 0, 0, 0, 0
73, 3808, 4, 480, 91, 150, 120.0, 841.5, 15241.5, 4, 208, 208, 1461421, 91, 21322, 7026.0625, 27158545.885516826, 76524100.13942307, 77, 4016, 212, 1461901, 91, 21322, 6895.759433962264, 27349800.8299093, 75080536.76886792
0, 0, 0, 0, 0, 0, 0, 0, 0, 0, 0, 0, 0, 0, 0, 0, 0, 0, 0, 0, 0, 0, 0, 0, 0, 0, 0
0, 0, 0, 0, 0, 0, 0, 0, 0, 0, 0, 0, 0, 0, 0, 0, 0, 0, 0, 0, 0, 0, 0, 0, 0, 0, 0
3, 164, 0, 0, 0, 0, 0, 0, 0, 0, 0, 0, 0, 0, 0, 0, 0, 0, 3, 164, 0, 0, 0, 0, 0, 0, 0
2, 112, 1, 569, 569, 569, 569.0, 0.0, 323761.0, 2, 112, 0, 0, 0, 0, 0, 0, 0, 4, 224, 1, 569, 569, 569, 569.0, 0.0, 323761.0
2, 104, 3, 1460, 103, 788, 486.6666666666667, 81593.55555555556, 318438.0, 1, 60, 1, 189, 189, 189, 189.0, 0.0, 35721.0, 3, 164, 4, 1649, 103, 788, 412.25, 70221.44, 247758.75
2, 104, 1, 103, 103, 103, 103.0, 0.0, 10609.0, 1, 52, 2, 490, 189, 301, 245.0, 3136.0, 63161.0, 3, 156, 3, 593, 103, 301, 197.66666666666666, 5735.039999999999, 45643.666666666664
0, 0, 0, 0, 0, 0, 0, 0, 0, 1, 52, 0, 0, 0, 0, 0, 0, 0, 1, 52, 0, 0, 0, 0, 0, 0, 0
0, 0, 0, 0, 0, 0, 0, 0, 0, 0, 0, 0, 0, 0, 0, 0, 0, 0, 0, 0, 0, 0, 0, 0, 0, 0, 0
0, 0, 0, 0, 0, 0, 0, 0, 0, 0, 0, 0, 0, 0, 0, 0, 0, 0, 0, 0, 0, 0, 0, 0, 0, 0, 0
0, 0, 0, 0, 0, 0, 0, 0, 0, 0, 0, 0, 0, 0, 0, 0, 0, 0, 0, 0, 0, 0, 0, 0, 0, 0, 0
55, 2860, 4, 480, 91, 150, 120.0, 841.5, 15241.5, 4, 208, 196, 1483012, 91, 24158, 7566.3877551020405, 30841508.308829647, 88091731.96938775, 59, 3068, 200, 1483492, 91, 24158, 7417.46, 31084416.753341492, 86330202.16
0, 0, 0, 0, 0, 0, 0, 0, 0, 0, 0, 0, 0, 0, 0, 0, 0, 0, 0, 0, 0, 0, 0, 0, 0, 0, 0
0, 0, 0, 0, 0, 0, 0, 0, 0, 0, 0, 0, 0, 0, 0, 0, 0, 0, 0, 0, 0, 0, 0, 0, 0, 0, 0
0, 0, 0, 0, 0, 0, 0, 0, 0, 0, 0, 0, 0, 0, 0, 0, 0, 0, 0, 0, 0, 0, 0, 0, 0, 0, 0
0, 0, 1, 195, 195, 195, 195.0, 0.0, 38025.0, 0, 0, 0, 0, 0, 0, 0, 0, 0, 0, 0, 1, 195, 195, 195, 195.0, 0.0, 38025.0
2, 104, 2, 729, 91, 638, 364.5, 74802.25, 207662.5, 1, 52, 2, 422, 91, 331, 211.0, 14400.0, 58921.0, 3, 156, 4, 1151, 91, 638, 287.75, 39770.13888888889, 133291.75
0, 0, 1, 195, 195, 195, 195.0, 0.0, 38025.0, 0, 0, 0, 0, 0, 0, 0, 0, 0, 0, 0, 1, 195, 195, 195, 195.0, 0.0, 38025.0
0, 0, 0, 0, 0, 0, 0, 0, 0, 0, 0, 0, 0, 0, 0, 0, 0, 0, 0, 0, 0, 0, 0, 0, 0, 0, 0
0, 0, 1, 195, 195, 195, 195.0, 0.0, 38025.0, 0, 0, 0, 0, 0, 0, 0, 0, 0, 0, 0, 1, 195, 195, 195, 195.0, 0.0, 38025.0
0, 0, 1, 195, 195, 195, 195.0, 0.0, 38025.0, 0, 0, 0, 0, 0, 0, 0, 0, 0, 0, 0, 1, 195, 195, 195, 195.0, 0.0, 38025.0
0, 0, 1, 195, 195, 195, 195.0, 0.0, 38025.0, 0, 0, 0, 0, 0, 0, 0, 0, 0, 0, 0, 1, 195, 195, 195, 195.0, 0.0, 38025.0
2, 104, 2, 241, 91, 150, 120.5, 870.25, 15390.5, 2, 104, 16, 67505, 91, 9978, 4219.0625, 7576700.43359375, 25377188.8125, 4, 208, 18, 67746, 91, 9978, 3763.6666666666665, 8061068.3226643605, 22559211.222222224
75, 3900, 4, 521, 87, 195, 130.25, 1979.6875, 18944.75, 2, 104, 192, 1417626, 91, 18486, 7383.46875, 27713945.978190105, 82229556.76041667, 77, 4004, 196, 1418147, 87, 18486, 7235.443877551021, 27965026.939439636, 80551789.16836734
0, 0, 2, 395, 195, 200, 197.5, 6.25, 39012.5, 0, 0, 0, 0, 0, 0, 0, 0, 0, 0, 0, 2, 395, 195, 200, 197.5, 6.25, 39012.5
0, 0, 0, 0, 0, 0, 0, 0, 0, 0, 0, 0, 0, 0, 0, 0, 0, 0, 0, 0, 0, 0, 0, 0, 0, 0, 0
0, 0, 1, 68, 68, 68, 68.0, 0.0, 4624.0, 0, 0, 0, 0, 0, 0, 0, 0, 0, 0, 0, 1, 68, 68, 68, 68.0, 0.0, 4624.0
0, 0, 2, 395, 195, 200, 197.5, 6.25, 39012.5, 0, 0, 0, 0, 0, 0, 0, 0, 0, 0, 0, 2, 395, 195, 200, 197.5, 6.25, 39012.5
0, 0, 0, 0, 0, 0, 0, 0, 0, 0, 0, 0, 0, 0, 0, 0, 0, 0, 0, 0, 0, 0, 0, 0, 0, 0, 0
0, 0, 1, 68, 68, 68, 68.0, 0.0, 4624.0, 0, 0, 0, 0, 0, 0, 0, 0, 0, 0, 0, 1, 68, 68, 68, 68.0, 0.0, 4624.0
1, 52, 2, 395, 195, 200, 197.5, 6.25, 39012.5, 1, 52, 0, 0, 0, 0, 0, 0, 0, 2, 104, 2, 395, 195, 200, 197.5, 6.25, 39012.5
7, 364, 0, 0, 0, 0, 0, 0, 0, 7, 364, 0, 0, 0, 0, 0, 0, 0, 14, 728, 0, 0, 0, 0, 0, 0, 0
0, 0, 1, 200, 200, 200, 200.0, 0.0, 40000.0, 0, 0, 0, 0, 0, 0, 0, 0, 0, 0, 0, 1, 200, 200, 200, 200.0, 0.0, 40000.0
1, 52, 2, 345, 150, 195, 172.5, 506.25, 30262.5, 0, 0, 0, 0, 0, 0, 0, 0, 0, 1, 52, 2, 345, 150, 195, 172.5, 506.25, 30262.5
47, 2444, 4, 398, 68, 148, 99.5, 872.25, 10772.5, 6, 312, 200, 1495976, 83, 25576, 7479.88, 40241157.89559999, 96189762.71, 53, 2756, 204, 1496374, 68, 25576, 7335.166666666667, 40376706.571635135, 94303900.15686275
0, 0, 1, 195, 195, 195, 195.0, 0.0, 38025.0, 0, 0, 0, 0, 0, 0, 0, 0, 0, 0, 0, 1, 195, 195, 195, 195.0, 0.0, 38025.0
0, 0, 0, 0, 0, 0, 0, 0, 0, 0, 0, 0, 0, 0, 0, 0, 0, 0, 0, 0, 0, 0, 0, 0, 0, 0, 0
4, 208, 0, 0, 0, 0, 0, 0, 0, 4, 208, 0, 0, 0, 0, 0, 0, 0, 8, 416, 0, 0, 0, 0, 0, 0, 0
2, 104, 1, 195, 195, 195, 195.0, 0.0, 38025.0, 2, 104, 1, 76, 76, 76, 76.0, 0.0, 5776.0, 4, 208, 2, 271, 76, 195, 135.5, 3146.888888888889, 21900.5
0, 0, 0, 0, 0, 0, 0, 0, 0, 0, 0, 0, 0, 0, 0, 0, 0, 0, 0, 0, 0, 0, 0, 0, 0, 0, 0
0, 0, 0, 0, 0, 0, 0, 0, 0, 0, 0, 0, 0, 0, 0, 0, 0, 0, 0, 0, 0, 0, 0, 0, 0, 0, 0
0, 0, 0, 0, 0, 0, 0, 0, 0, 0, 0, 0, 0, 0, 0, 0, 0, 0, 0, 0, 0, 0, 0, 0, 0, 0, 0
0, 0, 0, 0, 0, 0, 0, 0, 0, 0, 0, 0, 0, 0, 0, 0, 0, 0, 0, 0, 0, 0, 0, 0, 0, 0, 0
0, 0, 0, 0, 0, 0, 0, 0, 0, 0, 0, 0, 0, 0, 0, 0, 0, 0, 0, 0, 0, 0, 0, 0, 0, 0, 0
0, 0, 0, 0, 0, 0, 0, 0, 0, 0, 0, 0, 0, 0, 0, 0, 0, 0, 0, 0, 0, 0, 0, 0, 0, 0, 0
63, 3284, 4, 480, 91, 150, 120.0, 841.5, 15241.5, 4, 208, 174, 1338014, 91, 21322, 7689.735632183908, 30936879.987580925, 90068914.08045977, 67, 3492, 178, 1338494, 91, 21322, 7519.6292134831465, 31229081.265883267, 88045236.04494382
2, 112, 1, 569, 569, 569, 569.0, 0.0, 323761.0, 2, 112, 0, 0, 0, 0, 0, 0, 0, 4, 224, 1, 569, 569, 569, 569.0, 0.0, 323761.0
3, 156, 4, 1563, 103, 788, 390.75, 88795.1875, 241480.75, 1, 60, 2, 378, 189, 189, 189.0, 0.0, 35721.0, 4, 216, 6, 1941, 103, 788, 323.5, 54573.359375, 172894.16666666666
1, 52, 0, 0, 0, 0, 0, 0, 0, 2, 104, 1, 301, 301, 301, 301.0, 0.0, 90601.0, 3, 156, 1, 301, 301, 301, 301.0, 0.0, 90601.0
0, 0, 0, 0, 0, 0, 0, 0, 0, 0, 0, 0, 0, 0, 0, 0, 0, 0, 0, 0, 0, 0, 0, 0, 0, 0, 0
0, 0, 0, 0, 0, 0, 0, 0, 0, 0, 0, 0, 0, 0, 0, 0, 0, 0, 0, 0, 0, 0, 0, 0, 0, 0, 0
0, 0, 0, 0, 0, 0, 0, 0, 0, 0, 0, 0, 0, 0, 0, 0, 0, 0, 0, 0, 0, 0, 0, 0, 0, 0, 0
1, 52, 0, 0, 0, 0, 0, 0, 0, 1, 52, 0, 0, 0, 0, 0, 0, 0, 2, 104, 0, 0, 0, 0, 0, 0, 0
0, 0, 0, 0, 0, 0, 0, 0, 0, 0, 0, 0, 0, 0, 0, 0, 0, 0, 0, 0, 0, 0, 0, 0, 0, 0, 0
3, 156, 0, 0, 0, 0, 0, 0, 0, 3, 156, 0, 0, 0, 0, 0, 0, 0, 6, 312, 0, 0, 0, 0, 0, 0, 0
0, 0, 0, 0, 0, 0, 0, 0, 0, 0, 0, 0, 0, 0, 0, 0, 0, 0, 0, 0, 0, 0, 0, 0, 0, 0, 0
2, 104, 2, 241, 91, 150, 120.5, 870.25, 15390.5, 2, 104, 12, 67112, 91, 13028, 5592.666666666667, 16712952.722222222, 47990873.166666664, 4, 208, 14, 67353, 91, 13028, 4810.928571428572, 17553652.27366864, 41137232.78571428
35, 1820, 2, 239, 91, 148, 119.5, 812.25, 15092.5, 2, 104, 149, 1149067, 91, 21322, 7711.859060402685, 29849282.14792126, 89322052.31543624, 37, 1924, 151, 1149306, 91, 21322, 7611.298013245033, 30032023.17078889, 88139178.67549668
0, 0, 0, 0, 0, 0, 0, 0, 0, 0, 0, 0, 0, 0, 0, 0, 0, 0, 0, 0, 0, 0, 0, 0, 0, 0, 0
0, 0, 0, 0, 0, 0, 0, 0, 0, 0, 0, 0, 0, 0, 0, 0, 0, 0, 0, 0, 0, 0, 0, 0, 0, 0, 0
0, 0, 0, 0, 0, 0, 0, 0, 0, 0, 0, 0, 0, 0, 0, 0, 0, 0, 0, 0, 0, 0, 0, 0, 0, 0, 0
0, 0, 0, 0, 0, 0, 0, 0, 0, 0, 0, 0, 0, 0, 0, 0, 0, 0, 0, 0, 0, 0, 0, 0, 0, 0, 0
0, 0, 0, 0, 0, 0, 0, 0, 0, 0, 0, 0, 0, 0, 0, 0, 0, 0, 0, 0, 0, 0, 0, 0, 0, 0, 0
0, 0, 0, 0, 0, 0, 0, 0, 0, 0, 0, 0, 0, 0, 0, 0, 0, 0, 0, 0, 0, 0, 0, 0, 0, 0, 0
0, 0, 0, 0, 0, 0, 0, 0, 0, 0, 0, 0, 0, 0, 0, 0, 0, 0, 0, 0, 0, 0, 0, 0, 0, 0, 0
0, 0, 0, 0, 0, 0, 0, 0, 0, 0, 0, 0, 0, 0, 0, 0, 0, 0, 0, 0, 0, 0, 0, 0, 0, 0, 0
0, 0, 1, 148, 148, 148, 148.0, 0.0, 21904.0, 1, 52, 0, 0, 0, 0, 0, 0, 0, 1, 52, 1, 148, 148, 148, 148.0, 0.0, 21904.0
47, 2444, 3, 332, 91, 150, 110.66666666666667, 773.5555555555555, 13020.666666666666, 3, 156, 152, 1320837, 91, 25576, 8689.717105263158, 42830296.544970565, 118341479.91447368, 50, 2600, 155, 1321169, 91, 25576, 8523.670967741935, 43123958.08396906, 116051251.67096774
0, 0, 0, 0, 0, 0, 0, 0, 0, 0, 0, 0, 0, 0, 0, 0, 0, 0, 0, 0, 0, 0, 0, 0, 0, 0, 0
0, 0, 0, 0, 0, 0, 0, 0, 0, 0, 0, 0, 0, 0, 0, 0, 0, 0, 0, 0, 0, 0, 0, 0, 0, 0, 0
0, 0, 0, 0, 0, 0, 0, 0, 0, 0, 0, 0, 0, 0, 0, 0, 0, 0, 0, 0, 0, 0, 0, 0, 0, 0, 0
2, 104, 2, 729, 91, 638, 364.5, 74802.25, 207662.5, 1, 52, 2, 422, 91, 331, 211.0, 14400.0, 58921.0, 3, 156, 4, 1151, 91, 638, 287.75, 39770.13888888889, 133291.75
0, 0, 0, 0, 0, 0, 0, 0, 0, 0, 0, 0, 0, 0, 0, 0, 0, 0, 0, 0, 0, 0, 0, 0, 0, 0, 0
0, 0, 0, 0, 0, 0, 0, 0, 0, 0, 0, 0, 0, 0, 0, 0, 0, 0, 0, 0, 0, 0, 0, 0, 0, 0, 0
0, 0, 0, 0, 0, 0, 0, 0, 0, 0, 0, 0, 0, 0, 0, 0, 0, 0, 0, 0, 0, 0, 0, 0, 0, 0, 0
3, 156, 0, 0, 0, 0, 0, 0, 0, 1, 52, 2, 166, 83, 83, 83.0, 0.0, 6889.0, 4, 208, 2, 166, 83, 83, 83.0, 0.0, 6889.0
1, 52, 0, 0, 0, 0, 0, 0, 0, 0, 0, 2, 376, 83, 293, 188.0, 11025.0, 46369.0, 1, 52, 2, 376, 83, 293, 188.0, 11025.0, 46369.0
0, 0, 0, 0, 0, 0, 0, 0, 0, 0, 0, 0, 0, 0, 0, 0, 0, 0, 0, 0, 0, 0, 0, 0, 0, 0, 0
57, 2964, 4, 480, 91, 150, 120.0, 841.5, 15241.5, 3, 156, 186, 1470641, 91, 24158, 7906.6720430107525, 37008568.00534744, 99524030.80107526, 60, 3120, 190, 1471121, 91, 24158, 7742.742105263158, 37253030.88770371, 97429108.92105263
8, 424, 7, 4202, 72, 2948, 600.2857142857143, 953131.6326530612, 1313474.5714285714, 6, 320, 5, 1267, 122, 346, 253.4, 8422.24, 72633.8, 14, 744, 12, 5469, 72, 2948, 455.75, 426565.82698961947, 796457.5833333334
0, 0, 0, 0, 0, 0, 0, 0, 0, 0, 0, 0, 0, 0, 0, 0, 0, 0, 0, 0, 0, 0, 0, 0, 0, 0, 0
0, 0, 0, 0, 0, 0, 0, 0, 0, 0, 0, 0, 0, 0, 0, 0, 0, 0, 0, 0, 0, 0, 0, 0, 0, 0, 0
0, 0, 0, 0, 0, 0, 0, 0, 0, 0, 0, 0, 0, 0, 0, 0, 0, 0, 0, 0, 0, 0, 0, 0, 0, 0, 0
0, 0, 0, 0, 0, 0, 0, 0, 0, 0, 0, 0, 0, 0, 0, 0, 0, 0, 0, 0, 0, 0, 0, 0, 0, 0, 0
0, 0, 0, 0, 0, 0, 0, 0, 0, 0, 0, 0, 0, 0, 0, 0, 0, 0, 0, 0, 0, 0, 0, 0, 0, 0, 0
0, 0, 0, 0, 0, 0, 0, 0, 0, 0, 0, 0, 0, 0, 0, 0, 0, 0, 0, 0, 0, 0, 0, 0, 0, 0, 0
0, 0, 0, 0, 0, 0, 0, 0, 0, 0, 0, 0, 0, 0, 0, 0, 0, 0, 0, 0, 0, 0, 0, 0, 0, 0, 0
2, 120, 0, 0, 0, 0, 0, 0, 0, 0, 0, 0, 0, 0, 0, 0, 0, 0, 2, 120, 0, 0, 0, 0, 0, 0, 0
7, 364, 7, 2953, 91, 700, 421.85714285714283, 62665.551020408166, 240629.0, 4, 224, 15, 73488, 91, 12096, 4899.2, 17478476.16, 41480636.8, 11, 588, 22, 76441, 91, 12096, 3474.590909090909, 17258674.008765522, 28358816.136363637
40, 2080, 4, 1205, 91, 788, 301.25, 79951.6875, 170703.25, 2, 104, 140, 774195, 91, 19904, 5529.964285714285, 15585118.105867345, 46165623.10714286, 42, 2184, 144, 775400, 91, 19904, 5384.722222222223, 15746374.781132217, 44887986.44444445
2, 104, 0, 0, 0, 0, 0, 0, 0, 0, 0, 2, 404, 103, 301, 202.0, 9801.0, 50605.0, 2, 104, 2, 404, 103, 301, 202.0, 9801.0, 50605.0
0, 0, 0, 0, 0, 0, 0, 0, 0, 0, 0, 0, 0, 0, 0, 0, 0, 0, 0, 0, 0, 0, 0, 0, 0, 0, 0
0, 0, 0, 0, 0, 0, 0, 0, 0, 0, 0, 0, 0, 0, 0, 0, 0, 0, 0, 0, 0, 0, 0, 0, 0, 0, 0
0, 0, 0, 0, 0, 0, 0, 0, 0, 0, 0, 0, 0, 0, 0, 0, 0, 0, 0, 0, 0, 0, 0, 0, 0, 0, 0
0, 0, 0, 0, 0, 0, 0, 0, 0, 0, 0, 0, 0, 0, 0, 0, 0, 0, 0, 0, 0, 0, 0, 0, 0, 0, 0
0, 0, 0, 0, 0, 0, 0, 0, 0, 0, 0, 0, 0, 0, 0, 0, 0, 0, 0, 0, 0, 0, 0, 0, 0, 0, 0
0, 0, 0, 0, 0, 0, 0, 0, 0, 0, 0, 0, 0, 0, 0, 0, 0, 0, 0, 0, 0, 0, 0, 0, 0, 0, 0
2, 104, 0, 0, 0, 0, 0, 0, 0, 1, 52, 1, 83, 83, 83, 83.0, 0.0, 6889.0, 3, 156, 1, 83, 83, 83, 83.0, 0.0, 6889.0
0, 0, 0, 0, 0, 0, 0, 0, 0, 0, 0, 0, 0, 0, 0, 0, 0, 0, 0, 0, 0, 0, 0, 0, 0, 0, 0
1, 52, 0, 0, 0, 0, 0, 0, 0, 1, 52, 0, 0, 0, 0, 0, 0, 0, 2, 104, 0, 0, 0, 0, 0, 0, 0
2, 104, 3, 389, 91, 150, 129.66666666666666, 748.2222222222222, 17561.666666666668, 3, 156, 12, 67036, 91, 18486, 5586.333333333333, 29564815.38888889, 60771935.5, 5, 260, 15, 67425, 91, 18486, 4495.0, 29220680.628257893, 48621060.733333334
38, 1976, 2, 178, 87, 91, 89.0, 4.0, 7925.0, 2, 104, 161, 1299210, 91, 18486, 8069.627329192546, 33794228.76794877, 98913114.0, 40, 2080, 163, 1299388, 87, 18486, 7971.705521472392, 33976346.2809404, 97699553.398773
0, 0, 0, 0, 0, 0, 0, 0, 0, 0, 0, 0, 0, 0, 0, 0, 0, 0, 0, 0, 0, 0, 0, 0, 0, 0, 0
0, 0, 0, 0, 0, 0, 0, 0, 0, 0, 0, 0, 0, 0, 0, 0, 0, 0, 0, 0, 0, 0, 0, 0, 0, 0, 0
0, 0, 0, 0, 0, 0, 0, 0, 0, 0, 0, 0, 0, 0, 0, 0, 0, 0, 0, 0, 0, 0, 0, 0, 0, 0, 0
0, 0, 0, 0, 0, 0, 0, 0, 0, 0, 0, 0, 0, 0, 0, 0, 0, 0, 0, 0, 0, 0, 0, 0, 0, 0, 0
0, 0, 0, 0, 0, 0, 0, 0, 0, 0, 0, 0, 0, 0, 0, 0, 0, 0, 0, 0, 0, 0, 0, 0, 0, 0, 0
0, 0, 0, 0, 0, 0, 0, 0, 0, 0, 0, 0, 0, 0, 0, 0, 0, 0, 0, 0, 0, 0, 0, 0, 0, 0, 0
2, 104, 0, 0, 0, 0, 0, 0, 0, 2, 104, 1, 91, 91, 91, 91.0, 0.0, 8281.0, 4, 208, 1, 91, 91, 91, 91.0, 0.0, 8281.0
0, 0, 0, 0, 0, 0, 0, 0, 0, 0, 0, 0, 0, 0, 0, 0, 0, 0, 0, 0, 0, 0, 0, 0, 0, 0, 0
1, 40, 0, 0, 0, 0, 0, 0, 0, 0, 0, 0, 0, 0, 0, 0, 0, 0, 1, 40, 0, 0, 0, 0, 0, 0, 0
2, 104, 2, 241, 91, 150, 120.5, 870.25, 15390.5, 2, 104, 16, 67243, 91, 12814, 4202.6875, 11968169.71484375, 29630751.9375, 4, 208, 18, 67484, 91, 12814, 3749.1111111111113, 12186799.423010381, 26340156.222222224
39, 2016, 2, 239, 91, 148, 119.5, 812.25, 15092.5, 2, 104, 164, 1396260, 91, 24158, 8513.780487804877, 41777354.4518144, 114261812.64634146, 41, 2120, 166, 1396499, 91, 24158, 8412.644578313253, 41948629.29117539, 112885346.13855422
0, 0, 0, 0, 0, 0, 0, 0, 0, 0, 0, 0, 0, 0, 0, 0, 0, 0, 0, 0, 0, 0, 0, 0, 0, 0, 0
0, 0, 0, 0, 0, 0, 0, 0, 0, 0, 0, 0, 0, 0, 0, 0, 0, 0, 0, 0, 0, 0, 0, 0, 0, 0, 0
0, 0, 0, 0, 0, 0, 0, 0, 0, 0, 0, 0, 0, 0, 0, 0, 0, 0, 0, 0, 0, 0, 0, 0, 0, 0, 0
1, 52, 0, 0, 0, 0, 0, 0, 0, 1, 52, 0, 0, 0, 0, 0, 0, 0, 2, 104, 0, 0, 0, 0, 0, 0, 0
0, 0, 0, 0, 0, 0, 0, 0, 0, 0, 0, 0, 0, 0, 0, 0, 0, 0, 0, 0, 0, 0, 0, 0, 0, 0, 0
4, 208, 0, 0, 0, 0, 0, 0, 0, 1, 52, 3, 459, 83, 293, 153.0, 9800.0, 33209.0, 5, 260, 3, 459, 83, 293, 153.0, 9800.0, 33209.0
0, 0, 0, 0, 0, 0, 0, 0, 0, 0, 0, 0, 0, 0, 0, 0, 0, 0, 0, 0, 0, 0, 0, 0, 0, 0, 0
0, 0, 0, 0, 0, 0, 0, 0, 0, 0, 0, 0, 0, 0, 0, 0, 0, 0, 0, 0, 0, 0, 0, 0, 0, 0, 0
0, 0, 0, 0, 0, 0, 0, 0, 0, 0, 0, 0, 0, 0, 0, 0, 0, 0, 0, 0, 0, 0, 0, 0, 0, 0, 0
3, 144, 2, 241, 91, 150, 120.5, 870.25, 15390.5, 2, 104, 16, 67609, 91, 11396, 4225.5625, 13430758.37109375, 31286136.8125, 5, 248, 18, 67850, 91, 11396, 3769.4444444444443, 13573722.080449827, 27811609.444444444
62, 3212, 2, 239, 91, 148, 119.5, 812.25, 15092.5, 2, 104, 161, 1404231, 91, 22740, 8721.931677018634, 41716705.29346862, 117788797.47204968, 64, 3316, 163, 1404470, 91, 22740, 8616.38036809816, 41913181.44340611, 116343721.33742331
0, 0, 0, 0, 0, 0, 0, 0, 0, 0, 0, 0, 0, 0, 0, 0, 0, 0, 0, 0, 0, 0, 0, 0, 0, 0, 0
0, 0, 0, 0, 0, 0, 0, 0, 0, 0, 0, 0, 0, 0, 0, 0, 0, 0, 0, 0, 0, 0, 0, 0, 0, 0, 0
0, 0, 0, 0, 0, 0, 0, 0, 0, 0, 0, 0, 0, 0, 0, 0, 0, 0, 0, 0, 0, 0, 0, 0, 0, 0, 0
2, 104, 2, 729, 91, 638, 364.5, 74802.25, 207662.5, 1, 52, 2, 422, 91, 331, 211.0, 14400.0, 58921.0, 3, 156, 4, 1151, 91, 638, 287.75, 39770.13888888889, 133291.75
4, 216, 0, 0, 0, 0, 0, 0, 0, 0, 0, 0, 0, 0, 0, 0, 0, 0, 4, 216, 0, 0, 0, 0, 0, 0, 0
2, 112, 1, 569, 569, 569, 569.0, 0.0, 323761.0, 2, 112, 0, 0, 0, 0, 0, 0, 0, 4, 224, 1, 569, 569, 569, 569.0, 0.0, 323761.0
2, 104, 3, 1460, 103, 788, 486.6666666666667, 81593.55555555556, 318438.0, 1, 60, 1, 189, 189, 189, 189.0, 0.0, 35721.0, 3, 164, 4, 1649, 103, 788, 412.25, 70221.44, 247758.75
2, 104, 1, 103, 103, 103, 103.0, 0.0, 10609.0, 1, 52, 2, 490, 189, 301, 245.0, 3136.0, 63161.0, 3, 156, 3, 593, 103, 301, 197.66666666666666, 5735.039999999999, 45643.666666666664
0, 0, 0, 0, 0, 0, 0, 0, 0, 1, 52, 0, 0, 0, 0, 0, 0, 0, 1, 52, 0, 0, 0, 0, 0, 0, 0
1, 52, 2, 241, 91, 150, 120.5, 870.25, 15390.5, 2, 104, 15, 67393, 91, 13156, 4492.866666666667, 14680733.982222224, 34866584.86666667, 3, 156, 17, 67634, 91, 13156, 3978.470588235294, 14883413.803710938, 30766444.352941178
0, 0, 1, 148, 148, 148, 148.0, 0.0, 21904.0, 1, 52, 0, 0, 0, 0, 0, 0, 0, 1, 52, 1, 148, 148, 148, 148.0, 0.0, 21904.0
29, 1508, 1, 91, 91, 91, 91.0, 0.0, 8281.0, 1, 52, 201, 1385025, 91, 18486, 6890.671641791045, 31781039.653374914, 79262395.3283582, 30, 1560, 202, 1385116, 91, 18486, 6857.009900990099, 31816622.200296775, 78870048.22772278
0, 0, 0, 0, 0, 0, 0, 0, 0, 0, 0, 0, 0, 0, 0, 0, 0, 0, 0, 0, 0, 0, 0, 0, 0, 0, 0
0, 0, 0, 0, 0, 0, 0, 0, 0, 0, 0, 0, 0, 0, 0, 0, 0, 0, 0, 0, 0, 0, 0, 0, 0, 0, 0
0, 0, 0, 0, 0, 0, 0, 0, 0, 0, 0, 0, 0, 0, 0, 0, 0, 0, 0, 0, 0, 0, 0, 0, 0, 0, 0
0, 0, 0, 0, 0, 0, 0, 0, 0, 0, 0, 0, 0, 0, 0, 0, 0, 0, 0, 0, 0, 0, 0, 0, 0, 0, 0
0, 0, 0, 0, 0, 0, 0, 0, 0, 0, 0, 0, 0, 0, 0, 0, 0, 0, 0, 0, 0, 0, 0, 0, 0, 0, 0
0, 0, 0, 0, 0, 0, 0, 0, 0, 0, 0, 0, 0, 0, 0, 0, 0, 0, 0, 0, 0, 0, 0, 0, 0, 0, 0
0, 0, 0, 0, 0, 0, 0, 0, 0, 0, 0, 0, 0, 0, 0, 0, 0, 0, 0, 0, 0, 0, 0, 0, 0, 0, 0
0, 0, 0, 0, 0, 0, 0, 0, 0, 0, 0, 0, 0, 0, 0, 0, 0, 0, 0, 0, 0, 0, 0, 0, 0, 0, 0
0, 0, 1, 150, 150, 150, 150.0, 0.0, 22500.0, 1, 52, 0, 0, 0, 0, 0, 0, 0, 1, 52, 1, 150, 150, 150, 150.0, 0.0, 22500.0
46, 2392, 3, 330, 91, 148, 110.0, 722.0, 12822.0, 2, 104, 172, 1398063, 91, 25576, 8128.273255813953, 45187948.698587075, 111256774.81976745, 48, 2496, 175, 1398393, 91, 25576, 7990.817142857143, 45348320.179156035, 109349735.62857144
0, 0, 0, 0, 0, 0, 0, 0, 0, 0, 0, 0, 0, 0, 0, 0, 0, 0, 0, 0, 0, 0, 0, 0, 0, 0, 0
0, 0, 0, 0, 0, 0, 0, 0, 0, 0, 0, 0, 0, 0, 0, 0, 0, 0, 0, 0, 0, 0, 0, 0, 0, 0, 0
0, 0, 0, 0, 0, 0, 0, 0, 0, 0, 0, 0, 0, 0, 0, 0, 0, 0, 0, 0, 0, 0, 0, 0, 0, 0, 0
0, 0, 0, 0, 0, 0, 0, 0, 0, 0, 0, 0, 0, 0, 0, 0, 0, 0, 0, 0, 0, 0, 0, 0, 0, 0, 0
0, 0, 0, 0, 0, 0, 0, 0, 0, 0, 0, 0, 0, 0, 0, 0, 0, 0, 0, 0, 0, 0, 0, 0, 0, 0, 0
0, 0, 0, 0, 0, 0, 0, 0, 0, 0, 0, 0, 0, 0, 0, 0, 0, 0, 0, 0, 0, 0, 0, 0, 0, 0, 0
0, 0, 0, 0, 0, 0, 0, 0, 0, 0, 0, 0, 0, 0, 0, 0, 0, 0, 0, 0, 0, 0, 0, 0, 0, 0, 0
0, 0, 0, 0, 0, 0, 0, 0, 0, 0, 0, 0, 0, 0, 0, 0, 0, 0, 0, 0, 0, 0, 0, 0, 0, 0, 0
0, 0, 0, 0, 0, 0, 0, 0, 0, 0, 0, 0, 0, 0, 0, 0, 0, 0, 0, 0, 0, 0, 0, 0, 0, 0, 0
0, 0, 0, 0, 0, 0, 0, 0, 0, 0, 0, 0, 0, 0, 0, 0, 0, 0, 0, 0, 0, 0, 0, 0, 0, 0, 0
52, 2704, 5, 567, 87, 150, 113.4, 847.4399999999999, 13707.0, 12, 624, 207, 1473548, 91, 26994, 7118.589371980676, 34226276.51254405, 84900591.1594203, 64, 3328, 212, 1474115, 87, 26994, 6953.372641509434, 34396463.341266, 82898542.00471698
0, 0, 0, 0, 0, 0, 0, 0, 0, 0, 0, 0, 0, 0, 0, 0, 0, 0, 0, 0, 0, 0, 0, 0, 0, 0, 0
0, 0, 1, 195, 195, 195, 195.0, 0.0, 38025.0, 0, 0, 0, 0, 0, 0, 0, 0, 0, 0, 0, 1, 195, 195, 195, 195.0, 0.0, 38025.0
3, 156, 0, 0, 0, 0, 0, 0, 0, 1, 52, 3, 459, 83, 293, 153.0, 9800.0, 33209.0, 4, 208, 3, 459, 83, 293, 153.0, 9800.0, 33209.0
0, 0, 1, 195, 195, 195, 195.0, 0.0, 38025.0, 0, 0, 0, 0, 0, 0, 0, 0, 0, 0, 0, 1, 195, 195, 195, 195.0, 0.0, 38025.0
0, 0, 0, 0, 0, 0, 0, 0, 0, 0, 0, 0, 0, 0, 0, 0, 0, 0, 0, 0, 0, 0, 0, 0, 0, 0, 0
3, 156, 1, 200, 200, 200, 200.0, 0.0, 40000.0, 3, 156, 0, 0, 0, 0, 0, 0, 0, 6, 312, 1, 200, 200, 200, 200.0, 0.0, 40000.0
0, 0, 1, 195, 195, 195, 195.0, 0.0, 38025.0, 0, 0, 0, 0, 0, 0, 0, 0, 0, 0, 0, 1, 195, 195, 195, 195.0, 0.0, 38025.0
0, 0, 0, 0, 0, 0, 0, 0, 0, 0, 0, 0, 0, 0, 0, 0, 0, 0, 0, 0, 0, 0, 0, 0, 0, 0, 0
0, 0, 1, 200, 200, 200, 200.0, 0.0, 40000.0, 0, 0, 0, 0, 0, 0, 0, 0, 0, 0, 0, 1, 200, 200, 200, 200.0, 0.0, 40000.0
0, 0, 1, 195, 195, 195, 195.0, 0.0, 38025.0, 0, 0, 0, 0, 0, 0, 0, 0, 0, 0, 0, 1, 195, 195, 195, 195.0, 0.0, 38025.0
43, 2236, 4, 480, 91, 150, 120.0, 841.5, 15241.5, 3, 156, 173, 1335226, 91, 24158, 7718.06936416185, 34642020.08767416, 94210614.79768786, 46, 2392, 177, 1335706, 91, 24158, 7546.3615819209035, 34898359.52225306, 92081905.79661018
0, 0, 1, 200, 200, 200, 200.0, 0.0, 40000.0, 0, 0, 0, 0, 0, 0, 0, 0, 0, 0, 0, 1, 200, 200, 200, 200.0, 0.0, 40000.0
0, 0, 0, 0, 0, 0, 0, 0, 0, 0, 0, 0, 0, 0, 0, 0, 0, 0, 0, 0, 0, 0, 0, 0, 0, 0, 0
3, 164, 0, 0, 0, 0, 0, 0, 0, 0, 0, 0, 0, 0, 0, 0, 0, 0, 3, 164, 0, 0, 0, 0, 0, 0, 0
2, 112, 3, 964, 195, 569, 321.3333333333333, 30673.55555555556, 133928.66666666666, 2, 112, 0, 0, 0, 0, 0, 0, 0, 4, 224, 3, 964, 195, 569, 321.3333333333333, 30673.55555555555, 133928.66666666666
3, 156, 4, 1563, 103, 788, 390.75, 88795.1875, 241480.75, 1, 60, 2, 378, 189, 189, 189.0, 0.0, 35721.0, 4, 216, 6, 1941, 103, 788, 323.5, 54573.359375, 172894.16666666666
1, 52, 0, 0, 0, 0, 0, 0, 0, 2, 104, 1, 301, 301, 301, 301.0, 0.0, 90601.0, 3, 156, 1, 301, 301, 301, 301.0, 0.0, 90601.0
0, 0, 1, 195, 195, 195, 195.0, 0.0, 38025.0, 0, 0, 0, 0, 0, 0, 0, 0, 0, 0, 0, 1, 195, 195, 195, 195.0, 0.0, 38025.0
0, 0, 0, 0, 0, 0, 0, 0, 0, 0, 0, 0, 0, 0, 0, 0, 0, 0, 0, 0, 0, 0, 0, 0, 0, 0, 0
0, 0, 0, 0, 0, 0, 0, 0, 0, 0, 0, 0, 0, 0, 0, 0, 0, 0, 0, 0, 0, 0, 0, 0, 0, 0, 0
0, 0, 1, 195, 195, 195, 195.0, 0.0, 38025.0, 0, 0, 0, 0, 0, 0, 0, 0, 0, 0, 0, 1, 195, 195, 195, 195.0, 0.0, 38025.0
2, 104, 2, 241, 91, 150, 120.5, 870.25, 15390.5, 2, 104, 13, 67445, 91, 11396, 5188.076923076923, 18070943.14792899, 44987085.307692304, 4, 208, 15, 67686, 91, 11396, 4512.4, 18483511.23852041, 38990859.333333336
51, 2652, 2, 239, 91, 148, 119.5, 812.25, 15092.5, 5, 260, 156, 1189739, 91, 18486, 7626.532051282052, 23591114.659229126, 81755105.78846154, 56, 2912, 158, 1189978, 91, 18486, 7531.506329113924, 23797524.05660473, 80720422.07594937
0, 0, 1, 195, 195, 195, 195.0, 0.0, 38025.0, 0, 0, 0, 0, 0, 0, 0, 0, 0, 0, 0, 1, 195, 195, 195, 195.0, 0.0, 38025.0
0, 0, 0, 0, 0, 0, 0, 0, 0, 0, 0, 0, 0, 0, 0, 0, 0, 0, 0, 0, 0, 0, 0, 0, 0, 0, 0
1, 52, 2, 729, 91, 638, 364.5, 74802.25, 207662.5, 1, 52, 1, 91, 91, 91, 91.0, 0.0, 8281.0, 2, 104, 3, 820, 91, 638, 273.3333333333333, 56101.6875, 141202.0
1, 52, 1, 195, 195, 195, 195.0, 0.0, 38025.0, 0, 0, 1, 331, 331, 331, 331.0, 0.0, 109561.0, 1, 52, 2, 526, 195, 331, 263.0, 4110.222222222222, 73793.0
0, 0, 0, 0, 0, 0, 0, 0, 0, 0, 0, 0, 0, 0, 0, 0, 0, 0, 0, 0, 0, 0, 0, 0, 0, 0, 0
1, 52, 0, 0, 0, 0, 0, 0, 0, 1, 52, 0, 0, 0, 0, 0, 0, 0, 2, 104, 0, 0, 0, 0, 0, 0, 0
2, 80, 2, 276, 81, 195, 138.0, 3249.0, 22293.0, 2, 80, 0, 0, 0, 0, 0, 0, 0, 4, 160, 2, 276, 81, 195, 138.0, 3249.0, 22293.0
0, 0, 0, 0, 0, 0, 0, 0, 0, 2, 80, 0, 0, 0, 0, 0, 0, 0, 2, 80, 0, 0, 0, 0, 0, 0, 0
0, 0, 0, 0, 0, 0, 0, 0, 0, 0, 0, 0, 0, 0, 0, 0, 0, 0, 0, 0, 0, 0, 0, 0, 0, 0, 0
1, 52, 3, 436, 91, 195, 145.33333333333334, 1813.5555555555557, 22935.333333333332, 1, 52, 16, 67170, 91, 8560, 4198.125, 9109469.109375, 26733722.625, 2, 104, 19, 67606, 91, 8560, 3558.2105263157896, 9616006.019591838, 22516229.89473684
47, 2444, 2, 239, 91, 148, 119.5, 812.25, 15092.5, 5, 260, 184, 1369167, 76, 21322, 7441.125, 32901408.13111413, 88271749.39673913, 52, 2704, 186, 1369406, 76, 21322, 7362.397849462365, 33011763.98817385, 87322753.08602151
0, 0, 1, 195, 195, 195, 195.0, 0.0, 38025.0, 0, 0, 0, 0, 0, 0, 0, 0, 0, 0, 0, 1, 195, 195, 195, 195.0, 0.0, 38025.0
0, 0, 0, 0, 0, 0, 0, 0, 0, 0, 0, 0, 0, 0, 0, 0, 0, 0, 0, 0, 0, 0, 0, 0, 0, 0, 0
0, 0, 0, 0, 0, 0, 0, 0, 0, 0, 0, 0, 0, 0, 0, 0, 0, 0, 0, 0, 0, 0, 0, 0, 0, 0, 0
1, 52, 0, 0, 0, 0, 0, 0, 0, 1, 52, 0, 0, 0, 0, 0, 0, 0, 2, 104, 0, 0, 0, 0, 0, 0, 0
0, 0, 0, 0, 0, 0, 0, 0, 0, 0, 0, 0, 0, 0, 0, 0, 0, 0, 0, 0, 0, 0, 0, 0, 0, 0, 0
0, 0, 0, 0, 0, 0, 0, 0, 0, 0, 0, 0, 0, 0, 0, 0, 0, 0, 0, 0, 0, 0, 0, 0, 0, 0, 0
1, 52, 0, 0, 0, 0, 0, 0, 0, 0, 0, 0, 0, 0, 0, 0, 0, 0, 1, 52, 0, 0, 0, 0, 0, 0, 0
1, 40, 1, 81, 81, 81, 81.0, 0.0, 6561.0, 2, 92, 0, 0, 0, 0, 0, 0, 0, 3, 132, 1, 81, 81, 81, 81.0, 0.0, 6561.0
0, 0, 0, 0, 0, 0, 0, 0, 0, 0, 0, 0, 0, 0, 0, 0, 0, 0, 0, 0, 0, 0, 0, 0, 0, 0, 0
3, 156, 2, 241, 91, 150, 120.5, 870.25, 15390.5, 3, 156, 14, 67108, 83, 15650, 4793.428571428572, 22095511.53061224, 45072469.0, 6, 312, 16, 67349, 83, 15650, 4209.3125, 21981236.156666663, 39440334.1875
64, 3328, 5, 1635, 81, 1120, 327.0, 158905.2, 265834.2, 3, 156, 162, 1409071, 83, 22740, 8697.969135802468, 36475948.64719555, 112130615.7345679, 67, 3484, 167, 1410706, 81, 22740, 8447.34131736527, 36972774.47891279, 108781370.77844311
1, 40, 1, 320, 320, 320, 320.0, 0.0, 102400.0, 1, 40, 2, 928, 88, 840, 464.0, 141376.0, 356672.0, 2, 80, 3, 1248, 88, 840, 416.0, 116418.56000000001, 271914.6666666667
1, 40, 1, 92, 92, 92, 92.0, 0.0, 8464.0, 1, 56, 1, 92, 92, 92, 92.0, 0.0, 8464.0, 2, 96, 2, 184, 92, 92, 92.0, 0.0, 8464.0
0, 0, 1, 195, 195, 195, 195.0, 0.0, 38025.0, 0, 0, 0, 0, 0, 0, 0, 0, 0, 0, 0, 1, 195, 195, 195, 195.0, 0.0, 38025.0
0, 0, 1, 92, 92, 92, 92.0, 0.0, 8464.0, 0, 0, 0, 0, 0, 0, 0, 0, 0, 0, 0, 1, 92, 92, 92, 92.0, 0.0, 8464.0
0, 0, 2, 287, 92, 195, 143.5, 2652.25, 23244.5, 0, 0, 1, 108, 108, 108, 108.0, 0.0, 11664.0, 0, 0, 3, 395, 92, 195, 131.66666666666666, 1641.1875, 19384.333333333332
1, 40, 0, 0, 0, 0, 0, 0, 0, 1, 40, 0, 0, 0, 0, 0, 0, 0, 2, 80, 0, 0, 0, 0, 0, 0, 0
0, 0, 0, 0, 0, 0, 0, 0, 0, 1, 40, 0, 0, 0, 0, 0, 0, 0, 1, 40, 0, 0, 0, 0, 0, 0, 0
0, 0, 1, 195, 195, 195, 195.0, 0.0, 38025.0, 0, 0, 0, 0, 0, 0, 0, 0, 0, 0, 0, 1, 195, 195, 195, 195.0, 0.0, 38025.0
0, 0, 0, 0, 0, 0, 0, 0, 0, 0, 0, 0, 0, 0, 0, 0, 0, 0, 0, 0, 0, 0, 0, 0, 0, 0, 0
48, 2496, 4, 480, 91, 150, 120.0, 841.5, 15241.5, 4, 208, 199, 1448325, 91, 22740, 7278.015075376885, 29754875.78369233, 82724379.22110553, 52, 2704, 203, 1448805, 91, 22740, 7136.970443349754, 29963565.563302886, 81094642.51724137
3, 164, 0, 0, 0, 0, 0, 0, 0, 0, 0, 0, 0, 0, 0, 0, 0, 0, 3, 164, 0, 0, 0, 0, 0, 0, 0
4, 216, 4, 2030, 103, 789, 507.5, 62606.75, 320163.0, 3, 172, 1, 189, 189, 189, 189.0, 0.0, 35721.0, 7, 388, 5, 2219, 103, 789, 443.8, 64280.55555555556, 263274.6
2, 104, 1, 103, 103, 103, 103.0, 0.0, 10609.0, 1, 52, 2, 490, 189, 301, 245.0, 3136.0, 63161.0, 3, 156, 3, 593, 103, 301, 197.66666666666666, 5735.039999999999, 45643.666666666664
0, 0, 0, 0, 0, 0, 0, 0, 0, 1, 52, 0, 0, 0, 0, 0, 0, 0, 1, 52, 0, 0, 0, 0, 0, 0, 0
0, 0, 0, 0, 0, 0, 0, 0, 0, 0, 0, 0, 0, 0, 0, 0, 0, 0, 0, 0, 0, 0, 0, 0, 0, 0, 0
0, 0, 0, 0, 0, 0, 0, 0, 0, 0, 0, 0, 0, 0, 0, 0, 0, 0, 0, 0, 0, 0, 0, 0, 0, 0, 0
0, 0, 0, 0, 0, 0, 0, 0, 0, 0, 0, 0, 0, 0, 0, 0, 0, 0, 0, 0, 0, 0, 0, 0, 0, 0, 0
0, 0, 0, 0, 0, 0, 0, 0, 0, 0, 0, 0, 0, 0, 0, 0, 0, 0, 0, 0, 0, 0, 0, 0, 0, 0, 0
0, 0, 0, 0, 0, 0, 0, 0, 0, 0, 0, 0, 0, 0, 0, 0, 0, 0, 0, 0, 0, 0, 0, 0, 0, 0, 0
0, 0, 1, 68, 68, 68, 68.0, 0.0, 4624.0, 0, 0, 0, 0, 0, 0, 0, 0, 0, 0, 0, 1, 68, 68, 68, 68.0, 0.0, 4624.0
2, 104, 3, 389, 91, 150, 129.66666666666666, 748.2222222222222, 17561.666666666668, 2, 104, 15, 67417, 91, 14232, 4494.466666666666, 13149114.64888889, 33349345.266666666, 4, 208, 18, 67806, 91, 14232, 3767.0, 13528311.01010101, 27794048.0
52, 2716, 3, 246, 68, 91, 82.0, 100.66666666666667, 6824.666666666667, 3, 156, 172, 1400809, 91, 19904, 8144.238372093023, 37381264.71643455, 103709883.37790698, 55, 2872, 175, 1401055, 68, 19904, 8006.028571428571, 37615183.15936516, 101932116.65714286
1, 52, 0, 0, 0, 0, 0, 0, 0, 1, 52, 0, 0, 0, 0, 0, 0, 0, 2, 104, 0, 0, 0, 0, 0, 0, 0
0, 0, 0, 0, 0, 0, 0, 0, 0, 0, 0, 0, 0, 0, 0, 0, 0, 0, 0, 0, 0, 0, 0, 0, 0, 0, 0
0, 0, 0, 0, 0, 0, 0, 0, 0, 0, 0, 0, 0, 0, 0, 0, 0, 0, 0, 0, 0, 0, 0, 0, 0, 0, 0
0, 0, 0, 0, 0, 0, 0, 0, 0, 0, 0, 0, 0, 0, 0, 0, 0, 0, 0, 0, 0, 0, 0, 0, 0, 0, 0
0, 0, 0, 0, 0, 0, 0, 0, 0, 0, 0, 0, 0, 0, 0, 0, 0, 0, 0, 0, 0, 0, 0, 0, 0, 0, 0
0, 0, 1, 68, 68, 68, 68.0, 0.0, 4624.0, 0, 0, 0, 0, 0, 0, 0, 0, 0, 0, 0, 1, 68, 68, 68, 68.0, 0.0, 4624.0
0, 0, 0, 0, 0, 0, 0, 0, 0, 0, 0, 0, 0, 0, 0, 0, 0, 0, 0, 0, 0, 0, 0, 0, 0, 0, 0
0, 0, 0, 0, 0, 0, 0, 0, 0, 0, 0, 0, 0, 0, 0, 0, 0, 0, 0, 0, 0, 0, 0, 0, 0, 0, 0
0, 0, 0, 0, 0, 0, 0, 0, 0, 0, 0, 0, 0, 0, 0, 0, 0, 0, 0, 0, 0, 0, 0, 0, 0, 0, 0
0, 0, 0, 0, 0, 0, 0, 0, 0, 0, 0, 0, 0, 0, 0, 0, 0, 0, 0, 0, 0, 0, 0, 0, 0, 0, 0
0, 0, 0, 0, 0, 0, 0, 0, 0, 0, 0, 0, 0, 0, 0, 0, 0, 0, 0, 0, 0, 0, 0, 0, 0, 0, 0
0, 0, 0, 0, 0, 0, 0, 0, 0, 0, 0, 0, 0, 0, 0, 0, 0, 0, 0, 0, 0, 0, 0, 0, 0, 0, 0
0, 0, 0, 0, 0, 0, 0, 0, 0, 0, 0, 0, 0, 0, 0, 0, 0, 0, 0, 0, 0, 0, 0, 0, 0, 0, 0
0, 0, 0, 0, 0, 0, 0, 0, 0, 0, 0, 0, 0, 0, 0, 0, 0, 0, 0, 0, 0, 0, 0, 0, 0, 0, 0
2, 104, 2, 729, 91, 638, 364.5, 74802.25, 207662.5, 1, 52, 2, 422, 91, 331, 211.0, 14400.0, 58921.0, 3, 156, 4, 1151, 91, 638, 287.75, 39770.13888888889, 133291.75
0, 0, 0, 0, 0, 0, 0, 0, 0, 0, 0, 0, 0, 0, 0, 0, 0, 0, 0, 0, 0, 0, 0, 0, 0, 0, 0
0, 0, 0, 0, 0, 0, 0, 0, 0, 0, 0, 0, 0, 0, 0, 0, 0, 0, 0, 0, 0, 0, 0, 0, 0, 0, 0
1, 52, 0, 0, 0, 0, 0, 0, 0, 1, 52, 0, 0, 0, 0, 0, 0, 0, 2, 104, 0, 0, 0, 0, 0, 0, 0
2, 104, 0, 0, 0, 0, 0, 0, 0, 1, 52, 1, 83, 83, 83, 83.0, 0.0, 6889.0, 3, 156, 1, 83, 83, 83, 83.0, 0.0, 6889.0
1, 52, 0, 0, 0, 0, 0, 0, 0, 1, 52, 2, 376, 83, 293, 188.0, 11025.0, 46369.0, 2, 104, 2, 376, 83, 293, 188.0, 11025.0, 46369.0
0, 0, 0, 0, 0, 0, 0, 0, 0, 0, 0, 0, 0, 0, 0, 0, 0, 0, 0, 0, 0, 0, 0, 0, 0, 0, 0
0, 0, 0, 0, 0, 0, 0, 0, 0, 0, 0, 0, 0, 0, 0, 0, 0, 0, 0, 0, 0, 0, 0, 0, 0, 0, 0
7, 372, 7, 4205, 72, 2948, 600.7142857142857, 952765.6326530612, 1313623.2857142857, 3, 164, 5, 1267, 122, 346, 253.4, 8422.24, 72633.8, 10, 536, 12, 5472, 72, 2948, 456.0, 426487.1833910034, 796544.3333333334
0, 0, 0, 0, 0, 0, 0, 0, 0, 1, 52, 0, 0, 0, 0, 0, 0, 0, 1, 52, 0, 0, 0, 0, 0, 0, 0
0, 0, 0, 0, 0, 0, 0, 0, 0, 0, 0, 0, 0, 0, 0, 0, 0, 0, 0, 0, 0, 0, 0, 0, 0, 0, 0
0, 0, 0, 0, 0, 0, 0, 0, 0, 0, 0, 0, 0, 0, 0, 0, 0, 0, 0, 0, 0, 0, 0, 0, 0, 0, 0
0, 0, 0, 0, 0, 0, 0, 0, 0, 0, 0, 0, 0, 0, 0, 0, 0, 0, 0, 0, 0, 0, 0, 0, 0, 0, 0
0, 0, 0, 0, 0, 0, 0, 0, 0, 0, 0, 0, 0, 0, 0, 0, 0, 0, 0, 0, 0, 0, 0, 0, 0, 0, 0
0, 0, 0, 0, 0, 0, 0, 0, 0, 0, 0, 0, 0, 0, 0, 0, 0, 0, 0, 0, 0, 0, 0, 0, 0, 0, 0
1, 60, 0, 0, 0, 0, 0, 0, 0, 0, 0, 0, 0, 0, 0, 0, 0, 0, 1, 60, 0, 0, 0, 0, 0, 0, 0
2, 112, 1, 569, 569, 569, 569.0, 0.0, 323761.0, 1, 60, 0, 0, 0, 0, 0, 0, 0, 3, 172, 1, 569, 569, 569, 569.0, 0.0, 323761.0
4, 208, 5, 2858, 103, 788, 571.6, 59778.240000000005, 386504.8, 1, 60, 3, 697, 189, 291, 232.33333333333334, 1851.5555555555554, 55830.333333333336, 5, 268, 8, 3555, 103, 788, 444.375, 56719.520661157025, 262501.875
2, 104, 1, 103, 103, 103, 103.0, 0.0, 10609.0, 1, 52, 2, 490, 189, 301, 245.0, 3136.0, 63161.0, 3, 156, 3, 593, 103, 301, 197.66666666666666, 5735.039999999999, 45643.666666666664
0, 0, 0, 0, 0, 0, 0, 0, 0, 1, 52, 0, 0, 0, 0, 0, 0, 0, 1, 52, 0, 0, 0, 0, 0, 0, 0
0, 0, 0, 0, 0, 0, 0, 0, 0, 0, 0, 0, 0, 0, 0, 0, 0, 0, 0, 0, 0, 0, 0, 0, 0, 0, 0
0, 0, 0, 0, 0, 0, 0, 0, 0, 0, 0, 0, 0, 0, 0, 0, 0, 0, 0, 0, 0, 0, 0, 0, 0, 0, 0
0, 0, 0, 0, 0, 0, 0, 0, 0, 0, 0, 0, 0, 0, 0, 0, 0, 0, 0, 0, 0, 0, 0, 0, 0, 0, 0
0, 0, 0, 0, 0, 0, 0, 0, 0, 0, 0, 0, 0, 0, 0, 0, 0, 0, 0, 0, 0, 0, 0, 0, 0, 0, 0
0, 0, 0, 0, 0, 0, 0, 0, 0, 0, 0, 0, 0, 0, 0, 0, 0, 0, 0, 0, 0, 0, 0, 0, 0, 0, 0
0, 0, 0, 0, 0, 0, 0, 0, 0, 0, 0, 0, 0, 0, 0, 0, 0, 0, 0, 0, 0, 0, 0, 0, 0, 0, 0
0, 0, 0, 0, 0, 0, 0, 0, 0, 0, 0, 0, 0, 0, 0, 0, 0, 0, 0, 0, 0, 0, 0, 0, 0, 0, 0
0, 0, 0, 0, 0, 0, 0, 0, 0, 0, 0, 0, 0, 0, 0, 0, 0, 0, 0, 0, 0, 0, 0, 0, 0, 0, 0
0, 0, 0, 0, 0, 0, 0, 0, 0, 0, 0, 0, 0, 0, 0, 0, 0, 0, 0, 0, 0, 0, 0, 0, 0, 0, 0
0, 0, 0, 0, 0, 0, 0, 0, 0, 0, 0, 0, 0, 0, 0, 0, 0, 0, 0, 0, 0, 0, 0, 0, 0, 0, 0
0, 0, 0, 0, 0, 0, 0, 0, 0, 0, 0, 0, 0, 0, 0, 0, 0, 0, 0, 0, 0, 0, 0, 0, 0, 0, 0
0, 0, 0, 0, 0, 0, 0, 0, 0, 0, 0, 0, 0, 0, 0, 0, 0, 0, 0, 0, 0, 0, 0, 0, 0, 0, 0
0, 0, 0, 0, 0, 0, 0, 0, 0, 0, 0, 0, 0, 0, 0, 0, 0, 0, 0, 0, 0, 0, 0, 0, 0, 0, 0
0, 0, 0, 0, 0, 0, 0, 0, 0, 0, 0, 0, 0, 0, 0, 0, 0, 0, 0, 0, 0, 0, 0, 0, 0, 0, 0
0, 0, 0, 0, 0, 0, 0, 0, 0, 0, 0, 0, 0, 0, 0, 0, 0, 0, 0, 0, 0, 0, 0, 0, 0, 0, 0
0, 0, 0, 0, 0, 0, 0, 0, 0, 0, 0, 0, 0, 0, 0, 0, 0, 0, 0, 0, 0, 0, 0, 0, 0, 0, 0
0, 0, 0, 0, 0, 0, 0, 0, 0, 0, 0, 0, 0, 0, 0, 0, 0, 0, 0, 0, 0, 0, 0, 0, 0, 0, 0
0, 0, 0, 0, 0, 0, 0, 0, 0, 0, 0, 0, 0, 0, 0, 0, 0, 0, 0, 0, 0, 0, 0, 0, 0, 0, 0
1, 40, 0, 0, 0, 0, 0, 0, 0, 0, 0, 0, 0, 0, 0, 0, 0, 0, 1, 40, 0, 0, 0, 0, 0, 0, 0
0, 0, 0, 0, 0, 0, 0, 0, 0, 0, 0, 0, 0, 0, 0, 0, 0, 0, 0, 0, 0, 0, 0, 0, 0, 0, 0
0, 0, 0, 0, 0, 0, 0, 0, 0, 0, 0, 0, 0, 0, 0, 0, 0, 0, 0, 0, 0, 0, 0, 0, 0, 0, 0
0, 0, 0, 0, 0, 0, 0, 0, 0, 0, 0, 0, 0, 0, 0, 0, 0, 0, 0, 0, 0, 0, 0, 0, 0, 0, 0
0, 0, 0, 0, 0, 0, 0, 0, 0, 0, 0, 0, 0, 0, 0, 0, 0, 0, 0, 0, 0, 0, 0, 0, 0, 0, 0
8, 416, 0, 0, 0, 0, 0, 0, 0, 7, 364, 0, 0, 0, 0, 0, 0, 0, 15, 780, 0, 0, 0, 0, 0, 0, 0
0, 0, 0, 0, 0, 0, 0, 0, 0, 1, 52, 0, 0, 0, 0, 0, 0, 0, 1, 52, 0, 0, 0, 0, 0, 0, 0
0, 0, 0, 0, 0, 0, 0, 0, 0, 0, 0, 0, 0, 0, 0, 0, 0, 0, 0, 0, 0, 0, 0, 0, 0, 0, 0
3, 156, 0, 0, 0, 0, 0, 0, 0, 1, 52, 4, 527, 68, 293, 131.75, 8704.6875, 26062.75, 4, 208, 4, 527, 68, 293, 131.75, 8704.6875, 26062.75
0, 0, 0, 0, 0, 0, 0, 0, 0, 0, 0, 0, 0, 0, 0, 0, 0, 0, 0, 0, 0, 0, 0, 0, 0, 0, 0
0, 0, 0, 0, 0, 0, 0, 0, 0, 0, 0, 0, 0, 0, 0, 0, 0, 0, 0, 0, 0, 0, 0, 0, 0, 0, 0
3, 156, 1, 195, 195, 195, 195.0, 0.0, 38025.0, 3, 156, 0, 0, 0, 0, 0, 0, 0, 6, 312, 1, 195, 195, 195, 195.0, 0.0, 38025.0
0, 0, 0, 0, 0, 0, 0, 0, 0, 0, 0, 0, 0, 0, 0, 0, 0, 0, 0, 0, 0, 0, 0, 0, 0, 0, 0
0, 0, 0, 0, 0, 0, 0, 0, 0, 0, 0, 0, 0, 0, 0, 0, 0, 0, 0, 0, 0, 0, 0, 0, 0, 0, 0
0, 0, 1, 195, 195, 195, 195.0, 0.0, 38025.0, 0, 0, 0, 0, 0, 0, 0, 0, 0, 0, 0, 1, 195, 195, 195, 195.0, 0.0, 38025.0
0, 0, 0, 0, 0, 0, 0, 0, 0, 0, 0, 0, 0, 0, 0, 0, 0, 0, 0, 0, 0, 0, 0, 0, 0, 0, 0
0, 0, 0, 0, 0, 0, 0, 0, 0, 0, 0, 0, 0, 0, 0, 0, 0, 0, 0, 0, 0, 0, 0, 0, 0, 0, 0
0, 0, 1, 195, 195, 195, 195.0, 0.0, 38025.0, 0, 0, 0, 0, 0, 0, 0, 0, 0, 0, 0, 1, 195, 195, 195, 195.0, 0.0, 38025.0
2, 104, 2, 729, 91, 638, 364.5, 74802.25, 207662.5, 1, 52, 2, 422, 91, 331, 211.0, 14400.0, 58921.0, 3, 156, 4, 1151, 91, 638, 287.75, 39770.13888888889, 133291.75
3, 164, 1, 195, 195, 195, 195.0, 0.0, 38025.0, 0, 0, 0, 0, 0, 0, 0, 0, 0, 3, 164, 1, 195, 195, 195, 195.0, 0.0, 38025.0
2, 112, 1, 569, 569, 569, 569.0, 0.0, 323761.0, 2, 112, 0, 0, 0, 0, 0, 0, 0, 4, 224, 1, 569, 569, 569, 569.0, 0.0, 323761.0
2, 104, 3, 1462, 103, 790, 487.3333333333333, 81996.22222222222, 319490.0, 1, 60, 1, 189, 189, 189, 189.0, 0.0, 35721.0, 3, 164, 4, 1651, 103, 790, 412.75, 70558.4, 248547.75
2, 104, 1, 103, 103, 103, 103.0, 0.0, 10609.0, 2, 104, 2, 490, 189, 301, 245.0, 3136.0, 63161.0, 4, 208, 3, 593, 103, 301, 197.66666666666666, 5735.039999999999, 45643.666666666664
0, 0, 0, 0, 0, 0, 0, 0, 0, 0, 0, 0, 0, 0, 0, 0, 0, 0, 0, 0, 0, 0, 0, 0, 0, 0, 0
0, 0, 0, 0, 0, 0, 0, 0, 0, 0, 0, 0, 0, 0, 0, 0, 0, 0, 0, 0, 0, 0, 0, 0, 0, 0, 0
0, 0, 0, 0, 0, 0, 0, 0, 0, 0, 0, 0, 0, 0, 0, 0, 0, 0, 0, 0, 0, 0, 0, 0, 0, 0, 0
0, 0, 0, 0, 0, 0, 0, 0, 0, 0, 0, 0, 0, 0, 0, 0, 0, 0, 0, 0, 0, 0, 0, 0, 0, 0, 0
0, 0, 0, 0, 0, 0, 0, 0, 0, 0, 0, 0, 0, 0, 0, 0, 0, 0, 0, 0, 0, 0, 0, 0, 0, 0, 0
3, 156, 0, 0, 0, 0, 0, 0, 0, 3, 156, 0, 0, 0, 0, 0, 0, 0, 6, 312, 0, 0, 0, 0, 0, 0, 0
0, 0, 0, 0, 0, 0, 0, 0, 0, 0, 0, 0, 0, 0, 0, 0, 0, 0, 0, 0, 0, 0, 0, 0, 0, 0, 0
0, 0, 0, 0, 0, 0, 0, 0, 0, 0, 0, 0, 0, 0, 0, 0, 0, 0, 0, 0, 0, 0, 0, 0, 0, 0, 0
0, 0, 0, 0, 0, 0, 0, 0, 0, 0, 0, 0, 0, 0, 0, 0, 0, 0, 0, 0, 0, 0, 0, 0, 0, 0, 0
0, 0, 0, 0, 0, 0, 0, 0, 0, 0, 0, 0, 0, 0, 0, 0, 0, 0, 0, 0, 0, 0, 0, 0, 0, 0, 0
0, 0, 0, 0, 0, 0, 0, 0, 0, 0, 0, 0, 0, 0, 0, 0, 0, 0, 0, 0, 0, 0, 0, 0, 0, 0, 0
0, 0, 0, 0, 0, 0, 0, 0, 0, 0, 0, 0, 0, 0, 0, 0, 0, 0, 0, 0, 0, 0, 0, 0, 0, 0, 0
0, 0, 0, 0, 0, 0, 0, 0, 0, 0, 0, 0, 0, 0, 0, 0, 0, 0, 0, 0, 0, 0, 0, 0, 0, 0, 0
0, 0, 0, 0, 0, 0, 0, 0, 0, 0, 0, 0, 0, 0, 0, 0, 0, 0, 0, 0, 0, 0, 0, 0, 0, 0, 0
0, 0, 0, 0, 0, 0, 0, 0, 0, 0, 0, 0, 0, 0, 0, 0, 0, 0, 0, 0, 0, 0, 0, 0, 0, 0, 0
0, 0, 0, 0, 0, 0, 0, 0, 0, 0, 0, 0, 0, 0, 0, 0, 0, 0, 0, 0, 0, 0, 0, 0, 0, 0, 0
0, 0, 0, 0, 0, 0, 0, 0, 0, 0, 0, 0, 0, 0, 0, 0, 0, 0, 0, 0, 0, 0, 0, 0, 0, 0, 0
0, 0, 1, 195, 195, 195, 195.0, 0.0, 38025.0, 0, 0, 0, 0, 0, 0, 0, 0, 0, 0, 0, 1, 195, 195, 195, 195.0, 0.0, 38025.0
0, 0, 0, 0, 0, 0, 0, 0, 0, 0, 0, 0, 0, 0, 0, 0, 0, 0, 0, 0, 0, 0, 0, 0, 0, 0, 0
0, 0, 0, 0, 0, 0, 0, 0, 0, 0, 0, 0, 0, 0, 0, 0, 0, 0, 0, 0, 0, 0, 0, 0, 0, 0, 0
0, 0, 1, 195, 195, 195, 195.0, 0.0, 38025.0, 0, 0, 0, 0, 0, 0, 0, 0, 0, 0, 0, 1, 195, 195, 195, 195.0, 0.0, 38025.0
0, 0, 0, 0, 0, 0, 0, 0, 0, 0, 0, 0, 0, 0, 0, 0, 0, 0, 0, 0, 0, 0, 0, 0, 0, 0, 0
0, 0, 1, 195, 195, 195, 195.0, 0.0, 38025.0, 0, 0, 0, 0, 0, 0, 0, 0, 0, 0, 0, 1, 195, 195, 195, 195.0, 0.0, 38025.0
0, 0, 0, 0, 0, 0, 0, 0, 0, 0, 0, 0, 0, 0, 0, 0, 0, 0, 0, 0, 0, 0, 0, 0, 0, 0, 0
0, 0, 0, 0, 0, 0, 0, 0, 0, 0, 0, 0, 0, 0, 0, 0, 0, 0, 0, 0, 0, 0, 0, 0, 0, 0, 0
0, 0, 1, 195, 195, 195, 195.0, 0.0, 38025.0, 0, 0, 0, 0, 0, 0, 0, 0, 0, 0, 0, 1, 195, 195, 195, 195.0, 0.0, 38025.0
1, 52, 0, 0, 0, 0, 0, 0, 0, 1, 52, 1, 83, 83, 83, 83.0, 0.0, 6889.0, 2, 104, 1, 83, 83, 83, 83.0, 0.0, 6889.0
10, 492, 7, 1465, 76, 641, 209.28571428571428, 36547.34693877551, 80347.85714285714, 5, 268, 6, 1471, 83, 632, 245.16666666666666, 36927.1388888889, 97033.83333333333, 15, 760, 13, 2936, 76, 641, 225.84615384615384, 37086.78670360111, 88049.07692307692
3, 144, 1, 91, 91, 91, 91.0, 0.0, 8281.0, 2, 104, 5, 1236, 91, 566, 247.2, 27600.559999999998, 88708.4, 5, 248, 6, 1327, 91, 566, 221.16666666666666, 27107.81818181818, 75303.83333333333
0, 0, 0, 0, 0, 0, 0, 0, 0, 0, 0, 0, 0, 0, 0, 0, 0, 0, 0, 0, 0, 0, 0, 0, 0, 0, 0
0, 0, 0, 0, 0, 0, 0, 0, 0, 0, 0, 0, 0, 0, 0, 0, 0, 0, 0, 0, 0, 0, 0, 0, 0, 0, 0
0, 0, 0, 0, 0, 0, 0, 0, 0, 0, 0, 0, 0, 0, 0, 0, 0, 0, 0, 0, 0, 0, 0, 0, 0, 0, 0
0, 0, 0, 0, 0, 0, 0, 0, 0, 0, 0, 0, 0, 0, 0, 0, 0, 0, 0, 0, 0, 0, 0, 0, 0, 0, 0
0, 0, 0, 0, 0, 0, 0, 0, 0, 0, 0, 0, 0, 0, 0, 0, 0, 0, 0, 0, 0, 0, 0, 0, 0, 0, 0
0, 0, 0, 0, 0, 0, 0, 0, 0, 0, 0, 0, 0, 0, 0, 0, 0, 0, 0, 0, 0, 0, 0, 0, 0, 0, 0
0, 0, 0, 0, 0, 0, 0, 0, 0, 0, 0, 0, 0, 0, 0, 0, 0, 0, 0, 0, 0, 0, 0, 0, 0, 0, 0
0, 0, 0, 0, 0, 0, 0, 0, 0, 0, 0, 0, 0, 0, 0, 0, 0, 0, 0, 0, 0, 0, 0, 0, 0, 0, 0
0, 0, 0, 0, 0, 0, 0, 0, 0, 0, 0, 0, 0, 0, 0, 0, 0, 0, 0, 0, 0, 0, 0, 0, 0, 0, 0
1, 60, 0, 0, 0, 0, 0, 0, 0, 0, 0, 0, 0, 0, 0, 0, 0, 0, 1, 60, 0, 0, 0, 0, 0, 0, 0
4, 216, 4, 2031, 103, 790, 507.75, 62747.6875, 320557.75, 2, 120, 1, 189, 189, 189, 189.0, 0.0, 35721.0, 6, 336, 5, 2220, 103, 790, 444.0, 64409.916666666664, 263590.4
2, 104, 1, 103, 103, 103, 103.0, 0.0, 10609.0, 1, 52, 2, 490, 189, 301, 245.0, 3136.0, 63161.0, 3, 156, 3, 593, 103, 301, 197.66666666666666, 5735.039999999999, 45643.666666666664
0, 0, 0, 0, 0, 0, 0, 0, 0, 1, 52, 0, 0, 0, 0, 0, 0, 0, 1, 52, 0, 0, 0, 0, 0, 0, 0
0, 0, 0, 0, 0, 0, 0, 0, 0, 0, 0, 0, 0, 0, 0, 0, 0, 0, 0, 0, 0, 0, 0, 0, 0, 0, 0
0, 0, 0, 0, 0, 0, 0, 0, 0, 0, 0, 0, 0, 0, 0, 0, 0, 0, 0, 0, 0, 0, 0, 0, 0, 0, 0
0, 0, 0, 0, 0, 0, 0, 0, 0, 0, 0, 0, 0, 0, 0, 0, 0, 0, 0, 0, 0, 0, 0, 0, 0, 0, 0
0, 0, 0, 0, 0, 0, 0, 0, 0, 0, 0, 0, 0, 0, 0, 0, 0, 0, 0, 0, 0, 0, 0, 0, 0, 0, 0
0, 0, 0, 0, 0, 0, 0, 0, 0, 0, 0, 0, 0, 0, 0, 0, 0, 0, 0, 0, 0, 0, 0, 0, 0, 0, 0
0, 0, 0, 0, 0, 0, 0, 0, 0, 0, 0, 0, 0, 0, 0, 0, 0, 0, 0, 0, 0, 0, 0, 0, 0, 0, 0
0, 0, 0, 0, 0, 0, 0, 0, 0, 0, 0, 0, 0, 0, 0, 0, 0, 0, 0, 0, 0, 0, 0, 0, 0, 0, 0
0, 0, 0, 0, 0, 0, 0, 0, 0, 0, 0, 0, 0, 0, 0, 0, 0, 0, 0, 0, 0, 0, 0, 0, 0, 0, 0
4, 208, 2, 729, 91, 638, 364.5, 74802.25, 207662.5, 1, 52, 2, 422, 91, 331, 211.0, 14400.0, 58921.0, 5, 260, 4, 1151, 91, 638, 287.75, 39770.13888888889, 133291.75
0, 0, 0, 0, 0, 0, 0, 0, 0, 2, 104, 0, 0, 0, 0, 0, 0, 0, 2, 104, 0, 0, 0, 0, 0, 0, 0
0, 0, 0, 0, 0, 0, 0, 0, 0, 0, 0, 0, 0, 0, 0, 0, 0, 0, 0, 0, 0, 0, 0, 0, 0, 0, 0
0, 0, 1, 195, 195, 195, 195.0, 0.0, 38025.0, 0, 0, 0, 0, 0, 0, 0, 0, 0, 0, 0, 1, 195, 195, 195, 195.0, 0.0, 38025.0
0, 0, 0, 0, 0, 0, 0, 0, 0, 0, 0, 0, 0, 0, 0, 0, 0, 0, 0, 0, 0, 0, 0, 0, 0, 0, 0
0, 0, 0, 0, 0, 0, 0, 0, 0, 0, 0, 0, 0, 0, 0, 0, 0, 0, 0, 0, 0, 0, 0, 0, 0, 0, 0
0, 0, 1, 195, 195, 195, 195.0, 0.0, 38025.0, 0, 0, 0, 0, 0, 0, 0, 0, 0, 0, 0, 1, 195, 195, 195, 195.0, 0.0, 38025.0
0, 0, 0, 0, 0, 0, 0, 0, 0, 0, 0, 0, 0, 0, 0, 0, 0, 0, 0, 0, 0, 0, 0, 0, 0, 0, 0
2, 104, 1, 200, 200, 200, 200.0, 0.0, 40000.0, 2, 104, 1, 76, 76, 76, 76.0, 0.0, 5776.0, 4, 208, 2, 276, 76, 200, 138.0, 3416.8888888888887, 22888.0
0, 0, 1, 195, 195, 195, 195.0, 0.0, 38025.0, 0, 0, 0, 0, 0, 0, 0, 0, 0, 0, 0, 1, 195, 195, 195, 195.0, 0.0, 38025.0
0, 0, 0, 0, 0, 0, 0, 0, 0, 0, 0, 0, 0, 0, 0, 0, 0, 0, 0, 0, 0, 0, 0, 0, 0, 0, 0
0, 0, 2, 395, 195, 200, 197.5, 6.25, 39012.5, 0, 0, 0, 0, 0, 0, 0, 0, 0, 0, 0, 2, 395, 195, 200, 197.5, 6.25, 39012.5
0, 0, 0, 0, 0, 0, 0, 0, 0, 0, 0, 0, 0, 0, 0, 0, 0, 0, 0, 0, 0, 0, 0, 0, 0, 0, 0
0, 0, 0, 0, 0, 0, 0, 0, 0, 0, 0, 0, 0, 0, 0, 0, 0, 0, 0, 0, 0, 0, 0, 0, 0, 0, 0
0, 0, 2, 395, 195, 200, 197.5, 6.25, 39012.5, 0, 0, 0, 0, 0, 0, 0, 0, 0, 0, 0, 2, 395, 195, 200, 197.5, 6.25, 39012.5
0, 0, 0, 0, 0, 0, 0, 0, 0, 0, 0, 0, 0, 0, 0, 0, 0, 0, 0, 0, 0, 0, 0, 0, 0, 0, 0
0, 0, 0, 0, 0, 0, 0, 0, 0, 0, 0, 0, 0, 0, 0, 0, 0, 0, 0, 0, 0, 0, 0, 0, 0, 0, 0
0, 0, 2, 395, 195, 200, 197.5, 6.25, 39012.5, 0, 0, 0, 0, 0, 0, 0, 0, 0, 0, 0, 2, 395, 195, 200, 197.5, 6.25, 39012.5
3, 156, 0, 0, 0, 0, 0, 0, 0, 2, 104, 1, 83, 83, 83, 83.0, 0.0, 6889.0, 5, 260, 1, 83, 83, 83, 83.0, 0.0, 6889.0
1, 52, 0, 0, 0, 0, 0, 0, 0, 0, 0, 2, 376, 83, 293, 188.0, 11025.0, 46369.0, 1, 52, 2, 376, 83, 293, 188.0, 11025.0, 46369.0
0, 0, 1, 195, 195, 195, 195.0, 0.0, 38025.0, 0, 0, 0, 0, 0, 0, 0, 0, 0, 0, 0, 1, 195, 195, 195, 195.0, 0.0, 38025.0
0, 0, 0, 0, 0, 0, 0, 0, 0, 0, 0, 0, 0, 0, 0, 0, 0, 0, 0, 0, 0, 0, 0, 0, 0, 0, 0
0, 0, 0, 0, 0, 0, 0, 0, 0, 0, 0, 0, 0, 0, 0, 0, 0, 0, 0, 0, 0, 0, 0, 0, 0, 0, 0
0, 0, 1, 195, 195, 195, 195.0, 0.0, 38025.0, 0, 0, 0, 0, 0, 0, 0, 0, 0, 0, 0, 1, 195, 195, 195, 195.0, 0.0, 38025.0
0, 0, 0, 0, 0, 0, 0, 0, 0, 0, 0, 0, 0, 0, 0, 0, 0, 0, 0, 0, 0, 0, 0, 0, 0, 0, 0
0, 0, 0, 0, 0, 0, 0, 0, 0, 0, 0, 0, 0, 0, 0, 0, 0, 0, 0, 0, 0, 0, 0, 0, 0, 0, 0
0, 0, 0, 0, 0, 0, 0, 0, 0, 0, 0, 0, 0, 0, 0, 0, 0, 0, 0, 0, 0, 0, 0, 0, 0, 0, 0
0, 0, 0, 0, 0, 0, 0, 0, 0, 0, 0, 0, 0, 0, 0, 0, 0, 0, 0, 0, 0, 0, 0, 0, 0, 0, 0
0, 0, 0, 0, 0, 0, 0, 0, 0, 0, 0, 0, 0, 0, 0, 0, 0, 0, 0, 0, 0, 0, 0, 0, 0, 0, 0
5, 268, 3, 332, 91, 150, 110.66666666666667, 773.5555555555555, 13020.666666666666, 3, 156, 13, 67373, 91, 14232, 5182.538461538462, 28210254.094674565, 55068959.0, 8, 424, 16, 67705, 91, 14232, 4231.5625, 27677838.04994054, 44745970.5625
2, 112, 1, 569, 569, 569, 569.0, 0.0, 323761.0, 2, 112, 0, 0, 0, 0, 0, 0, 0, 4, 224, 1, 569, 569, 569, 569.0, 0.0, 323761.0
2, 104, 3, 1462, 103, 790, 487.3333333333333, 81996.22222222222, 319490.0, 1, 60, 1, 189, 189, 189, 189.0, 0.0, 35721.0, 3, 164, 4, 1651, 103, 790, 412.75, 70558.4, 248547.75
2, 104, 1, 103, 103, 103, 103.0, 0.0, 10609.0, 1, 52, 2, 490, 189, 301, 245.0, 3136.0, 63161.0, 3, 156, 3, 593, 103, 301, 197.66666666666666, 5735.039999999999, 45643.666666666664
0, 0, 0, 0, 0, 0, 0, 0, 0, 1, 52, 0, 0, 0, 0, 0, 0, 0, 1, 52, 0, 0, 0, 0, 0, 0, 0
0, 0, 0, 0, 0, 0, 0, 0, 0, 0, 0, 0, 0, 0, 0, 0, 0, 0, 0, 0, 0, 0, 0, 0, 0, 0, 0
0, 0, 0, 0, 0, 0, 0, 0, 0, 0, 0, 0, 0, 0, 0, 0, 0, 0, 0, 0, 0, 0, 0, 0, 0, 0, 0
0, 0, 0, 0, 0, 0, 0, 0, 0, 0, 0, 0, 0, 0, 0, 0, 0, 0, 0, 0, 0, 0, 0, 0, 0, 0, 0
0, 0, 0, 0, 0, 0, 0, 0, 0, 0, 0, 0, 0, 0, 0, 0, 0, 0, 0, 0, 0, 0, 0, 0, 0, 0, 0
0, 0, 0, 0, 0, 0, 0, 0, 0, 0, 0, 0, 0, 0, 0, 0, 0, 0, 0, 0, 0, 0, 0, 0, 0, 0, 0
0, 0, 0, 0, 0, 0, 0, 0, 0, 0, 0, 0, 0, 0, 0, 0, 0, 0, 0, 0, 0, 0, 0, 0, 0, 0, 0
2, 104, 2, 241, 91, 150, 120.5, 870.25, 15390.5, 2, 104, 12, 67121, 91, 12814, 5593.416666666667, 18687765.07638889, 49974075.083333336, 4, 208, 14, 67362, 91, 12814, 4811.571428571428, 19377138.859467454, 42837120.14285714
63, 3276, 2, 239, 91, 148, 119.5, 812.25, 15092.5, 4, 208, 212, 1393552, 83, 17068, 6573.358490566037, 25384615.418654326, 68593657.26415095, 67, 3484, 214, 1393791, 83, 17068, 6513.042056074766, 25460075.210171048, 67952736.09813084
0, 0, 0, 0, 0, 0, 0, 0, 0, 0, 0, 0, 0, 0, 0, 0, 0, 0, 0, 0, 0, 0, 0, 0, 0, 0, 0
0, 0, 0, 0, 0, 0, 0, 0, 0, 0, 0, 0, 0, 0, 0, 0, 0, 0, 0, 0, 0, 0, 0, 0, 0, 0, 0
0, 0, 0, 0, 0, 0, 0, 0, 0, 0, 0, 0, 0, 0, 0, 0, 0, 0, 0, 0, 0, 0, 0, 0, 0, 0, 0
0, 0, 0, 0, 0, 0, 0, 0, 0, 0, 0, 0, 0, 0, 0, 0, 0, 0, 0, 0, 0, 0, 0, 0, 0, 0, 0
0, 0, 0, 0, 0, 0, 0, 0, 0, 0, 0, 0, 0, 0, 0, 0, 0, 0, 0, 0, 0, 0, 0, 0, 0, 0, 0
0, 0, 0, 0, 0, 0, 0, 0, 0, 0, 0, 0, 0, 0, 0, 0, 0, 0, 0, 0, 0, 0, 0, 0, 0, 0, 0
0, 0, 0, 0, 0, 0, 0, 0, 0, 0, 0, 0, 0, 0, 0, 0, 0, 0, 0, 0, 0, 0, 0, 0, 0, 0, 0
0, 0, 0, 0, 0, 0, 0, 0, 0, 0, 0, 0, 0, 0, 0, 0, 0, 0, 0, 0, 0, 0, 0, 0, 0, 0, 0
0, 0, 0, 0, 0, 0, 0, 0, 0, 0, 0, 0, 0, 0, 0, 0, 0, 0, 0, 0, 0, 0, 0, 0, 0, 0, 0
