addr1_packet_ctrl, addr1_bytes_ctrl, addr1_packet, addr1_bytes, addr1_pkt_len_min, addr1_pkt_len_max, addr1_pkt_len_avg,addr1_pkt_len_var, addr1_pkt_len_mom2, addr2_packet_ctrl, addr2_bytes_ctrl, addr2_packet, addr2_bytes, addr2_pkt_len_min, addr2_pkt_len_max, addr2_pkt_len_avg,addr2_pkt_len_var, addr2_pkt_len_mom2, addra_packet_ctrl, addra_bytes_ctrl, addra_packet, addra_bytes, addra_pkt_len_min, addra_pkt_len_max, addra_pkt_len_avg,addra_pkt_len_var, addra_pkt_len_mom2 
0, 0, 0, 0, 0, 0, 0, 0, 0, 0, 0, 0, 0, 0, 0, 0, 0, 0, 0, 0, 0, 0, 0, 0, 0, 0, 0
0, 0, 0, 0, 0, 0, 0, 0, 0, 0, 0, 0, 0, 0, 0, 0, 0, 0, 0, 0, 0, 0, 0, 0, 0, 0, 0
0, 0, 1, 200, 200, 200, 200.0, 0.0, 40000.0, 0, 0, 0, 0, 0, 0, 0, 0, 0, 0, 0, 1, 200, 200, 200, 200.0, 0.0, 40000.0
0, 0, 0, 0, 0, 0, 0, 0, 0, 0, 0, 0, 0, 0, 0, 0, 0, 0, 0, 0, 0, 0, 0, 0, 0, 0, 0
0, 0, 1, 68, 68, 68, 68.0, 0.0, 4624.0, 0, 0, 0, 0, 0, 0, 0, 0, 0, 0, 0, 1, 68, 68, 68, 68.0, 0.0, 4624.0
0, 0, 1, 200, 200, 200, 200.0, 0.0, 40000.0, 0, 0, 0, 0, 0, 0, 0, 0, 0, 0, 0, 1, 200, 200, 200, 200.0, 0.0, 40000.0
0, 0, 0, 0, 0, 0, 0, 0, 0, 0, 0, 0, 0, 0, 0, 0, 0, 0, 0, 0, 0, 0, 0, 0, 0, 0, 0
0, 0, 1, 68, 68, 68, 68.0, 0.0, 4624.0, 0, 0, 0, 0, 0, 0, 0, 0, 0, 0, 0, 1, 68, 68, 68, 68.0, 0.0, 4624.0
0, 0, 1, 200, 200, 200, 200.0, 0.0, 40000.0, 0, 0, 0, 0, 0, 0, 0, 0, 0, 0, 0, 1, 200, 200, 200, 200.0, 0.0, 40000.0
0, 0, 0, 0, 0, 0, 0, 0, 0, 0, 0, 0, 0, 0, 0, 0, 0, 0, 0, 0, 0, 0, 0, 0, 0, 0, 0
2, 112, 4, 916, 71, 569, 229.0, 41203.5, 93644.5, 2, 112, 1, 92, 92, 92, 92.0, 0.0, 8464.0, 4, 224, 5, 1008, 71, 569, 201.6, 31639.888888888887, 76608.4
14, 736, 17, 3273, 83, 608, 192.52941176470588, 28227.896193771634, 65295.470588235294, 14, 736, 25, 34891, 83, 5724, 1395.64, 2830513.6703999997, 4778324.68, 28, 1472, 42, 38164, 83, 5724, 908.6666666666666, 2393567.8756961464, 2870670.0
16, 848, 8, 1669, 68, 569, 208.625, 43465.734375, 86990.125, 8, 432, 20, 35048, 83, 5724, 1752.4, 2717582.7399999998, 5788488.5, 24, 1280, 28, 36717, 68, 5724, 1311.3214285714287, 2602902.3016493055, 4159488.964285714
13, 676, 5, 981, 83, 438, 196.2, 16090.559999999998, 54585.0, 3, 156, 24, 47535, 83, 5724, 1980.625, 2462631.3177083335, 6385506.708333333, 16, 832, 29, 48516, 83, 5724, 1672.9655172413793, 2503880.202919189, 5293968.482758621
0, 0, 0, 0, 0, 0, 0, 0, 0, 0, 0, 0, 0, 0, 0, 0, 0, 0, 0, 0, 0, 0, 0, 0, 0, 0, 0
7, 364, 1, 91, 91, 91, 91.0, 0.0, 8281.0, 1, 52, 10, 24178, 91, 5724, 2417.8, 2729057.56, 8574814.4, 8, 416, 11, 24269, 91, 5724, 2206.2727272727275, 2844635.238095238, 7796038.636363637
0, 0, 1, 200, 200, 200, 200.0, 0.0, 40000.0, 0, 0, 0, 0, 0, 0, 0, 0, 0, 0, 0, 1, 200, 200, 200, 200.0, 0.0, 40000.0
0, 0, 0, 0, 0, 0, 0, 0, 0, 0, 0, 0, 0, 0, 0, 0, 0, 0, 0, 0, 0, 0, 0, 0, 0, 0, 0
12, 648, 13, 3797, 83, 569, 292.0769230769231, 43135.14792899408, 128444.07692307692, 10, 544, 9, 11526, 83, 3328, 1280.6666666666667, 1991724.888888889, 3631832.0, 22, 1192, 22, 15323, 83, 3328, 696.5, 1412545.7003121749, 1561648.2272727273
15, 780, 5, 3919, 91, 1410, 783.8, 306230.55999999994, 920573.0, 4, 208, 17, 47178, 83, 5844, 2775.176470588235, 3141095.3217993076, 10842699.764705881, 19, 988, 22, 51097, 83, 5844, 2322.590909090909, 3220878.3681788286, 8587670.954545455
0, 0, 0, 0, 0, 0, 0, 0, 0, 0, 0, 0, 0, 0, 0, 0, 0, 0, 0, 0, 0, 0, 0, 0, 0, 0, 0
0, 0, 0, 0, 0, 0, 0, 0, 0, 0, 0, 0, 0, 0, 0, 0, 0, 0, 0, 0, 0, 0, 0, 0, 0, 0, 0
0, 0, 0, 0, 0, 0, 0, 0, 0, 0, 0, 0, 0, 0, 0, 0, 0, 0, 0, 0, 0, 0, 0, 0, 0, 0, 0
57, 2964, 4, 3132, 177, 1415, 783.0, 357062.0, 970151.0, 2, 104, 58, 489856, 1500, 20324, 8445.793103448275, 33139762.336504165, 104471183.48275863, 59, 3068, 62, 492988, 177, 20324, 7951.419354838709, 33939042.932222225, 97793697.51612903
89, 4636, 15, 9420, 83, 1401, 628.0, 313743.86666666664, 708127.8666666667, 13, 684, 103, 800743, 83, 26116, 7774.203883495145, 55727216.803091705, 116165462.82524271, 102, 5320, 118, 810163, 83, 26116, 6865.78813559322, 55197030.43803362, 101488682.95762712
19, 988, 1, 91, 91, 91, 91.0, 0.0, 8281.0, 1, 52, 77, 614450, 83, 26116, 7979.87012987013, 46182820.78832854, 109861148.07792208, 20, 1040, 78, 614541, 83, 26116, 7878.7307692307695, 46283788.14126951, 108452777.98717949
0, 0, 1, 195, 195, 195, 195.0, 0.0, 38025.0, 0, 0, 0, 0, 0, 0, 0, 0, 0, 0, 0, 1, 195, 195, 195, 195.0, 0.0, 38025.0
49, 2560, 4, 1760, 87, 1354, 440.0, 281687.5, 475287.5, 3, 156, 73, 831621, 171, 23220, 11392.068493150686, 52413879.8172265, 182193104.369863, 52, 2716, 77, 833381, 87, 23220, 10823.12987012987, 54136999.91982222, 172753217.7792208
0, 0, 0, 0, 0, 0, 0, 0, 0, 0, 0, 0, 0, 0, 0, 0, 0, 0, 0, 0, 0, 0, 0, 0, 0, 0, 0
1, 40, 4, 515, 68, 195, 128.75, 2636.1875, 19212.75, 2, 104, 1, 131, 131, 131, 131.0, 0.0, 17161.0, 3, 144, 5, 646, 68, 195, 129.2, 1758.5833333333333, 18802.4
1, 40, 0, 0, 0, 0, 0, 0, 0, 0, 0, 0, 0, 0, 0, 0, 0, 0, 1, 40, 0, 0, 0, 0, 0, 0, 0
0, 0, 1, 195, 195, 195, 195.0, 0.0, 38025.0, 0, 0, 0, 0, 0, 0, 0, 0, 0, 0, 0, 1, 195, 195, 195, 195.0, 0.0, 38025.0
0, 0, 1, 68, 68, 68, 68.0, 0.0, 4624.0, 0, 0, 0, 0, 0, 0, 0, 0, 0, 0, 0, 1, 68, 68, 68, 68.0, 0.0, 4624.0
0, 0, 1, 201, 201, 201, 201.0, 0.0, 40401.0, 1, 52, 0, 0, 0, 0, 0, 0, 0, 1, 52, 1, 201, 201, 201, 201.0, 0.0, 40401.0
4, 208, 6, 1453, 87, 753, 242.16666666666666, 55668.80555555556, 114313.5, 6, 312, 8, 4856, 83, 2711, 607.0, 830934.25, 1199383.25, 10, 520, 14, 6309, 83, 2711, 450.64285714285717, 645898.8863636364, 734353.3571428572
5, 260, 3, 306, 91, 124, 102.0, 242.0, 10646.0, 3, 156, 7, 716, 83, 132, 102.28571428571429, 343.9183673469388, 10806.285714285714, 8, 416, 10, 1022, 83, 132, 102.2, 325.94463667820077, 10758.2
0, 0, 0, 0, 0, 0, 0, 0, 0, 0, 0, 0, 0, 0, 0, 0, 0, 0, 0, 0, 0, 0, 0, 0, 0, 0, 0
14, 728, 2, 1400, 68, 1332, 700.0, 399424.0, 889424.0, 0, 0, 14, 170108, 2948, 20324, 12150.57142857143, 47225571.67346939, 194861957.7142857, 14, 728, 16, 171508, 68, 20324, 10719.25, 52262131.62666667, 170615391.0
0, 0, 0, 0, 0, 0, 0, 0, 0, 0, 0, 0, 0, 0, 0, 0, 0, 0, 0, 0, 0, 0, 0, 0, 0, 0, 0
0, 0, 0, 0, 0, 0, 0, 0, 0, 0, 0, 0, 0, 0, 0, 0, 0, 0, 0, 0, 0, 0, 0, 0, 0, 0, 0
34, 1768, 1, 1354, 1354, 1354, 1354.0, 0.0, 1833316.0, 1, 52, 66, 859641, 1500, 23220, 13024.863636363636, 57034414.4207989, 226681487.16666666, 35, 1820, 67, 860995, 1354, 23220, 12850.671641791045, 57622012.28051331, 223325544.31343284
0, 0, 0, 0, 0, 0, 0, 0, 0, 0, 0, 0, 0, 0, 0, 0, 0, 0, 0, 0, 0, 0, 0, 0, 0, 0, 0
0, 0, 0, 0, 0, 0, 0, 0, 0, 0, 0, 0, 0, 0, 0, 0, 0, 0, 0, 0, 0, 0, 0, 0, 0, 0, 0
0, 0, 0, 0, 0, 0, 0, 0, 0, 0, 0, 0, 0, 0, 0, 0, 0, 0, 0, 0, 0, 0, 0, 0, 0, 0, 0
0, 0, 0, 0, 0, 0, 0, 0, 0, 0, 0, 0, 0, 0, 0, 0, 0, 0, 0, 0, 0, 0, 0, 0, 0, 0, 0
0, 0, 0, 0, 0, 0, 0, 0, 0, 0, 0, 0, 0, 0, 0, 0, 0, 0, 0, 0, 0, 0, 0, 0, 0, 0, 0
39, 2028, 2, 2109, 755, 1354, 1054.5, 89700.25, 1201670.5, 3, 156, 59, 645625, 2948, 20324, 10942.796610169491, 46980713.14507324, 166725510.79661018, 42, 2184, 61, 647734, 755, 20324, 10618.590163934427, 47801675.75826389, 161298499.63934427
2, 104, 4, 3104, 91, 1690, 776.0, 495445.5, 1097621.5, 5, 260, 6, 596, 83, 124, 99.33333333333333, 314.88888888888886, 10182.0, 7, 364, 10, 3700, 83, 1690, 370.0, 209949.625, 445157.8
0, 0, 0, 0, 0, 0, 0, 0, 0, 0, 0, 0, 0, 0, 0, 0, 0, 0, 0, 0, 0, 0, 0, 0, 0, 0, 0
13, 676, 1, 1332, 1332, 1332, 1332.0, 0.0, 1774224.0, 0, 0, 13, 168317, 2948, 23220, 12947.461538461539, 65382821.94082839, 233019582.23076922, 13, 676, 14, 169649, 1332, 23220, 12117.785714285714, 67773159.96982168, 216502056.64285713
0, 0, 0, 0, 0, 0, 0, 0, 0, 0, 0, 0, 0, 0, 0, 0, 0, 0, 0, 0, 0, 0, 0, 0, 0, 0, 0
0, 0, 0, 0, 0, 0, 0, 0, 0, 0, 0, 0, 0, 0, 0, 0, 0, 0, 0, 0, 0, 0, 0, 0, 0, 0, 0
0, 0, 3, 1612, 129, 1354, 537.3333333333334, 333472.2222222222, 622199.3333333334, 1, 52, 0, 0, 0, 0, 0, 0, 0, 1, 52, 3, 1612, 129, 1354, 537.3333333333334, 333472.22222222225, 622199.3333333334
52, 2720, 12, 2898, 83, 569, 241.5, 37017.583333333336, 95339.83333333333, 12, 640, 93, 802471, 83, 20324, 8628.720430107527, 53993073.104636386, 128447889.36559139, 64, 3360, 105, 805369, 83, 20324, 7670.1809523809525, 54727985.190286696, 113779026.56190476
0, 0, 0, 0, 0, 0, 0, 0, 0, 0, 0, 0, 0, 0, 0, 0, 0, 0, 0, 0, 0, 0, 0, 0, 0, 0, 0
0, 0, 0, 0, 0, 0, 0, 0, 0, 0, 0, 0, 0, 0, 0, 0, 0, 0, 0, 0, 0, 0, 0, 0, 0, 0, 0
0, 0, 0, 0, 0, 0, 0, 0, 0, 0, 0, 0, 0, 0, 0, 0, 0, 0, 0, 0, 0, 0, 0, 0, 0, 0, 0
0, 0, 1, 448, 448, 448, 448.0, 0.0, 200704.0, 1, 52, 0, 0, 0, 0, 0, 0, 0, 1, 52, 1, 448, 448, 448, 448.0, 0.0, 200704.0
1, 52, 1, 91, 91, 91, 91.0, 0.0, 8281.0, 1, 52, 3, 296, 83, 122, 98.66666666666667, 282.88888888888886, 10018.0, 2, 104, 4, 387, 83, 122, 96.75, 249.6734693877551, 9583.75
0, 0, 0, 0, 0, 0, 0, 0, 0, 0, 0, 0, 0, 0, 0, 0, 0, 0, 0, 0, 0, 0, 0, 0, 0, 0, 0
0, 0, 7, 9367, 199, 2788, 1338.142857142857, 1581155.2653061226, 3371781.5714285714, 0, 0, 0, 0, 0, 0, 0, 0, 0, 0, 0, 7, 9367, 199, 2788, 1338.142857142857, 1581155.2653061224, 3371781.5714285714
2, 104, 6, 14128, 91, 4156, 2354.6666666666665, 1605667.8888888888, 7150123.0, 22, 1144, 4, 462, 83, 174, 115.5, 1270.25, 14610.5, 24, 1248, 10, 14590, 83, 4156, 1459.0, 1916755.1224489796, 4295918.0
0, 0, 1, 1354, 1354, 1354, 1354.0, 0.0, 1833316.0, 1, 52, 0, 0, 0, 0, 0, 0, 0, 1, 52, 1, 1354, 1354, 1354, 1354.0, 0.0, 1833316.0
31, 1612, 1, 322, 322, 322, 322.0, 0.0, 103684.0, 0, 0, 69, 603762, 322, 27564, 8750.173913043478, 51521063.39004412, 128086606.89855072, 31, 1612, 69, 603762, 322, 27564, 8750.173913043478, 51521063.390044115, 128086606.89855072
0, 0, 0, 0, 0, 0, 0, 0, 0, 0, 0, 0, 0, 0, 0, 0, 0, 0, 0, 0, 0, 0, 0, 0, 0, 0, 0
0, 0, 0, 0, 0, 0, 0, 0, 0, 0, 0, 0, 0, 0, 0, 0, 0, 0, 0, 0, 0, 0, 0, 0, 0, 0, 0
17, 884, 1, 1332, 1332, 1332, 1332.0, 0.0, 1774224.0, 0, 0, 18, 167154, 2646, 26116, 9286.333333333334, 75498768.1111111, 161734754.8888889, 17, 884, 19, 168486, 1332, 26116, 8867.684210526315, 75122081.95763332, 153315779.57894737
0, 0, 0, 0, 0, 0, 0, 0, 0, 0, 0, 0, 0, 0, 0, 0, 0, 0, 0, 0, 0, 0, 0, 0, 0, 0, 0
0, 0, 1, 157, 157, 157, 157.0, 0.0, 24649.0, 0, 0, 0, 0, 0, 0, 0, 0, 0, 0, 0, 1, 157, 157, 157, 157.0, 0.0, 24649.0
32, 1664, 1, 1354, 1354, 1354, 1354.0, 0.0, 1833316.0, 1, 52, 70, 804559, 1500, 27564, 11493.7, 67576675.75285713, 199681815.44285715, 33, 1716, 71, 805913, 1354, 27564, 11350.887323943662, 67821410.97600725, 196895216.85915494
0, 0, 0, 0, 0, 0, 0, 0, 0, 0, 0, 0, 0, 0, 0, 0, 0, 0, 0, 0, 0, 0, 0, 0, 0, 0, 0
0, 0, 1, 157, 157, 157, 157.0, 0.0, 24649.0, 0, 0, 0, 0, 0, 0, 0, 0, 0, 0, 0, 1, 157, 157, 157, 157.0, 0.0, 24649.0
0, 0, 0, 0, 0, 0, 0, 0, 0, 0, 0, 0, 0, 0, 0, 0, 0, 0, 0, 0, 0, 0, 0, 0, 0, 0, 0
0, 0, 0, 0, 0, 0, 0, 0, 0, 0, 0, 0, 0, 0, 0, 0, 0, 0, 0, 0, 0, 0, 0, 0, 0, 0, 0
0, 0, 1, 172, 172, 172, 172.0, 0.0, 29584.0, 0, 0, 0, 0, 0, 0, 0, 0, 0, 0, 0, 1, 172, 172, 172, 172.0, 0.0, 29584.0
38, 1976, 1, 1355, 1355, 1355, 1355.0, 0.0, 1836025.0, 1, 52, 72, 831264, 1500, 26116, 11545.333333333334, 60717804.44444445, 194012526.2222222, 39, 2028, 73, 832619, 1355, 26116, 11405.739726027397, 61010279.83143877, 191379971.41095892
0, 0, 0, 0, 0, 0, 0, 0, 0, 0, 0, 0, 0, 0, 0, 0, 0, 0, 0, 0, 0, 0, 0, 0, 0, 0, 0
0, 0, 1, 172, 172, 172, 172.0, 0.0, 29584.0, 0, 0, 0, 0, 0, 0, 0, 0, 0, 0, 0, 1, 172, 172, 172, 172.0, 0.0, 29584.0
17, 884, 1, 1333, 1333, 1333, 1333.0, 0.0, 1776889.0, 0, 0, 17, 166806, 2948, 23220, 9812.117647058823, 53058825.63321799, 149336478.3529412, 17, 884, 18, 168139, 1333, 23220, 9341.055555555555, 53538324.3510204, 141138723.3888889
0, 0, 0, 0, 0, 0, 0, 0, 0, 0, 0, 0, 0, 0, 0, 0, 0, 0, 0, 0, 0, 0, 0, 0, 0, 0, 0
0, 0, 1, 157, 157, 157, 157.0, 0.0, 24649.0, 0, 0, 0, 0, 0, 0, 0, 0, 0, 0, 0, 1, 157, 157, 157, 157.0, 0.0, 24649.0
0, 0, 0, 0, 0, 0, 0, 0, 0, 0, 0, 0, 0, 0, 0, 0, 0, 0, 0, 0, 0, 0, 0, 0, 0, 0, 0
0, 0, 1, 157, 157, 157, 157.0, 0.0, 24649.0, 0, 0, 0, 0, 0, 0, 0, 0, 0, 0, 0, 1, 157, 157, 157, 157.0, 0.0, 24649.0
0, 0, 0, 0, 0, 0, 0, 0, 0, 0, 0, 0, 0, 0, 0, 0, 0, 0, 0, 0, 0, 0, 0, 0, 0, 0, 0
0, 0, 0, 0, 0, 0, 0, 0, 0, 0, 0, 0, 0, 0, 0, 0, 0, 0, 0, 0, 0, 0, 0, 0, 0, 0, 0
35, 1820, 2, 1809, 454, 1355, 904.5, 202950.25, 1021070.5, 2, 104, 50, 622702, 2948, 26116, 12454.04, 65756956.55840001, 220860068.88, 37, 1924, 52, 624511, 454, 26116, 12009.826923076924, 67035825.98894655, 212404722.78846154
1, 52, 1, 91, 91, 91, 91.0, 0.0, 8281.0, 1, 52, 3, 296, 83, 122, 98.66666666666667, 282.88888888888886, 10018.0, 2, 104, 4, 387, 83, 122, 96.75, 249.6734693877551, 9583.75
0, 0, 0, 0, 0, 0, 0, 0, 0, 0, 0, 0, 0, 0, 0, 0, 0, 0, 0, 0, 0, 0, 0, 0, 0, 0, 0
0, 0, 1, 200, 200, 200, 200.0, 0.0, 40000.0, 0, 0, 0, 0, 0, 0, 0, 0, 0, 0, 0, 1, 200, 200, 200, 200.0, 0.0, 40000.0
0, 0, 0, 0, 0, 0, 0, 0, 0, 0, 0, 0, 0, 0, 0, 0, 0, 0, 0, 0, 0, 0, 0, 0, 0, 0, 0
0, 0, 0, 0, 0, 0, 0, 0, 0, 0, 0, 0, 0, 0, 0, 0, 0, 0, 0, 0, 0, 0, 0, 0, 0, 0, 0
0, 0, 2, 395, 195, 200, 197.5, 6.25, 39012.5, 0, 0, 0, 0, 0, 0, 0, 0, 0, 0, 0, 2, 395, 195, 200, 197.5, 6.25, 39012.5
36, 1872, 2, 2689, 1334, 1355, 1344.5, 110.25, 1807790.5, 2, 104, 115, 951887, 1500, 24668, 8277.278260869565, 48500768.56604916, 117014103.97391304, 38, 1976, 117, 954576, 1334, 24668, 8158.7692307692305, 48493427.32741899, 115044765.28205128
0, 0, 2, 395, 195, 200, 197.5, 6.25, 39012.5, 0, 0, 0, 0, 0, 0, 0, 0, 0, 0, 0, 2, 395, 195, 200, 197.5, 6.25, 39012.5
0, 0, 0, 0, 0, 0, 0, 0, 0, 0, 0, 0, 0, 0, 0, 0, 0, 0, 0, 0, 0, 0, 0, 0, 0, 0, 0
0, 0, 0, 0, 0, 0, 0, 0, 0, 0, 0, 0, 0, 0, 0, 0, 0, 0, 0, 0, 0, 0, 0, 0, 0, 0, 0
0, 0, 2, 395, 195, 200, 197.5, 6.25, 39012.5, 0, 0, 0, 0, 0, 0, 0, 0, 0, 0, 0, 2, 395, 195, 200, 197.5, 6.25, 39012.5
0, 0, 0, 0, 0, 0, 0, 0, 0, 0, 0, 0, 0, 0, 0, 0, 0, 0, 0, 0, 0, 0, 0, 0, 0, 0, 0
17, 884, 1, 1355, 1355, 1355, 1355.0, 0.0, 1836025.0, 1, 52, 52, 578123, 1500, 26116, 11117.75, 68247794.64903846, 191852159.71153846, 18, 936, 53, 579478, 1355, 26116, 10933.547169811322, 68496897.18585035, 188266949.6226415
0, 0, 1, 195, 195, 195, 195.0, 0.0, 38025.0, 0, 0, 0, 0, 0, 0, 0, 0, 0, 0, 0, 1, 195, 195, 195, 195.0, 0.0, 38025.0
0, 0, 1, 226, 226, 226, 226.0, 0.0, 51076.0, 0, 0, 0, 0, 0, 0, 0, 0, 0, 0, 0, 1, 226, 226, 226, 226.0, 0.0, 51076.0
0, 0, 0, 0, 0, 0, 0, 0, 0, 0, 0, 0, 0, 0, 0, 0, 0, 0, 0, 0, 0, 0, 0, 0, 0, 0, 0
0, 0, 0, 0, 0, 0, 0, 0, 0, 0, 0, 0, 0, 0, 0, 0, 0, 0, 0, 0, 0, 0, 0, 0, 0, 0, 0
0, 0, 0, 0, 0, 0, 0, 0, 0, 0, 0, 0, 0, 0, 0, 0, 0, 0, 0, 0, 0, 0, 0, 0, 0, 0, 0
0, 0, 0, 0, 0, 0, 0, 0, 0, 0, 0, 0, 0, 0, 0, 0, 0, 0, 0, 0, 0, 0, 0, 0, 0, 0, 0
24, 1248, 2, 2689, 1334, 1355, 1344.5, 110.25, 1807790.5, 2, 104, 91, 999807, 893, 31908, 10986.89010989011, 71827226.25166042, 192538980.53846154, 26, 1352, 93, 1002496, 893, 31908, 10779.52688172043, 72046117.18357159, 188437234.51612905
0, 0, 0, 0, 0, 0, 0, 0, 0, 0, 0, 0, 0, 0, 0, 0, 0, 0, 0, 0, 0, 0, 0, 0, 0, 0, 0
0, 0, 0, 0, 0, 0, 0, 0, 0, 0, 0, 0, 0, 0, 0, 0, 0, 0, 0, 0, 0, 0, 0, 0, 0, 0, 0
0, 0, 0, 0, 0, 0, 0, 0, 0, 0, 0, 0, 0, 0, 0, 0, 0, 0, 0, 0, 0, 0, 0, 0, 0, 0, 0
0, 0, 0, 0, 0, 0, 0, 0, 0, 0, 0, 0, 0, 0, 0, 0, 0, 0, 0, 0, 0, 0, 0, 0, 0, 0, 0
0, 0, 0, 0, 0, 0, 0, 0, 0, 0, 0, 0, 0, 0, 0, 0, 0, 0, 0, 0, 0, 0, 0, 0, 0, 0, 0
0, 0, 1, 195, 195, 195, 195.0, 0.0, 38025.0, 0, 0, 0, 0, 0, 0, 0, 0, 0, 0, 0, 1, 195, 195, 195, 195.0, 0.0, 38025.0
26, 1352, 1, 1355, 1355, 1355, 1355.0, 0.0, 1836025.0, 1, 52, 75, 851019, 91, 26116, 11346.92, 55285347.32693335, 184037940.81333333, 27, 1404, 76, 852374, 91, 26116, 11215.447368421053, 55576022.40024561, 181640547.18421054
1, 52, 3, 738, 91, 452, 246.0, 23020.666666666668, 83536.66666666667, 2, 104, 3, 296, 83, 122, 98.66666666666667, 282.88888888888886, 10018.0, 3, 156, 6, 1034, 83, 452, 172.33333333333334, 12685.950617283952, 46777.333333333336
0, 0, 0, 0, 0, 0, 0, 0, 0, 0, 0, 0, 0, 0, 0, 0, 0, 0, 0, 0, 0, 0, 0, 0, 0, 0, 0
0, 0, 0, 0, 0, 0, 0, 0, 0, 0, 0, 0, 0, 0, 0, 0, 0, 0, 0, 0, 0, 0, 0, 0, 0, 0, 0
0, 0, 1, 195, 195, 195, 195.0, 0.0, 38025.0, 0, 0, 0, 0, 0, 0, 0, 0, 0, 0, 0, 1, 195, 195, 195, 195.0, 0.0, 38025.0
0, 0, 0, 0, 0, 0, 0, 0, 0, 0, 0, 0, 0, 0, 0, 0, 0, 0, 0, 0, 0, 0, 0, 0, 0, 0, 0
0, 0, 0, 0, 0, 0, 0, 0, 0, 0, 0, 0, 0, 0, 0, 0, 0, 0, 0, 0, 0, 0, 0, 0, 0, 0, 0
32, 1664, 3, 2884, 195, 1355, 961.3333333333334, 293706.88888888893, 1217868.6666666667, 2, 104, 63, 753811, 1500, 23220, 11965.253968253968, 50489493.99899218, 193656796.52380952, 34, 1768, 66, 756695, 195, 23220, 11465.075757575758, 52072622.4287002, 184909572.53030303
0, 0, 0, 0, 0, 0, 0, 0, 0, 0, 0, 0, 0, 0, 0, 0, 0, 0, 0, 0, 0, 0, 0, 0, 0, 0, 0
0, 0, 0, 0, 0, 0, 0, 0, 0, 0, 0, 0, 0, 0, 0, 0, 0, 0, 0, 0, 0, 0, 0, 0, 0, 0, 0
0, 0, 0, 0, 0, 0, 0, 0, 0, 0, 0, 0, 0, 0, 0, 0, 0, 0, 0, 0, 0, 0, 0, 0, 0, 0, 0
0, 0, 0, 0, 0, 0, 0, 0, 0, 0, 0, 0, 0, 0, 0, 0, 0, 0, 0, 0, 0, 0, 0, 0, 0, 0, 0
0, 0, 0, 0, 0, 0, 0, 0, 0, 0, 0, 0, 0, 0, 0, 0, 0, 0, 0, 0, 0, 0, 0, 0, 0, 0, 0
0, 0, 0, 0, 0, 0, 0, 0, 0, 0, 0, 0, 0, 0, 0, 0, 0, 0, 0, 0, 0, 0, 0, 0, 0, 0, 0
0, 0, 0, 0, 0, 0, 0, 0, 0, 0, 0, 0, 0, 0, 0, 0, 0, 0, 0, 0, 0, 0, 0, 0, 0, 0, 0
0, 0, 0, 0, 0, 0, 0, 0, 0, 0, 0, 0, 0, 0, 0, 0, 0, 0, 0, 0, 0, 0, 0, 0, 0, 0, 0
0, 0, 0, 0, 0, 0, 0, 0, 0, 0, 0, 0, 0, 0, 0, 0, 0, 0, 0, 0, 0, 0, 0, 0, 0, 0, 0
33, 1716, 1, 1355, 1355, 1355, 1355.0, 0.0, 1836025.0, 1, 52, 72, 856285, 1500, 26116, 11892.847222222223, 63895842.96277007, 205335658.0138889, 34, 1768, 73, 857640, 1355, 26116, 11748.493150684932, 64215736.377170034, 202547991.80821916
1, 52, 2, 810, 91, 719, 405.0, 98596.0, 262621.0, 2, 104, 3, 298, 83, 124, 99.33333333333333, 314.88888888888886, 10182.0, 3, 156, 5, 1108, 83, 719, 221.6, 42403.6875, 111157.6
0, 0, 0, 0, 0, 0, 0, 0, 0, 0, 0, 0, 0, 0, 0, 0, 0, 0, 0, 0, 0, 0, 0, 0, 0, 0, 0
0, 0, 0, 0, 0, 0, 0, 0, 0, 0, 0, 0, 0, 0, 0, 0, 0, 0, 0, 0, 0, 0, 0, 0, 0, 0, 0
3, 156, 1, 1334, 1334, 1334, 1334.0, 0.0, 1779556.0, 0, 0, 17, 165734, 2948, 20324, 9749.058823529413, 51278963.8200692, 146323111.7647059, 3, 156, 18, 167068, 1334, 20324, 9281.555555555555, 51779278.57632653, 138292914.2222222
0, 0, 0, 0, 0, 0, 0, 0, 0, 0, 0, 0, 0, 0, 0, 0, 0, 0, 0, 0, 0, 0, 0, 0, 0, 0, 0
2, 104, 3, 1182, 91, 907, 394.0, 133026.0, 288262.0, 3, 156, 4, 411, 83, 123, 102.75, 266.1875, 10823.75, 5, 260, 7, 1593, 83, 907, 227.57142857142858, 53298.51239669421, 129725.85714285714
22, 1152, 3, 2053, 129, 1355, 684.3333333333334, 257163.5555555556, 725475.6666666666, 4, 216, 53, 570327, 145, 23220, 10760.88679245283, 67389953.42114632, 183186637.9811321, 26, 1368, 56, 572380, 129, 23220, 10221.07142857143, 68259940.90800437, 173411932.85714287
3, 156, 5, 913, 83, 479, 182.6, 22417.84, 55760.6, 6, 312, 5, 1796, 83, 907, 359.2, 119801.75999999998, 248826.4, 9, 468, 10, 2709, 83, 907, 270.9, 94271.02222222224, 152293.5
0, 0, 0, 0, 0, 0, 0, 0, 0, 0, 0, 0, 0, 0, 0, 0, 0, 0, 0, 0, 0, 0, 0, 0, 0, 0, 0
0, 0, 1, 157, 157, 157, 157.0, 0.0, 24649.0, 0, 0, 0, 0, 0, 0, 0, 0, 0, 0, 0, 1, 157, 157, 157, 157.0, 0.0, 24649.0
0, 0, 0, 0, 0, 0, 0, 0, 0, 0, 0, 0, 0, 0, 0, 0, 0, 0, 0, 0, 0, 0, 0, 0, 0, 0, 0
0, 0, 0, 0, 0, 0, 0, 0, 0, 0, 0, 0, 0, 0, 0, 0, 0, 0, 0, 0, 0, 0, 0, 0, 0, 0, 0
16, 832, 2, 1512, 157, 1355, 756.0, 358801.0, 930337.0, 1, 52, 55, 587503, 1500, 26116, 10681.872727272726, 67466889.60198349, 181569294.56363636, 17, 884, 57, 589015, 157, 26116, 10333.59649122807, 67996452.50223215, 175231085.52631578
0, 0, 0, 0, 0, 0, 0, 0, 0, 0, 0, 0, 0, 0, 0, 0, 0, 0, 0, 0, 0, 0, 0, 0, 0, 0, 0
0, 0, 0, 0, 0, 0, 0, 0, 0, 0, 0, 0, 0, 0, 0, 0, 0, 0, 0, 0, 0, 0, 0, 0, 0, 0, 0
0, 0, 1, 172, 172, 172, 172.0, 0.0, 29584.0, 0, 0, 0, 0, 0, 0, 0, 0, 0, 0, 0, 1, 172, 172, 172, 172.0, 0.0, 29584.0
0, 0, 0, 0, 0, 0, 0, 0, 0, 0, 0, 0, 0, 0, 0, 0, 0, 0, 0, 0, 0, 0, 0, 0, 0, 0, 0
0, 0, 0, 0, 0, 0, 0, 0, 0, 0, 0, 0, 0, 0, 0, 0, 0, 0, 0, 0, 0, 0, 0, 0, 0, 0, 0
2, 104, 2, 1506, 172, 1334, 753.0, 337561.0, 904570.0, 0, 0, 13, 167909, 2948, 26116, 12916.076923076924, 74360806.22485207, 241185849.30769232, 2, 104, 15, 169415, 172, 26116, 11294.333333333334, 78885807.70408164, 209148345.4
1, 52, 0, 0, 0, 0, 0, 0, 0, 1, 52, 0, 0, 0, 0, 0, 0, 0, 2, 104, 0, 0, 0, 0, 0, 0, 0
0, 0, 0, 0, 0, 0, 0, 0, 0, 0, 0, 0, 0, 0, 0, 0, 0, 0, 0, 0, 0, 0, 0, 0, 0, 0, 0
0, 0, 2, 1512, 157, 1355, 756.0, 358801.0, 930337.0, 1, 52, 0, 0, 0, 0, 0, 0, 0, 1, 52, 2, 1512, 157, 1355, 756.0, 358801.0, 930337.0
27, 1404, 0, 0, 0, 0, 0, 0, 0, 0, 0, 65, 831079, 1500, 26116, 12785.83076923077, 63345530.44828402, 226822998.9076923, 27, 1404, 65, 831079, 1500, 26116, 12785.83076923077, 63345530.44828402, 226822998.9076923
1, 52, 1, 157, 157, 157, 157.0, 0.0, 24649.0, 1, 52, 0, 0, 0, 0, 0, 0, 0, 2, 104, 1, 157, 157, 157, 157.0, 0.0, 24649.0
0, 0, 0, 0, 0, 0, 0, 0, 0, 0, 0, 0, 0, 0, 0, 0, 0, 0, 0, 0, 0, 0, 0, 0, 0, 0, 0
0, 0, 0, 0, 0, 0, 0, 0, 0, 0, 0, 0, 0, 0, 0, 0, 0, 0, 0, 0, 0, 0, 0, 0, 0, 0, 0
0, 0, 1, 195, 195, 195, 195.0, 0.0, 38025.0, 0, 0, 0, 0, 0, 0, 0, 0, 0, 0, 0, 1, 195, 195, 195, 195.0, 0.0, 38025.0
0, 0, 1, 195, 195, 195, 195.0, 0.0, 38025.0, 0, 0, 0, 0, 0, 0, 0, 0, 0, 0, 0, 1, 195, 195, 195, 195.0, 0.0, 38025.0
18, 936, 3, 1707, 157, 1355, 569.0, 309138.6666666667, 632899.6666666666, 1, 52, 44, 587518, 2948, 23220, 13352.681818181818, 46072250.1714876, 224366361.9090909, 19, 988, 47, 589225, 157, 23220, 12536.702127659575, 49773520.07342108, 210085502.61702126
1, 52, 0, 0, 0, 0, 0, 0, 0, 1, 52, 0, 0, 0, 0, 0, 0, 0, 2, 104, 0, 0, 0, 0, 0, 0, 0
0, 0, 2, 352, 157, 195, 176.0, 361.0, 31337.0, 0, 0, 0, 0, 0, 0, 0, 0, 0, 0, 0, 2, 352, 157, 195, 176.0, 361.0, 31337.0
3, 156, 2, 1529, 195, 1334, 764.5, 324330.25, 908790.5, 0, 0, 15, 166579, 2948, 23220, 11105.266666666666, 57899831.52888889, 181226779.26666668, 3, 156, 17, 168108, 195, 23220, 9888.70588235294, 60566877.65527344, 160012898.2352941
0, 0, 1, 195, 195, 195, 195.0, 0.0, 38025.0, 0, 0, 0, 0, 0, 0, 0, 0, 0, 0, 0, 1, 195, 195, 195, 195.0, 0.0, 38025.0
0, 0, 1, 172, 172, 172, 172.0, 0.0, 29584.0, 0, 0, 0, 0, 0, 0, 0, 0, 0, 0, 0, 1, 172, 172, 172, 172.0, 0.0, 29584.0
25, 1300, 2, 1550, 195, 1355, 775.0, 336400.0, 937025.0, 1, 52, 76, 815085, 2948, 23220, 10724.802631578947, 58621821.579466745, 173643213.06578946, 26, 1352, 78, 816635, 195, 23220, 10469.679487179486, 59133866.450666204, 169214849.26923078
0, 0, 1, 195, 195, 195, 195.0, 0.0, 38025.0, 0, 0, 0, 0, 0, 0, 0, 0, 0, 0, 0, 1, 195, 195, 195, 195.0, 0.0, 38025.0
0, 0, 1, 172, 172, 172, 172.0, 0.0, 29584.0, 0, 0, 0, 0, 0, 0, 0, 0, 0, 0, 0, 1, 172, 172, 172, 172.0, 0.0, 29584.0
0, 0, 0, 0, 0, 0, 0, 0, 0, 0, 0, 0, 0, 0, 0, 0, 0, 0, 0, 0, 0, 0, 0, 0, 0, 0, 0
0, 0, 0, 0, 0, 0, 0, 0, 0, 0, 0, 0, 0, 0, 0, 0, 0, 0, 0, 0, 0, 0, 0, 0, 0, 0, 0
0, 0, 1, 157, 157, 157, 157.0, 0.0, 24649.0, 0, 0, 0, 0, 0, 0, 0, 0, 0, 0, 0, 1, 157, 157, 157, 157.0, 0.0, 24649.0
0, 0, 1, 68, 68, 68, 68.0, 0.0, 4624.0, 0, 0, 0, 0, 0, 0, 0, 0, 0, 0, 0, 1, 68, 68, 68, 68.0, 0.0, 4624.0
0, 0, 0, 0, 0, 0, 0, 0, 0, 0, 0, 0, 0, 0, 0, 0, 0, 0, 0, 0, 0, 0, 0, 0, 0, 0, 0
0, 0, 1, 157, 157, 157, 157.0, 0.0, 24649.0, 0, 0, 0, 0, 0, 0, 0, 0, 0, 0, 0, 1, 157, 157, 157, 157.0, 0.0, 24649.0
0, 0, 1, 68, 68, 68, 68.0, 0.0, 4624.0, 0, 0, 0, 0, 0, 0, 0, 0, 0, 0, 0, 1, 68, 68, 68, 68.0, 0.0, 4624.0
27, 1404, 1, 1355, 1355, 1355, 1355.0, 0.0, 1836025.0, 1, 52, 76, 805101, 1500, 23220, 10593.434210526315, 67745475.64040858, 179966324.0131579, 28, 1456, 77, 806456, 1355, 23220, 10473.454545454546, 67856883.19988039, 177652943.5064935
0, 0, 0, 0, 0, 0, 0, 0, 0, 0, 0, 0, 0, 0, 0, 0, 0, 0, 0, 0, 0, 0, 0, 0, 0, 0, 0
0, 0, 0, 0, 0, 0, 0, 0, 0, 0, 0, 0, 0, 0, 0, 0, 0, 0, 0, 0, 0, 0, 0, 0, 0, 0, 0
10, 528, 10, 6944, 83, 2788, 694.4, 629444.24, 1111635.6, 8, 424, 18, 167484, 83, 23220, 9304.666666666666, 64536560.666666664, 151113382.44444445, 18, 952, 28, 174428, 83, 23220, 6229.571428571428, 63256757.06994329, 97541330.0
3, 156, 5, 1333, 68, 863, 266.6, 91795.44, 162871.0, 4, 208, 8, 3539, 91, 979, 442.375, 91915.984375, 287611.625, 7, 364, 13, 4872, 68, 979, 374.7692307692308, 97492.15419501133, 239634.46153846153
0, 0, 0, 0, 0, 0, 0, 0, 0, 0, 0, 0, 0, 0, 0, 0, 0, 0, 0, 0, 0, 0, 0, 0, 0, 0, 0
23, 1196, 1, 1355, 1355, 1355, 1355.0, 0.0, 1836025.0, 1, 52, 50, 595944, 1500, 23220, 11918.88, 53320769.9456, 195380470.4, 24, 1248, 51, 597299, 1355, 23220, 11711.745098039215, 53886808.40270561, 191585481.27450982
0, 0, 0, 0, 0, 0, 0, 0, 0, 0, 0, 0, 0, 0, 0, 0, 0, 0, 0, 0, 0, 0, 0, 0, 0, 0, 0
2, 104, 0, 0, 0, 0, 0, 0, 0, 2, 104, 0, 0, 0, 0, 0, 0, 0, 4, 208, 0, 0, 0, 0, 0, 0, 0
0, 0, 0, 0, 0, 0, 0, 0, 0, 0, 0, 0, 0, 0, 0, 0, 0, 0, 0, 0, 0, 0, 0, 0, 0, 0, 0
0, 0, 0, 0, 0, 0, 0, 0, 0, 0, 0, 0, 0, 0, 0, 0, 0, 0, 0, 0, 0, 0, 0, 0, 0, 0, 0
0, 0, 0, 0, 0, 0, 0, 0, 0, 0, 0, 0, 0, 0, 0, 0, 0, 0, 0, 0, 0, 0, 0, 0, 0, 0, 0
0, 0, 1, 1355, 1355, 1355, 1355.0, 0.0, 1836025.0, 0, 0, 0, 0, 0, 0, 0, 0, 0, 0, 0, 1, 1355, 1355, 1355, 1355.0, 0.0, 1836025.0
30, 1560, 0, 0, 0, 0, 0, 0, 0, 1, 52, 61, 817441, 1500, 26116, 13400.672131147541, 45607757.99086266, 225185771.55737704, 31, 1612, 61, 817441, 1500, 26116, 13400.672131147541, 45607757.990862675, 225185771.55737704
0, 0, 0, 0, 0, 0, 0, 0, 0, 0, 0, 0, 0, 0, 0, 0, 0, 0, 0, 0, 0, 0, 0, 0, 0, 0, 0
3, 156, 1, 1334, 1334, 1334, 1334.0, 0.0, 1779556.0, 0, 0, 12, 164770, 2948, 23220, 13730.833333333334, 66272164.30555555, 254807948.33333334, 3, 156, 13, 166104, 1334, 23220, 12777.23076923077, 69522646.4384, 235344225.84615386
0, 0, 0, 0, 0, 0, 0, 0, 0, 0, 0, 0, 0, 0, 0, 0, 0, 0, 0, 0, 0, 0, 0, 0, 0, 0, 0
0, 0, 0, 0, 0, 0, 0, 0, 0, 0, 0, 0, 0, 0, 0, 0, 0, 0, 0, 0, 0, 0, 0, 0, 0, 0, 0
0, 0, 0, 0, 0, 0, 0, 0, 0, 0, 0, 0, 0, 0, 0, 0, 0, 0, 0, 0, 0, 0, 0, 0, 0, 0, 0
0, 0, 0, 0, 0, 0, 0, 0, 0, 0, 0, 0, 0, 0, 0, 0, 0, 0, 0, 0, 0, 0, 0, 0, 0, 0, 0
0, 0, 0, 0, 0, 0, 0, 0, 0, 0, 0, 0, 0, 0, 0, 0, 0, 0, 0, 0, 0, 0, 0, 0, 0, 0, 0
21, 1092, 1, 1355, 1355, 1355, 1355.0, 0.0, 1836025.0, 1, 52, 67, 618861, 1500, 20324, 9236.731343283582, 51295625.50991312, 136612831.41791046, 22, 1144, 68, 620216, 1355, 20324, 9120.823529411764, 51372409.97508916, 134630819.55882353
0, 0, 0, 0, 0, 0, 0, 0, 0, 0, 0, 0, 0, 0, 0, 0, 0, 0, 0, 0, 0, 0, 0, 0, 0, 0, 0
0, 0, 0, 0, 0, 0, 0, 0, 0, 0, 0, 0, 0, 0, 0, 0, 0, 0, 0, 0, 0, 0, 0, 0, 0, 0, 0
0, 0, 0, 0, 0, 0, 0, 0, 0, 0, 0, 0, 0, 0, 0, 0, 0, 0, 0, 0, 0, 0, 0, 0, 0, 0, 0
0, 0, 0, 0, 0, 0, 0, 0, 0, 0, 0, 0, 0, 0, 0, 0, 0, 0, 0, 0, 0, 0, 0, 0, 0, 0, 0
0, 0, 0, 0, 0, 0, 0, 0, 0, 0, 0, 0, 0, 0, 0, 0, 0, 0, 0, 0, 0, 0, 0, 0, 0, 0, 0
28, 1456, 1, 1355, 1355, 1355, 1355.0, 0.0, 1836025.0, 1, 52, 64, 820964, 1500, 23220, 12827.5625, 58132115.05859375, 222678474.75, 29, 1508, 65, 822319, 1355, 23220, 12651.061538461538, 58693876.8227871, 219280898.6
0, 0, 0, 0, 0, 0, 0, 0, 0, 0, 0, 0, 0, 0, 0, 0, 0, 0, 0, 0, 0, 0, 0, 0, 0, 0, 0
0, 0, 0, 0, 0, 0, 0, 0, 0, 0, 0, 0, 0, 0, 0, 0, 0, 0, 0, 0, 0, 0, 0, 0, 0, 0, 0
0, 0, 0, 0, 0, 0, 0, 0, 0, 0, 0, 0, 0, 0, 0, 0, 0, 0, 0, 0, 0, 0, 0, 0, 0, 0, 0
6, 312, 4, 1971, 91, 1334, 492.75, 257983.1875, 500785.75, 3, 156, 19, 166762, 83, 26116, 8776.947368421053, 88696031.10249309, 165730836.21052632, 9, 468, 23, 168733, 83, 26116, 7336.217391304348, 86186877.30895692, 136995175.26086956
0, 0, 0, 0, 0, 0, 0, 0, 0, 0, 0, 0, 0, 0, 0, 0, 0, 0, 0, 0, 0, 0, 0, 0, 0, 0, 0
0, 0, 0, 0, 0, 0, 0, 0, 0, 0, 0, 0, 0, 0, 0, 0, 0, 0, 0, 0, 0, 0, 0, 0, 0, 0, 0
17, 884, 1, 1355, 1355, 1355, 1355.0, 0.0, 1836025.0, 1, 52, 96, 825326, 2948, 17428, 8597.145833333334, 43127356.3953993, 117038272.875, 18, 936, 97, 826681, 1355, 17428, 8522.484536082475, 43174245.3336197, 115850620.83505155
0, 0, 0, 0, 0, 0, 0, 0, 0, 0, 0, 0, 0, 0, 0, 0, 0, 0, 0, 0, 0, 0, 0, 0, 0, 0, 0
0, 0, 0, 0, 0, 0, 0, 0, 0, 0, 0, 0, 0, 0, 0, 0, 0, 0, 0, 0, 0, 0, 0, 0, 0, 0, 0
0, 0, 0, 0, 0, 0, 0, 0, 0, 0, 0, 0, 0, 0, 0, 0, 0, 0, 0, 0, 0, 0, 0, 0, 0, 0, 0
0, 0, 0, 0, 0, 0, 0, 0, 0, 0, 0, 0, 0, 0, 0, 0, 0, 0, 0, 0, 0, 0, 0, 0, 0, 0, 0
1, 52, 3, 967, 91, 719, 322.3333333333333, 79398.22222222222, 183297.0, 2, 104, 3, 298, 83, 124, 99.33333333333333, 314.88888888888886, 10182.0, 3, 156, 6, 1265, 83, 719, 210.83333333333334, 37726.88888888889, 96739.5
0, 0, 0, 0, 0, 0, 0, 0, 0, 0, 0, 0, 0, 0, 0, 0, 0, 0, 0, 0, 0, 0, 0, 0, 0, 0, 0
0, 0, 0, 0, 0, 0, 0, 0, 0, 0, 0, 0, 0, 0, 0, 0, 0, 0, 0, 0, 0, 0, 0, 0, 0, 0, 0
0, 0, 1, 157, 157, 157, 157.0, 0.0, 24649.0, 0, 0, 0, 0, 0, 0, 0, 0, 0, 0, 0, 1, 157, 157, 157, 157.0, 0.0, 24649.0
16, 832, 4, 3943, 184, 1355, 985.75, 226881.1875, 1198584.25, 4, 208, 78, 753766, 1500, 21772, 9663.666666666666, 47713260.83760684, 141099714.2820513, 20, 1040, 82, 757709, 184, 21772, 9240.353658536585, 48361690.88964844, 134275268.91463414
2, 104, 1, 91, 91, 91, 91.0, 0.0, 8281.0, 1, 52, 4, 411, 83, 123, 102.75, 266.1875, 10823.75, 3, 156, 5, 502, 83, 123, 100.4, 250.2469135802469, 10315.2
0, 0, 1, 172, 172, 172, 172.0, 0.0, 29584.0, 0, 0, 0, 0, 0, 0, 0, 0, 0, 0, 0, 1, 172, 172, 172, 172.0, 0.0, 29584.0
0, 0, 0, 0, 0, 0, 0, 0, 0, 0, 0, 0, 0, 0, 0, 0, 0, 0, 0, 0, 0, 0, 0, 0, 0, 0, 0
0, 0, 0, 0, 0, 0, 0, 0, 0, 0, 0, 0, 0, 0, 0, 0, 0, 0, 0, 0, 0, 0, 0, 0, 0, 0, 0
0, 0, 2, 367, 172, 195, 183.5, 132.25, 33804.5, 0, 0, 0, 0, 0, 0, 0, 0, 0, 0, 0, 2, 367, 172, 195, 183.5, 132.25, 33804.5
0, 0, 0, 0, 0, 0, 0, 0, 0, 0, 0, 0, 0, 0, 0, 0, 0, 0, 0, 0, 0, 0, 0, 0, 0, 0, 0
37, 1924, 2, 1512, 157, 1355, 756.0, 358801.0, 930337.0, 1, 52, 76, 830118, 1500, 26116, 10922.605263157895, 58942835.58102492, 178246141.31578946, 38, 1976, 78, 831630, 157, 26116, 10661.923076923076, 59506906.90723561, 173699582.23076922
0, 0, 1, 195, 195, 195, 195.0, 0.0, 38025.0, 0, 0, 0, 0, 0, 0, 0, 0, 0, 0, 0, 1, 195, 195, 195, 195.0, 0.0, 38025.0
0, 0, 0, 0, 0, 0, 0, 0, 0, 0, 0, 0, 0, 0, 0, 0, 0, 0, 0, 0, 0, 0, 0, 0, 0, 0, 0
0, 0, 1, 157, 157, 157, 157.0, 0.0, 24649.0, 0, 0, 0, 0, 0, 0, 0, 0, 0, 0, 0, 1, 157, 157, 157, 157.0, 0.0, 24649.0
0, 0, 1, 195, 195, 195, 195.0, 0.0, 38025.0, 0, 0, 0, 0, 0, 0, 0, 0, 0, 0, 0, 1, 195, 195, 195, 195.0, 0.0, 38025.0
0, 0, 0, 0, 0, 0, 0, 0, 0, 0, 0, 0, 0, 0, 0, 0, 0, 0, 0, 0, 0, 0, 0, 0, 0, 0, 0
0, 0, 1, 195, 195, 195, 195.0, 0.0, 38025.0, 0, 0, 0, 0, 0, 0, 0, 0, 0, 0, 0, 1, 195, 195, 195, 195.0, 0.0, 38025.0
14, 728, 3, 2915, 226, 1355, 971.6666666666666, 278082.88888888893, 1222219.0, 2, 104, 95, 761797, 1500, 26116, 8018.9157894736845, 45493988.224487536, 109796998.6631579, 16, 832, 98, 764712, 226, 26116, 7803.183673469388, 45551125.6328492, 106473280.91836734
0, 0, 0, 0, 0, 0, 0, 0, 0, 0, 0, 0, 0, 0, 0, 0, 0, 0, 0, 0, 0, 0, 0, 0, 0, 0, 0
0, 0, 0, 0, 0, 0, 0, 0, 0, 0, 0, 0, 0, 0, 0, 0, 0, 0, 0, 0, 0, 0, 0, 0, 0, 0, 0
0, 0, 0, 0, 0, 0, 0, 0, 0, 0, 0, 0, 0, 0, 0, 0, 0, 0, 0, 0, 0, 0, 0, 0, 0, 0, 0
0, 0, 0, 0, 0, 0, 0, 0, 0, 0, 0, 0, 0, 0, 0, 0, 0, 0, 0, 0, 0, 0, 0, 0, 0, 0, 0
0, 0, 0, 0, 0, 0, 0, 0, 0, 0, 0, 0, 0, 0, 0, 0, 0, 0, 0, 0, 0, 0, 0, 0, 0, 0, 0
0, 0, 1, 1355, 1355, 1355, 1355.0, 0.0, 1836025.0, 1, 52, 0, 0, 0, 0, 0, 0, 0, 1, 52, 1, 1355, 1355, 1355, 1355.0, 0.0, 1836025.0
16, 832, 0, 0, 0, 0, 0, 0, 0, 0, 0, 55, 597629, 2948, 23220, 10865.981818181817, 65017821.3996694, 183087382.27272728, 16, 832, 55, 597629, 2948, 23220, 10865.981818181817, 65017821.39966943, 183087382.27272728
0, 0, 0, 0, 0, 0, 0, 0, 0, 0, 0, 0, 0, 0, 0, 0, 0, 0, 0, 0, 0, 0, 0, 0, 0, 0, 0
0, 0, 0, 0, 0, 0, 0, 0, 0, 0, 0, 0, 0, 0, 0, 0, 0, 0, 0, 0, 0, 0, 0, 0, 0, 0, 0
0, 0, 0, 0, 0, 0, 0, 0, 0, 0, 0, 0, 0, 0, 0, 0, 0, 0, 0, 0, 0, 0, 0, 0, 0, 0, 0
0, 0, 0, 0, 0, 0, 0, 0, 0, 0, 0, 0, 0, 0, 0, 0, 0, 0, 0, 0, 0, 0, 0, 0, 0, 0, 0
0, 0, 0, 0, 0, 0, 0, 0, 0, 0, 0, 0, 0, 0, 0, 0, 0, 0, 0, 0, 0, 0, 0, 0, 0, 0, 0
3, 156, 1, 1334, 1334, 1334, 1334.0, 0.0, 1779556.0, 0, 0, 16, 165656, 1500, 23220, 10353.5, 73001989.75, 180196952.0, 3, 156, 17, 166990, 1334, 23220, 9822.941176470587, 73180298.75482094, 169701811.05882353
0, 0, 0, 0, 0, 0, 0, 0, 0, 0, 0, 0, 0, 0, 0, 0, 0, 0, 0, 0, 0, 0, 0, 0, 0, 0, 0
0, 0, 0, 0, 0, 0, 0, 0, 0, 0, 0, 0, 0, 0, 0, 0, 0, 0, 0, 0, 0, 0, 0, 0, 0, 0, 0
30, 1560, 1, 1355, 1355, 1355, 1355.0, 0.0, 1836025.0, 1, 52, 64, 843105, 1437, 23220, 13173.515625, 42079978.96850586, 215621492.890625, 31, 1612, 65, 844460, 1355, 23220, 12991.692307692309, 42828153.873565294, 212332485.69230768
0, 0, 0, 0, 0, 0, 0, 0, 0, 0, 0, 0, 0, 0, 0, 0, 0, 0, 0, 0, 0, 0, 0, 0, 0, 0, 0
0, 0, 0, 0, 0, 0, 0, 0, 0, 0, 0, 0, 0, 0, 0, 0, 0, 0, 0, 0, 0, 0, 0, 0, 0, 0, 0
0, 0, 0, 0, 0, 0, 0, 0, 0, 0, 0, 0, 0, 0, 0, 0, 0, 0, 0, 0, 0, 0, 0, 0, 0, 0, 0
0, 0, 0, 0, 0, 0, 0, 0, 0, 0, 0, 0, 0, 0, 0, 0, 0, 0, 0, 0, 0, 0, 0, 0, 0, 0, 0
0, 0, 0, 0, 0, 0, 0, 0, 0, 0, 0, 0, 0, 0, 0, 0, 0, 0, 0, 0, 0, 0, 0, 0, 0, 0, 0
0, 0, 1, 1355, 1355, 1355, 1355.0, 0.0, 1836025.0, 1, 52, 0, 0, 0, 0, 0, 0, 0, 1, 52, 1, 1355, 1355, 1355, 1355.0, 0.0, 1836025.0
17, 884, 0, 0, 0, 0, 0, 0, 0, 0, 0, 54, 582703, 1500, 23220, 10790.796296296296, 47907046.12517146, 164348330.83333334, 17, 884, 54, 582703, 1500, 23220, 10790.796296296296, 47907046.12517148, 164348330.83333334
0, 0, 0, 0, 0, 0, 0, 0, 0, 0, 0, 0, 0, 0, 0, 0, 0, 0, 0, 0, 0, 0, 0, 0, 0, 0, 0
0, 0, 0, 0, 0, 0, 0, 0, 0, 0, 0, 0, 0, 0, 0, 0, 0, 0, 0, 0, 0, 0, 0, 0, 0, 0, 0
0, 0, 0, 0, 0, 0, 0, 0, 0, 0, 0, 0, 0, 0, 0, 0, 0, 0, 0, 0, 0, 0, 0, 0, 0, 0, 0
0, 0, 0, 0, 0, 0, 0, 0, 0, 0, 0, 0, 0, 0, 0, 0, 0, 0, 0, 0, 0, 0, 0, 0, 0, 0, 0
0, 0, 0, 0, 0, 0, 0, 0, 0, 0, 0, 0, 0, 0, 0, 0, 0, 0, 0, 0, 0, 0, 0, 0, 0, 0, 0
60, 3120, 2, 2690, 1334, 1356, 1345.0, 121.0, 1809146.0, 2, 104, 96, 1020781, 1500, 20324, 10633.135416666666, 38621434.637912326, 151685003.42708334, 62, 3224, 98, 1023471, 1334, 20324, 10443.581632653062, 39103483.8132639, 148626312.45918366
1, 52, 0, 0, 0, 0, 0, 0, 0, 1, 52, 0, 0, 0, 0, 0, 0, 0, 2, 104, 0, 0, 0, 0, 0, 0, 0
0, 0, 0, 0, 0, 0, 0, 0, 0, 0, 0, 0, 0, 0, 0, 0, 0, 0, 0, 0, 0, 0, 0, 0, 0, 0, 0
0, 0, 0, 0, 0, 0, 0, 0, 0, 0, 0, 0, 0, 0, 0, 0, 0, 0, 0, 0, 0, 0, 0, 0, 0, 0, 0
0, 0, 0, 0, 0, 0, 0, 0, 0, 0, 0, 0, 0, 0, 0, 0, 0, 0, 0, 0, 0, 0, 0, 0, 0, 0, 0
0, 0, 0, 0, 0, 0, 0, 0, 0, 0, 0, 0, 0, 0, 0, 0, 0, 0, 0, 0, 0, 0, 0, 0, 0, 0, 0
0, 0, 0, 0, 0, 0, 0, 0, 0, 0, 0, 0, 0, 0, 0, 0, 0, 0, 0, 0, 0, 0, 0, 0, 0, 0, 0
2, 104, 0, 0, 0, 0, 0, 0, 0, 2, 104, 0, 0, 0, 0, 0, 0, 0, 4, 208, 0, 0, 0, 0, 0, 0, 0
0, 0, 0, 0, 0, 0, 0, 0, 0, 0, 0, 0, 0, 0, 0, 0, 0, 0, 0, 0, 0, 0, 0, 0, 0, 0, 0
31, 1612, 1, 1356, 1356, 1356, 1356.0, 0.0, 1838736.0, 1, 52, 70, 850401, 1500, 26116, 12148.585714285715, 61491979.328367345, 209080114.18571427, 32, 1664, 71, 851757, 1356, 26116, 11996.577464788732, 61876105.77123888, 206161221.53521127
0, 0, 0, 0, 0, 0, 0, 0, 0, 0, 0, 0, 0, 0, 0, 0, 0, 0, 0, 0, 0, 0, 0, 0, 0, 0, 0
0, 0, 0, 0, 0, 0, 0, 0, 0, 0, 0, 0, 0, 0, 0, 0, 0, 0, 0, 0, 0, 0, 0, 0, 0, 0, 0
0, 0, 0, 0, 0, 0, 0, 0, 0, 0, 0, 0, 0, 0, 0, 0, 0, 0, 0, 0, 0, 0, 0, 0, 0, 0, 0
3, 156, 1, 1335, 1335, 1335, 1335.0, 0.0, 1782225.0, 0, 0, 15, 164401, 2948, 26116, 10960.066666666668, 92779448.59555556, 212902509.93333334, 3, 156, 16, 165736, 1335, 26116, 10358.5, 92678610.24349633, 199707492.125
0, 0, 1, 195, 195, 195, 195.0, 0.0, 38025.0, 0, 0, 0, 0, 0, 0, 0, 0, 0, 0, 0, 1, 195, 195, 195, 195.0, 0.0, 38025.0
0, 0, 0, 0, 0, 0, 0, 0, 0, 0, 0, 0, 0, 0, 0, 0, 0, 0, 0, 0, 0, 0, 0, 0, 0, 0, 0
22, 1144, 2, 1551, 195, 1356, 775.5, 336980.25, 938380.5, 1, 52, 76, 650732, 2948, 26116, 8562.263157894737, 49583681.40443214, 122896031.78947368, 23, 1196, 78, 652283, 195, 26116, 8362.602564102564, 49721337.6242621, 119768912.52564102
0, 0, 0, 0, 0, 0, 0, 0, 0, 0, 0, 0, 0, 0, 0, 0, 0, 0, 0, 0, 0, 0, 0, 0, 0, 0, 0
2, 104, 0, 0, 0, 0, 0, 0, 0, 2, 104, 0, 0, 0, 0, 0, 0, 0, 4, 208, 0, 0, 0, 0, 0, 0, 0
0, 0, 1, 195, 195, 195, 195.0, 0.0, 38025.0, 0, 0, 0, 0, 0, 0, 0, 0, 0, 0, 0, 1, 195, 195, 195, 195.0, 0.0, 38025.0
0, 0, 0, 0, 0, 0, 0, 0, 0, 0, 0, 0, 0, 0, 0, 0, 0, 0, 0, 0, 0, 0, 0, 0, 0, 0, 0
0, 0, 0, 0, 0, 0, 0, 0, 0, 0, 0, 0, 0, 0, 0, 0, 0, 0, 0, 0, 0, 0, 0, 0, 0, 0, 0
30, 1560, 2, 1551, 195, 1356, 775.5, 336980.25, 938380.5, 1, 52, 75, 868247, 1500, 26116, 11576.626666666667, 74103921.75395554, 208122206.73333332, 31, 1612, 77, 869798, 195, 26116, 11296.077922077922, 74648163.05258828, 202740808.64935064
0, 0, 0, 0, 0, 0, 0, 0, 0, 0, 0, 0, 0, 0, 0, 0, 0, 0, 0, 0, 0, 0, 0, 0, 0, 0, 0
1, 52, 0, 0, 0, 0, 0, 0, 0, 1, 52, 0, 0, 0, 0, 0, 0, 0, 2, 104, 0, 0, 0, 0, 0, 0, 0
5, 260, 1, 1335, 1335, 1335, 1335.0, 0.0, 1782225.0, 0, 0, 14, 165826, 2948, 23220, 11844.714285714286, 74817259.20408162, 215114515.7142857, 5, 260, 15, 167161, 1335, 23220, 11144.066666666668, 75914778.9726516, 200892363.0
0, 0, 0, 0, 0, 0, 0, 0, 0, 0, 0, 0, 0, 0, 0, 0, 0, 0, 0, 0, 0, 0, 0, 0, 0, 0, 0
0, 0, 0, 0, 0, 0, 0, 0, 0, 0, 0, 0, 0, 0, 0, 0, 0, 0, 0, 0, 0, 0, 0, 0, 0, 0, 0
0, 0, 0, 0, 0, 0, 0, 0, 0, 0, 0, 0, 0, 0, 0, 0, 0, 0, 0, 0, 0, 0, 0, 0, 0, 0, 0
0, 0, 0, 0, 0, 0, 0, 0, 0, 0, 0, 0, 0, 0, 0, 0, 0, 0, 0, 0, 0, 0, 0, 0, 0, 0, 0
0, 0, 0, 0, 0, 0, 0, 0, 0, 0, 0, 0, 0, 0, 0, 0, 0, 0, 0, 0, 0, 0, 0, 0, 0, 0, 0
0, 0, 0, 0, 0, 0, 0, 0, 0, 0, 0, 0, 0, 0, 0, 0, 0, 0, 0, 0, 0, 0, 0, 0, 0, 0, 0
12, 624, 1, 1356, 1356, 1356, 1356.0, 0.0, 1838736.0, 1, 52, 60, 592333, 1377, 26116, 9872.216666666667, 55254194.369722225, 152714856.28333333, 13, 676, 61, 593689, 1356, 26116, 9732.606557377048, 55391982.50160508, 150241477.26229507
0, 0, 0, 0, 0, 0, 0, 0, 0, 0, 0, 0, 0, 0, 0, 0, 0, 0, 0, 0, 0, 0, 0, 0, 0, 0, 0
0, 0, 0, 0, 0, 0, 0, 0, 0, 0, 0, 0, 0, 0, 0, 0, 0, 0, 0, 0, 0, 0, 0, 0, 0, 0, 0
0, 0, 0, 0, 0, 0, 0, 0, 0, 0, 0, 0, 0, 0, 0, 0, 0, 0, 0, 0, 0, 0, 0, 0, 0, 0, 0
1, 52, 2, 814, 91, 723, 407.0, 99856.0, 265505.0, 2, 104, 1, 91, 91, 91, 91.0, 0.0, 8281.0, 3, 156, 3, 905, 91, 723, 301.6666666666667, 74892.0, 179763.66666666666
26, 1352, 2, 1447, 91, 1356, 723.5, 400056.25, 923508.5, 2, 104, 92, 866784, 83, 24668, 9421.565217391304, 63772882.31096408, 152538773.45652175, 28, 1456, 94, 868231, 83, 24668, 9236.5, 63896215.68137936, 149312916.75531915
0, 0, 0, 0, 0, 0, 0, 0, 0, 0, 0, 0, 0, 0, 0, 0, 0, 0, 0, 0, 0, 0, 0, 0, 0, 0, 0
1, 40, 1, 200, 200, 200, 200.0, 0.0, 40000.0, 0, 0, 0, 0, 0, 0, 0, 0, 0, 1, 40, 1, 200, 200, 200, 200.0, 0.0, 40000.0
1, 40, 1, 157, 157, 157, 157.0, 0.0, 24649.0, 0, 0, 0, 0, 0, 0, 0, 0, 0, 1, 40, 1, 157, 157, 157, 157.0, 0.0, 24649.0
6, 312, 5, 2442, 91, 1335, 488.4, 214222.63999999998, 452757.2, 3, 156, 19, 166124, 83, 23220, 8743.368421052632, 78018167.18005541, 154464658.52631578, 9, 468, 24, 168566, 83, 23220, 7023.583333333333, 75973606.66846944, 122378845.75
0, 0, 1, 157, 157, 157, 157.0, 0.0, 24649.0, 0, 0, 0, 0, 0, 0, 0, 0, 0, 0, 0, 1, 157, 157, 157, 157.0, 0.0, 24649.0
0, 0, 0, 0, 0, 0, 0, 0, 0, 0, 0, 0, 0, 0, 0, 0, 0, 0, 0, 0, 0, 0, 0, 0, 0, 0, 0
0, 0, 2, 395, 195, 200, 197.5, 6.25, 39012.5, 0, 0, 0, 0, 0, 0, 0, 0, 0, 0, 0, 2, 395, 195, 200, 197.5, 6.25, 39012.5
26, 1352, 2, 1528, 172, 1356, 764.0, 350464.0, 934160.0, 1, 52, 75, 806901, 2309, 20324, 10758.68, 48614407.33759999, 164363602.68, 27, 1404, 77, 808429, 172, 20324, 10499.077922077922, 49276450.6944252, 160118682.0909091
0, 0, 0, 0, 0, 0, 0, 0, 0, 0, 0, 0, 0, 0, 0, 0, 0, 0, 0, 0, 0, 0, 0, 0, 0, 0, 0
3, 156, 2, 395, 195, 200, 197.5, 6.25, 39012.5, 3, 156, 0, 0, 0, 0, 0, 0, 0, 6, 312, 2, 395, 195, 200, 197.5, 6.25, 39012.5
0, 0, 1, 172, 172, 172, 172.0, 0.0, 29584.0, 0, 0, 0, 0, 0, 0, 0, 0, 0, 0, 0, 1, 172, 172, 172, 172.0, 0.0, 29584.0
0, 0, 0, 0, 0, 0, 0, 0, 0, 0, 0, 0, 0, 0, 0, 0, 0, 0, 0, 0, 0, 0, 0, 0, 0, 0, 0
0, 0, 1, 195, 195, 195, 195.0, 0.0, 38025.0, 0, 0, 0, 0, 0, 0, 0, 0, 0, 0, 0, 1, 195, 195, 195, 195.0, 0.0, 38025.0
0, 0, 1, 157, 157, 157, 157.0, 0.0, 24649.0, 0, 0, 0, 0, 0, 0, 0, 0, 0, 0, 0, 1, 157, 157, 157, 157.0, 0.0, 24649.0
0, 0, 1, 195, 195, 195, 195.0, 0.0, 38025.0, 0, 0, 0, 0, 0, 0, 0, 0, 0, 0, 0, 1, 195, 195, 195, 195.0, 0.0, 38025.0
0, 0, 1, 157, 157, 157, 157.0, 0.0, 24649.0, 0, 0, 0, 0, 0, 0, 0, 0, 0, 0, 0, 1, 157, 157, 157, 157.0, 0.0, 24649.0
0, 0, 0, 0, 0, 0, 0, 0, 0, 0, 0, 0, 0, 0, 0, 0, 0, 0, 0, 0, 0, 0, 0, 0, 0, 0, 0
22, 1144, 2, 2691, 1335, 1356, 1345.5, 110.25, 1810480.5, 2, 104, 67, 720081, 1500, 23220, 10747.477611940298, 58869857.771886826, 174378132.79104477, 24, 1248, 69, 722772, 1335, 23220, 10474.95652173913, 59284967.72658953, 169376171.85507247
1, 52, 2, 546, 91, 455, 273.0, 33124.0, 107653.0, 2, 104, 3, 296, 83, 122, 98.66666666666667, 282.88888888888886, 10018.0, 3, 156, 5, 842, 83, 455, 168.4, 14191.6875, 49072.0
0, 0, 0, 0, 0, 0, 0, 0, 0, 0, 0, 0, 0, 0, 0, 0, 0, 0, 0, 0, 0, 0, 0, 0, 0, 0, 0
0, 0, 0, 0, 0, 0, 0, 0, 0, 0, 0, 0, 0, 0, 0, 0, 0, 0, 0, 0, 0, 0, 0, 0, 0, 0, 0
0, 0, 0, 0, 0, 0, 0, 0, 0, 0, 0, 0, 0, 0, 0, 0, 0, 0, 0, 0, 0, 0, 0, 0, 0, 0, 0
0, 0, 0, 0, 0, 0, 0, 0, 0, 0, 0, 0, 0, 0, 0, 0, 0, 0, 0, 0, 0, 0, 0, 0, 0, 0, 0
2, 80, 1, 226, 226, 226, 226.0, 0.0, 51076.0, 0, 0, 0, 0, 0, 0, 0, 0, 0, 2, 80, 1, 226, 226, 226, 226.0, 0.0, 51076.0
0, 0, 0, 0, 0, 0, 0, 0, 0, 0, 0, 0, 0, 0, 0, 0, 0, 0, 0, 0, 0, 0, 0, 0, 0, 0, 0
0, 0, 0, 0, 0, 0, 0, 0, 0, 0, 0, 0, 0, 0, 0, 0, 0, 0, 0, 0, 0, 0, 0, 0, 0, 0, 0
0, 0, 1, 1356, 1356, 1356, 1356.0, 0.0, 1838736.0, 1, 52, 0, 0, 0, 0, 0, 0, 0, 1, 52, 1, 1356, 1356, 1356, 1356.0, 0.0, 1838736.0
20, 1040, 0, 0, 0, 0, 0, 0, 0, 0, 0, 85, 808687, 1500, 23220, 9513.964705882352, 57018048.48110725, 147533572.90588236, 20, 1040, 85, 808687, 1500, 23220, 9513.964705882352, 57018048.481107265, 147533572.90588236
0, 0, 0, 0, 0, 0, 0, 0, 0, 0, 0, 0, 0, 0, 0, 0, 0, 0, 0, 0, 0, 0, 0, 0, 0, 0, 0
0, 0, 0, 0, 0, 0, 0, 0, 0, 0, 0, 0, 0, 0, 0, 0, 0, 0, 0, 0, 0, 0, 0, 0, 0, 0, 0
0, 0, 0, 0, 0, 0, 0, 0, 0, 0, 0, 0, 0, 0, 0, 0, 0, 0, 0, 0, 0, 0, 0, 0, 0, 0, 0
0, 0, 0, 0, 0, 0, 0, 0, 0, 0, 0, 0, 0, 0, 0, 0, 0, 0, 0, 0, 0, 0, 0, 0, 0, 0, 0
0, 0, 0, 0, 0, 0, 0, 0, 0, 0, 0, 0, 0, 0, 0, 0, 0, 0, 0, 0, 0, 0, 0, 0, 0, 0, 0
0, 0, 0, 0, 0, 0, 0, 0, 0, 0, 0, 0, 0, 0, 0, 0, 0, 0, 0, 0, 0, 0, 0, 0, 0, 0, 0
0, 0, 0, 0, 0, 0, 0, 0, 0, 0, 0, 0, 0, 0, 0, 0, 0, 0, 0, 0, 0, 0, 0, 0, 0, 0, 0
0, 0, 1, 200, 200, 200, 200.0, 0.0, 40000.0, 0, 0, 0, 0, 0, 0, 0, 0, 0, 0, 0, 1, 200, 200, 200, 200.0, 0.0, 40000.0
0, 0, 0, 0, 0, 0, 0, 0, 0, 0, 0, 0, 0, 0, 0, 0, 0, 0, 0, 0, 0, 0, 0, 0, 0, 0, 0
0, 0, 0, 0, 0, 0, 0, 0, 0, 0, 0, 0, 0, 0, 0, 0, 0, 0, 0, 0, 0, 0, 0, 0, 0, 0, 0
0, 0, 1, 200, 200, 200, 200.0, 0.0, 40000.0, 0, 0, 0, 0, 0, 0, 0, 0, 0, 0, 0, 1, 200, 200, 200, 200.0, 0.0, 40000.0
0, 0, 0, 0, 0, 0, 0, 0, 0, 0, 0, 0, 0, 0, 0, 0, 0, 0, 0, 0, 0, 0, 0, 0, 0, 0, 0
0, 0, 1, 200, 200, 200, 200.0, 0.0, 40000.0, 0, 0, 0, 0, 0, 0, 0, 0, 0, 0, 0, 1, 200, 200, 200, 200.0, 0.0, 40000.0
0, 0, 0, 0, 0, 0, 0, 0, 0, 0, 0, 0, 0, 0, 0, 0, 0, 0, 0, 0, 0, 0, 0, 0, 0, 0, 0
0, 0, 0, 0, 0, 0, 0, 0, 0, 0, 0, 0, 0, 0, 0, 0, 0, 0, 0, 0, 0, 0, 0, 0, 0, 0, 0
14, 728, 3, 2891, 200, 1356, 963.6666666666666, 291666.88888888893, 1220320.3333333333, 2, 104, 59, 588474, 1500, 23220, 9974.135593220339, 62863391.84602126, 162346772.6779661, 16, 832, 62, 591365, 200, 23220, 9538.145161290322, 63275058.44245612, 154550331.43548387
3, 156, 0, 0, 0, 0, 0, 0, 0, 0, 0, 16, 165663, 1500, 26116, 10353.9375, 78296785.80859375, 185500807.5625, 3, 156, 16, 165663, 1500, 26116, 10353.9375, 78296785.80859375, 185500807.5625
0, 0, 0, 0, 0, 0, 0, 0, 0, 0, 0, 0, 0, 0, 0, 0, 0, 0, 0, 0, 0, 0, 0, 0, 0, 0, 0
0, 0, 1, 200, 200, 200, 200.0, 0.0, 40000.0, 0, 0, 0, 0, 0, 0, 0, 0, 0, 0, 0, 1, 200, 200, 200, 200.0, 0.0, 40000.0
0, 0, 0, 0, 0, 0, 0, 0, 0, 0, 0, 0, 0, 0, 0, 0, 0, 0, 0, 0, 0, 0, 0, 0, 0, 0, 0
0, 0, 2, 395, 195, 200, 197.5, 6.25, 39012.5, 0, 0, 0, 0, 0, 0, 0, 0, 0, 0, 0, 2, 395, 195, 200, 197.5, 6.25, 39012.5
0, 0, 0, 0, 0, 0, 0, 0, 0, 0, 0, 0, 0, 0, 0, 0, 0, 0, 0, 0, 0, 0, 0, 0, 0, 0, 0
0, 0, 1, 195, 195, 195, 195.0, 0.0, 38025.0, 0, 0, 0, 0, 0, 0, 0, 0, 0, 0, 0, 1, 195, 195, 195, 195.0, 0.0, 38025.0
0, 0, 2, 268, 68, 200, 134.0, 4356.0, 22312.0, 0, 0, 0, 0, 0, 0, 0, 0, 0, 0, 0, 2, 268, 68, 200, 134.0, 4356.0, 22312.0
0, 0, 0, 0, 0, 0, 0, 0, 0, 0, 0, 0, 0, 0, 0, 0, 0, 0, 0, 0, 0, 0, 0, 0, 0, 0, 0
0, 0, 1, 195, 195, 195, 195.0, 0.0, 38025.0, 0, 0, 0, 0, 0, 0, 0, 0, 0, 0, 0, 1, 195, 195, 195, 195.0, 0.0, 38025.0
0, 0, 2, 268, 68, 200, 134.0, 4356.0, 22312.0, 0, 0, 0, 0, 0, 0, 0, 0, 0, 0, 0, 2, 268, 68, 200, 134.0, 4356.0, 22312.0
0, 0, 0, 0, 0, 0, 0, 0, 0, 0, 0, 0, 0, 0, 0, 0, 0, 0, 0, 0, 0, 0, 0, 0, 0, 0, 0
0, 0, 1, 195, 195, 195, 195.0, 0.0, 38025.0, 0, 0, 0, 0, 0, 0, 0, 0, 0, 0, 0, 1, 195, 195, 195, 195.0, 0.0, 38025.0
27, 1404, 1, 1356, 1356, 1356, 1356.0, 0.0, 1838736.0, 1, 52, 76, 811526, 1500, 23220, 10677.973684210527, 65950903.525623284, 179970025.52631578, 28, 1456, 77, 812882, 1356, 23220, 10556.90909090909, 66084108.23973684, 177656632.15584415
0, 0, 1, 195, 195, 195, 195.0, 0.0, 38025.0, 0, 0, 0, 0, 0, 0, 0, 0, 0, 0, 0, 1, 195, 195, 195, 195.0, 0.0, 38025.0
0, 0, 1, 68, 68, 68, 68.0, 0.0, 4624.0, 0, 0, 0, 0, 0, 0, 0, 0, 0, 0, 0, 1, 68, 68, 68, 68.0, 0.0, 4624.0
1, 52, 0, 0, 0, 0, 0, 0, 0, 1, 52, 0, 0, 0, 0, 0, 0, 0, 2, 104, 0, 0, 0, 0, 0, 0, 0
0, 0, 1, 195, 195, 195, 195.0, 0.0, 38025.0, 0, 0, 0, 0, 0, 0, 0, 0, 0, 0, 0, 1, 195, 195, 195, 195.0, 0.0, 38025.0
0, 0, 0, 0, 0, 0, 0, 0, 0, 0, 0, 0, 0, 0, 0, 0, 0, 0, 0, 0, 0, 0, 0, 0, 0, 0, 0
0, 0, 0, 0, 0, 0, 0, 0, 0, 0, 0, 0, 0, 0, 0, 0, 0, 0, 0, 0, 0, 0, 0, 0, 0, 0, 0
0, 0, 1, 195, 195, 195, 195.0, 0.0, 38025.0, 0, 0, 0, 0, 0, 0, 0, 0, 0, 0, 0, 1, 195, 195, 195, 195.0, 0.0, 38025.0
0, 0, 0, 0, 0, 0, 0, 0, 0, 0, 0, 0, 0, 0, 0, 0, 0, 0, 0, 0, 0, 0, 0, 0, 0, 0, 0
0, 0, 0, 0, 0, 0, 0, 0, 0, 0, 0, 0, 0, 0, 0, 0, 0, 0, 0, 0, 0, 0, 0, 0, 0, 0, 0
0, 0, 1, 195, 195, 195, 195.0, 0.0, 38025.0, 0, 0, 0, 0, 0, 0, 0, 0, 0, 0, 0, 1, 195, 195, 195, 195.0, 0.0, 38025.0
0, 0, 0, 0, 0, 0, 0, 0, 0, 0, 0, 0, 0, 0, 0, 0, 0, 0, 0, 0, 0, 0, 0, 0, 0, 0, 0
0, 0, 0, 0, 0, 0, 0, 0, 0, 0, 0, 0, 0, 0, 0, 0, 0, 0, 0, 0, 0, 0, 0, 0, 0, 0, 0
0, 0, 0, 0, 0, 0, 0, 0, 0, 0, 0, 0, 0, 0, 0, 0, 0, 0, 0, 0, 0, 0, 0, 0, 0, 0, 0
33, 1716, 2, 2691, 1335, 1356, 1345.5, 110.25, 1810480.5, 2, 104, 125, 1035485, 1500, 20324, 8283.88, 47903598.1056, 116526265.96, 35, 1820, 127, 1038176, 1335, 20324, 8174.614173228347, 47902451.731087804, 114719718.15748031
0, 0, 0, 0, 0, 0, 0, 0, 0, 0, 0, 0, 0, 0, 0, 0, 0, 0, 0, 0, 0, 0, 0, 0, 0, 0, 0
0, 0, 0, 0, 0, 0, 0, 0, 0, 0, 0, 0, 0, 0, 0, 0, 0, 0, 0, 0, 0, 0, 0, 0, 0, 0, 0
0, 0, 0, 0, 0, 0, 0, 0, 0, 0, 0, 0, 0, 0, 0, 0, 0, 0, 0, 0, 0, 0, 0, 0, 0, 0, 0
0, 0, 0, 0, 0, 0, 0, 0, 0, 0, 0, 0, 0, 0, 0, 0, 0, 0, 0, 0, 0, 0, 0, 0, 0, 0, 0
0, 0, 0, 0, 0, 0, 0, 0, 0, 0, 0, 0, 0, 0, 0, 0, 0, 0, 0, 0, 0, 0, 0, 0, 0, 0, 0
0, 0, 0, 0, 0, 0, 0, 0, 0, 0, 0, 0, 0, 0, 0, 0, 0, 0, 0, 0, 0, 0, 0, 0, 0, 0, 0
0, 0, 0, 0, 0, 0, 0, 0, 0, 0, 0, 0, 0, 0, 0, 0, 0, 0, 0, 0, 0, 0, 0, 0, 0, 0, 0
0, 0, 0, 0, 0, 0, 0, 0, 0, 0, 0, 0, 0, 0, 0, 0, 0, 0, 0, 0, 0, 0, 0, 0, 0, 0, 0
0, 0, 0, 0, 0, 0, 0, 0, 0, 0, 0, 0, 0, 0, 0, 0, 0, 0, 0, 0, 0, 0, 0, 0, 0, 0, 0
0, 0, 0, 0, 0, 0, 0, 0, 0, 0, 0, 0, 0, 0, 0, 0, 0, 0, 0, 0, 0, 0, 0, 0, 0, 0, 0
4, 208, 3, 906, 91, 724, 302.0, 89042.0, 180246.0, 3, 156, 4, 389, 83, 124, 97.25, 249.1875, 9706.75, 7, 364, 7, 1295, 83, 724, 185.0, 32780.62809917355, 82795.0
0, 0, 0, 0, 0, 0, 0, 0, 0, 0, 0, 0, 0, 0, 0, 0, 0, 0, 0, 0, 0, 0, 0, 0, 0, 0, 0
0, 0, 0, 0, 0, 0, 0, 0, 0, 0, 0, 0, 0, 0, 0, 0, 0, 0, 0, 0, 0, 0, 0, 0, 0, 0, 0
0, 0, 0, 0, 0, 0, 0, 0, 0, 0, 0, 0, 0, 0, 0, 0, 0, 0, 0, 0, 0, 0, 0, 0, 0, 0, 0
1, 44, 0, 0, 0, 0, 0, 0, 0, 1, 40, 0, 0, 0, 0, 0, 0, 0, 2, 84, 0, 0, 0, 0, 0, 0, 0
21, 1092, 1, 1356, 1356, 1356, 1356.0, 0.0, 1838736.0, 1, 52, 55, 637722, 2138, 26116, 11594.945454545454, 56495933.797024794, 190938693.8909091, 22, 1144, 56, 639078, 1356, 26116, 11412.107142857143, 56922921.199902594, 187561908.92857143
1, 52, 0, 0, 0, 0, 0, 0, 0, 1, 52, 0, 0, 0, 0, 0, 0, 0, 2, 104, 0, 0, 0, 0, 0, 0, 0
1, 44, 0, 0, 0, 0, 0, 0, 0, 0, 0, 0, 0, 0, 0, 0, 0, 0, 1, 44, 0, 0, 0, 0, 0, 0, 0
0, 0, 0, 0, 0, 0, 0, 0, 0, 0, 0, 0, 0, 0, 0, 0, 0, 0, 0, 0, 0, 0, 0, 0, 0, 0, 0
0, 0, 0, 0, 0, 0, 0, 0, 0, 0, 0, 0, 0, 0, 0, 0, 0, 0, 0, 0, 0, 0, 0, 0, 0, 0, 0
0, 0, 0, 0, 0, 0, 0, 0, 0, 0, 0, 0, 0, 0, 0, 0, 0, 0, 0, 0, 0, 0, 0, 0, 0, 0, 0
0, 0, 0, 0, 0, 0, 0, 0, 0, 0, 0, 0, 0, 0, 0, 0, 0, 0, 0, 0, 0, 0, 0, 0, 0, 0, 0
2, 104, 0, 0, 0, 0, 0, 0, 0, 2, 104, 0, 0, 0, 0, 0, 0, 0, 4, 208, 0, 0, 0, 0, 0, 0, 0
1, 44, 0, 0, 0, 0, 0, 0, 0, 0, 0, 0, 0, 0, 0, 0, 0, 0, 1, 44, 0, 0, 0, 0, 0, 0, 0
0, 0, 0, 0, 0, 0, 0, 0, 0, 0, 0, 0, 0, 0, 0, 0, 0, 0, 0, 0, 0, 0, 0, 0, 0, 0, 0
8, 416, 1, 1335, 1335, 1335, 1335.0, 0.0, 1782225.0, 0, 0, 14, 164538, 2948, 23220, 11752.714285714286, 70159440.20408164, 208285733.2857143, 8, 416, 15, 165873, 1335, 23220, 11058.2, 71353473.2841855, 194518832.73333332
0, 0, 0, 0, 0, 0, 0, 0, 0, 0, 0, 0, 0, 0, 0, 0, 0, 0, 0, 0, 0, 0, 0, 0, 0, 0, 0
0, 0, 0, 0, 0, 0, 0, 0, 0, 0, 0, 0, 0, 0, 0, 0, 0, 0, 0, 0, 0, 0, 0, 0, 0, 0, 0
32, 1664, 1, 1356, 1356, 1356, 1356.0, 0.0, 1838736.0, 1, 52, 86, 841130, 1500, 23220, 9780.581395348838, 51970234.871281765, 147630007.30232558, 33, 1716, 87, 842486, 1356, 23220, 9683.747126436781, 52077709.35079688, 145954245.56321838
0, 0, 0, 0, 0, 0, 0, 0, 0, 0, 0, 0, 0, 0, 0, 0, 0, 0, 0, 0, 0, 0, 0, 0, 0, 0, 0
0, 0, 0, 0, 0, 0, 0, 0, 0, 0, 0, 0, 0, 0, 0, 0, 0, 0, 0, 0, 0, 0, 0, 0, 0, 0, 0
0, 0, 0, 0, 0, 0, 0, 0, 0, 0, 0, 0, 0, 0, 0, 0, 0, 0, 0, 0, 0, 0, 0, 0, 0, 0, 0
0, 0, 0, 0, 0, 0, 0, 0, 0, 0, 0, 0, 0, 0, 0, 0, 0, 0, 0, 0, 0, 0, 0, 0, 0, 0, 0
1, 52, 0, 0, 0, 0, 0, 0, 0, 1, 52, 0, 0, 0, 0, 0, 0, 0, 2, 104, 0, 0, 0, 0, 0, 0, 0
1, 44, 0, 0, 0, 0, 0, 0, 0, 0, 0, 0, 0, 0, 0, 0, 0, 0, 1, 44, 0, 0, 0, 0, 0, 0, 0
0, 0, 0, 0, 0, 0, 0, 0, 0, 0, 0, 0, 0, 0, 0, 0, 0, 0, 0, 0, 0, 0, 0, 0, 0, 0, 0
0, 0, 0, 0, 0, 0, 0, 0, 0, 0, 0, 0, 0, 0, 0, 0, 0, 0, 0, 0, 0, 0, 0, 0, 0, 0, 0
0, 0, 0, 0, 0, 0, 0, 0, 0, 0, 0, 0, 0, 0, 0, 0, 0, 0, 0, 0, 0, 0, 0, 0, 0, 0, 0
0, 0, 0, 0, 0, 0, 0, 0, 0, 0, 0, 0, 0, 0, 0, 0, 0, 0, 0, 0, 0, 0, 0, 0, 0, 0, 0
1, 52, 0, 0, 0, 0, 0, 0, 0, 1, 52, 0, 0, 0, 0, 0, 0, 0, 2, 104, 0, 0, 0, 0, 0, 0, 0
0, 0, 0, 0, 0, 0, 0, 0, 0, 0, 0, 0, 0, 0, 0, 0, 0, 0, 0, 0, 0, 0, 0, 0, 0, 0, 0
0, 0, 0, 0, 0, 0, 0, 0, 0, 0, 0, 0, 0, 0, 0, 0, 0, 0, 0, 0, 0, 0, 0, 0, 0, 0, 0
0, 0, 0, 0, 0, 0, 0, 0, 0, 0, 0, 0, 0, 0, 0, 0, 0, 0, 0, 0, 0, 0, 0, 0, 0, 0, 0
0, 0, 0, 0, 0, 0, 0, 0, 0, 0, 0, 0, 0, 0, 0, 0, 0, 0, 0, 0, 0, 0, 0, 0, 0, 0, 0
0, 0, 0, 0, 0, 0, 0, 0, 0, 0, 0, 0, 0, 0, 0, 0, 0, 0, 0, 0, 0, 0, 0, 0, 0, 0, 0
22, 1144, 1, 1356, 1356, 1356, 1356.0, 0.0, 1838736.0, 1, 52, 82, 814271, 1500, 26116, 9930.134146341463, 62598006.67712671, 161205570.84146342, 23, 1196, 83, 815627, 1356, 26116, 9826.831325301206, 62661474.67423324, 159285488.4939759
0, 0, 0, 0, 0, 0, 0, 0, 0, 0, 0, 0, 0, 0, 0, 0, 0, 0, 0, 0, 0, 0, 0, 0, 0, 0, 0
0, 0, 0, 0, 0, 0, 0, 0, 0, 0, 0, 0, 0, 0, 0, 0, 0, 0, 0, 0, 0, 0, 0, 0, 0, 0, 0
0, 0, 0, 0, 0, 0, 0, 0, 0, 0, 0, 0, 0, 0, 0, 0, 0, 0, 0, 0, 0, 0, 0, 0, 0, 0, 0
0, 0, 0, 0, 0, 0, 0, 0, 0, 0, 0, 0, 0, 0, 0, 0, 0, 0, 0, 0, 0, 0, 0, 0, 0, 0, 0
0, 0, 0, 0, 0, 0, 0, 0, 0, 0, 0, 0, 0, 0, 0, 0, 0, 0, 0, 0, 0, 0, 0, 0, 0, 0, 0
0, 0, 1, 200, 200, 200, 200.0, 0.0, 40000.0, 0, 0, 0, 0, 0, 0, 0, 0, 0, 0, 0, 1, 200, 200, 200, 200.0, 0.0, 40000.0
0, 0, 0, 0, 0, 0, 0, 0, 0, 0, 0, 0, 0, 0, 0, 0, 0, 0, 0, 0, 0, 0, 0, 0, 0, 0, 0
0, 0, 0, 0, 0, 0, 0, 0, 0, 0, 0, 0, 0, 0, 0, 0, 0, 0, 0, 0, 0, 0, 0, 0, 0, 0, 0
3, 156, 3, 1730, 195, 1335, 576.6666666666666, 287538.8888888889, 620083.3333333334, 0, 0, 14, 164264, 2948, 17428, 11733.142857142857, 44525804.408163264, 182192445.7142857, 3, 156, 17, 165994, 195, 17428, 9764.35294117647, 51124208.18522372, 150150264.11764705
0, 0, 0, 0, 0, 0, 0, 0, 0, 0, 0, 0, 0, 0, 0, 0, 0, 0, 0, 0, 0, 0, 0, 0, 0, 0, 0
0, 0, 0, 0, 0, 0, 0, 0, 0, 0, 0, 0, 0, 0, 0, 0, 0, 0, 0, 0, 0, 0, 0, 0, 0, 0, 0
5, 252, 5, 1036, 91, 459, 207.2, 18121.760000000002, 61053.6, 3, 156, 4, 387, 83, 122, 96.75, 223.1875, 9583.75, 8, 408, 9, 1423, 83, 459, 158.11111111111111, 9994.639053254436, 38178.11111111111
14, 728, 1, 1356, 1356, 1356, 1356.0, 0.0, 1838736.0, 1, 52, 55, 559445, 1500, 23220, 10171.727272727272, 55708275.72561984, 159172311.43636364, 15, 780, 56, 560801, 1356, 23220, 10014.30357142857, 55900245.25752778, 156362783.30357143
0, 0, 0, 0, 0, 0, 0, 0, 0, 0, 0, 0, 0, 0, 0, 0, 0, 0, 0, 0, 0, 0, 0, 0, 0, 0, 0
0, 0, 2, 395, 195, 200, 197.5, 6.25, 39012.5, 0, 0, 0, 0, 0, 0, 0, 0, 0, 0, 0, 2, 395, 195, 200, 197.5, 6.25, 39012.5
0, 0, 0, 0, 0, 0, 0, 0, 0, 0, 0, 0, 0, 0, 0, 0, 0, 0, 0, 0, 0, 0, 0, 0, 0, 0, 0
3, 156, 1, 195, 195, 195, 195.0, 0.0, 38025.0, 3, 156, 0, 0, 0, 0, 0, 0, 0, 6, 312, 1, 195, 195, 195, 195.0, 0.0, 38025.0
0, 0, 0, 0, 0, 0, 0, 0, 0, 0, 0, 0, 0, 0, 0, 0, 0, 0, 0, 0, 0, 0, 0, 0, 0, 0, 0
0, 0, 0, 0, 0, 0, 0, 0, 0, 0, 0, 0, 0, 0, 0, 0, 0, 0, 0, 0, 0, 0, 0, 0, 0, 0, 0
0, 0, 0, 0, 0, 0, 0, 0, 0, 0, 0, 0, 0, 0, 0, 0, 0, 0, 0, 0, 0, 0, 0, 0, 0, 0, 0
0, 0, 0, 0, 0, 0, 0, 0, 0, 0, 0, 0, 0, 0, 0, 0, 0, 0, 0, 0, 0, 0, 0, 0, 0, 0, 0
0, 0, 0, 0, 0, 0, 0, 0, 0, 0, 0, 0, 0, 0, 0, 0, 0, 0, 0, 0, 0, 0, 0, 0, 0, 0, 0
0, 0, 0, 0, 0, 0, 0, 0, 0, 0, 0, 0, 0, 0, 0, 0, 0, 0, 0, 0, 0, 0, 0, 0, 0, 0, 0
0, 0, 0, 0, 0, 0, 0, 0, 0, 0, 0, 0, 0, 0, 0, 0, 0, 0, 0, 0, 0, 0, 0, 0, 0, 0, 0
0, 0, 0, 0, 0, 0, 0, 0, 0, 0, 0, 0, 0, 0, 0, 0, 0, 0, 0, 0, 0, 0, 0, 0, 0, 0, 0
0, 0, 0, 0, 0, 0, 0, 0, 0, 0, 0, 0, 0, 0, 0, 0, 0, 0, 0, 0, 0, 0, 0, 0, 0, 0, 0
0, 0, 0, 0, 0, 0, 0, 0, 0, 0, 0, 0, 0, 0, 0, 0, 0, 0, 0, 0, 0, 0, 0, 0, 0, 0, 0
0, 0, 0, 0, 0, 0, 0, 0, 0, 0, 0, 0, 0, 0, 0, 0, 0, 0, 0, 0, 0, 0, 0, 0, 0, 0, 0
22, 1144, 2, 1551, 195, 1356, 775.5, 336980.25, 938380.5, 1, 52, 69, 795649, 1500, 26116, 11531.144927536232, 68633481.37030034, 201600784.71014494, 23, 1196, 71, 797200, 195, 26116, 11228.169014084508, 69286835.22137757, 195948322.6197183
0, 0, 0, 0, 0, 0, 0, 0, 0, 0, 0, 0, 0, 0, 0, 0, 0, 0, 0, 0, 0, 0, 0, 0, 0, 0, 0
0, 0, 0, 0, 0, 0, 0, 0, 0, 0, 0, 0, 0, 0, 0, 0, 0, 0, 0, 0, 0, 0, 0, 0, 0, 0, 0
0, 0, 1, 195, 195, 195, 195.0, 0.0, 38025.0, 0, 0, 0, 0, 0, 0, 0, 0, 0, 0, 0, 1, 195, 195, 195, 195.0, 0.0, 38025.0
0, 0, 0, 0, 0, 0, 0, 0, 0, 0, 0, 0, 0, 0, 0, 0, 0, 0, 0, 0, 0, 0, 0, 0, 0, 0, 0
0, 0, 1, 195, 195, 195, 195.0, 0.0, 38025.0, 0, 0, 0, 0, 0, 0, 0, 0, 0, 0, 0, 1, 195, 195, 195, 195.0, 0.0, 38025.0
0, 0, 0, 0, 0, 0, 0, 0, 0, 0, 0, 0, 0, 0, 0, 0, 0, 0, 0, 0, 0, 0, 0, 0, 0, 0, 0
0, 0, 0, 0, 0, 0, 0, 0, 0, 0, 0, 0, 0, 0, 0, 0, 0, 0, 0, 0, 0, 0, 0, 0, 0, 0, 0
0, 0, 1, 195, 195, 195, 195.0, 0.0, 38025.0, 0, 0, 0, 0, 0, 0, 0, 0, 0, 0, 0, 1, 195, 195, 195, 195.0, 0.0, 38025.0
4, 208, 1, 1335, 1335, 1335, 1335.0, 0.0, 1782225.0, 0, 0, 14, 165847, 2948, 20324, 11846.214285714286, 60431687.73979592, 200764480.64285713, 4, 208, 15, 167182, 1335, 20324, 11145.466666666667, 62026311.49346018, 187498996.93333334
0, 0, 0, 0, 0, 0, 0, 0, 0, 0, 0, 0, 0, 0, 0, 0, 0, 0, 0, 0, 0, 0, 0, 0, 0, 0, 0
0, 0, 0, 0, 0, 0, 0, 0, 0, 0, 0, 0, 0, 0, 0, 0, 0, 0, 0, 0, 0, 0, 0, 0, 0, 0, 0
0, 0, 0, 0, 0, 0, 0, 0, 0, 0, 0, 0, 0, 0, 0, 0, 0, 0, 0, 0, 0, 0, 0, 0, 0, 0, 0
0, 0, 0, 0, 0, 0, 0, 0, 0, 0, 0, 0, 0, 0, 0, 0, 0, 0, 0, 0, 0, 0, 0, 0, 0, 0, 0
0, 0, 0, 0, 0, 0, 0, 0, 0, 0, 0, 0, 0, 0, 0, 0, 0, 0, 0, 0, 0, 0, 0, 0, 0, 0, 0
0, 0, 0, 0, 0, 0, 0, 0, 0, 0, 0, 0, 0, 0, 0, 0, 0, 0, 0, 0, 0, 0, 0, 0, 0, 0, 0
17, 884, 1, 1356, 1356, 1356, 1356.0, 0.0, 1838736.0, 1, 52, 69, 686058, 2948, 26116, 9942.869565217392, 56319310.54820416, 155179965.73913044, 18, 936, 70, 687414, 1356, 26116, 9820.2, 56440782.171109155, 152989376.74285713
0, 0, 0, 0, 0, 0, 0, 0, 0, 0, 0, 0, 0, 0, 0, 0, 0, 0, 0, 0, 0, 0, 0, 0, 0, 0, 0
0, 0, 0, 0, 0, 0, 0, 0, 0, 0, 0, 0, 0, 0, 0, 0, 0, 0, 0, 0, 0, 0, 0, 0, 0, 0, 0
4, 208, 3, 907, 91, 725, 302.3333333333333, 89323.55555555555, 180729.0, 3, 156, 4, 389, 83, 124, 97.25, 249.1875, 9706.75, 7, 364, 7, 1296, 83, 725, 185.14285714285714, 32884.51239669422, 83002.0
0, 0, 0, 0, 0, 0, 0, 0, 0, 0, 0, 0, 0, 0, 0, 0, 0, 0, 0, 0, 0, 0, 0, 0, 0, 0, 0
0, 0, 0, 0, 0, 0, 0, 0, 0, 0, 0, 0, 0, 0, 0, 0, 0, 0, 0, 0, 0, 0, 0, 0, 0, 0, 0
0, 0, 0, 0, 0, 0, 0, 0, 0, 0, 0, 0, 0, 0, 0, 0, 0, 0, 0, 0, 0, 0, 0, 0, 0, 0, 0
0, 0, 0, 0, 0, 0, 0, 0, 0, 0, 0, 0, 0, 0, 0, 0, 0, 0, 0, 0, 0, 0, 0, 0, 0, 0, 0
0, 0, 0, 0, 0, 0, 0, 0, 0, 0, 0, 0, 0, 0, 0, 0, 0, 0, 0, 0, 0, 0, 0, 0, 0, 0, 0
0, 0, 0, 0, 0, 0, 0, 0, 0, 0, 0, 0, 0, 0, 0, 0, 0, 0, 0, 0, 0, 0, 0, 0, 0, 0, 0
0, 0, 0, 0, 0, 0, 0, 0, 0, 0, 0, 0, 0, 0, 0, 0, 0, 0, 0, 0, 0, 0, 0, 0, 0, 0, 0
0, 0, 0, 0, 0, 0, 0, 0, 0, 0, 0, 0, 0, 0, 0, 0, 0, 0, 0, 0, 0, 0, 0, 0, 0, 0, 0
1, 44, 0, 0, 0, 0, 0, 0, 0, 0, 0, 0, 0, 0, 0, 0, 0, 0, 1, 44, 0, 0, 0, 0, 0, 0, 0
0, 0, 0, 0, 0, 0, 0, 0, 0, 0, 0, 0, 0, 0, 0, 0, 0, 0, 0, 0, 0, 0, 0, 0, 0, 0, 0
24, 1248, 1, 1356, 1356, 1356, 1356.0, 0.0, 1838736.0, 1, 52, 68, 800612, 2948, 27564, 11773.70588235294, 65355587.91349478, 203975738.11764705, 25, 1300, 69, 801968, 1356, 27564, 11622.72463768116, 65664937.02594704, 201046216.3478261
0, 0, 0, 0, 0, 0, 0, 0, 0, 0, 0, 0, 0, 0, 0, 0, 0, 0, 0, 0, 0, 0, 0, 0, 0, 0, 0
0, 0, 0, 0, 0, 0, 0, 0, 0, 0, 0, 0, 0, 0, 0, 0, 0, 0, 0, 0, 0, 0, 0, 0, 0, 0, 0
0, 0, 0, 0, 0, 0, 0, 0, 0, 0, 0, 0, 0, 0, 0, 0, 0, 0, 0, 0, 0, 0, 0, 0, 0, 0, 0
0, 0, 0, 0, 0, 0, 0, 0, 0, 0, 0, 0, 0, 0, 0, 0, 0, 0, 0, 0, 0, 0, 0, 0, 0, 0, 0
0, 0, 0, 0, 0, 0, 0, 0, 0, 0, 0, 0, 0, 0, 0, 0, 0, 0, 0, 0, 0, 0, 0, 0, 0, 0, 0
0, 0, 0, 0, 0, 0, 0, 0, 0, 0, 0, 0, 0, 0, 0, 0, 0, 0, 0, 0, 0, 0, 0, 0, 0, 0, 0
4, 208, 1, 1335, 1335, 1335, 1335.0, 0.0, 1782225.0, 0, 0, 17, 167626, 2948, 26116, 9860.35294117647, 74636877.28719723, 171863437.4117647, 4, 208, 18, 168961, 1335, 26116, 9386.722222222223, 74521681.49061224, 162414481.16666666
0, 0, 0, 0, 0, 0, 0, 0, 0, 0, 0, 0, 0, 0, 0, 0, 0, 0, 0, 0, 0, 0, 0, 0, 0, 0, 0
0, 0, 0, 0, 0, 0, 0, 0, 0, 0, 0, 0, 0, 0, 0, 0, 0, 0, 0, 0, 0, 0, 0, 0, 0, 0, 0
0, 0, 0, 0, 0, 0, 0, 0, 0, 0, 0, 0, 0, 0, 0, 0, 0, 0, 0, 0, 0, 0, 0, 0, 0, 0, 0
0, 0, 0, 0, 0, 0, 0, 0, 0, 0, 0, 0, 0, 0, 0, 0, 0, 0, 0, 0, 0, 0, 0, 0, 0, 0, 0
0, 0, 0, 0, 0, 0, 0, 0, 0, 0, 0, 0, 0, 0, 0, 0, 0, 0, 0, 0, 0, 0, 0, 0, 0, 0, 0
28, 1456, 1, 1356, 1356, 1356, 1356.0, 0.0, 1838736.0, 1, 52, 77, 818087, 2948, 23220, 10624.506493506493, 48926056.27593187, 161806194.5064935, 29, 1508, 78, 819443, 1356, 23220, 10505.679487179486, 49161055.8189386, 159755329.65384614
0, 0, 0, 0, 0, 0, 0, 0, 0, 0, 0, 0, 0, 0, 0, 0, 0, 0, 0, 0, 0, 0, 0, 0, 0, 0, 0
0, 0, 0, 0, 0, 0, 0, 0, 0, 0, 0, 0, 0, 0, 0, 0, 0, 0, 0, 0, 0, 0, 0, 0, 0, 0, 0
0, 0, 1, 195, 195, 195, 195.0, 0.0, 38025.0, 0, 0, 0, 0, 0, 0, 0, 0, 0, 0, 0, 1, 195, 195, 195, 195.0, 0.0, 38025.0
0, 0, 0, 0, 0, 0, 0, 0, 0, 0, 0, 0, 0, 0, 0, 0, 0, 0, 0, 0, 0, 0, 0, 0, 0, 0, 0
0, 0, 0, 0, 0, 0, 0, 0, 0, 0, 0, 0, 0, 0, 0, 0, 0, 0, 0, 0, 0, 0, 0, 0, 0, 0, 0
0, 0, 1, 195, 195, 195, 195.0, 0.0, 38025.0, 0, 0, 0, 0, 0, 0, 0, 0, 0, 0, 0, 1, 195, 195, 195, 195.0, 0.0, 38025.0
0, 0, 0, 0, 0, 0, 0, 0, 0, 0, 0, 0, 0, 0, 0, 0, 0, 0, 0, 0, 0, 0, 0, 0, 0, 0, 0
0, 0, 0, 0, 0, 0, 0, 0, 0, 0, 0, 0, 0, 0, 0, 0, 0, 0, 0, 0, 0, 0, 0, 0, 0, 0, 0
0, 0, 1, 195, 195, 195, 195.0, 0.0, 38025.0, 0, 0, 0, 0, 0, 0, 0, 0, 0, 0, 0, 1, 195, 195, 195, 195.0, 0.0, 38025.0
0, 0, 0, 0, 0, 0, 0, 0, 0, 0, 0, 0, 0, 0, 0, 0, 0, 0, 0, 0, 0, 0, 0, 0, 0, 0, 0
0, 0, 1, 195, 195, 195, 195.0, 0.0, 38025.0, 0, 0, 0, 0, 0, 0, 0, 0, 0, 0, 0, 1, 195, 195, 195, 195.0, 0.0, 38025.0
0, 0, 0, 0, 0, 0, 0, 0, 0, 0, 0, 0, 0, 0, 0, 0, 0, 0, 0, 0, 0, 0, 0, 0, 0, 0, 0
