addr1_packet_ctrl, addr1_bytes_ctrl, addr1_packet, addr1_bytes, addr1_pkt_len_min, addr1_pkt_len_max, addr1_pkt_len_avg,addr1_pkt_len_var, addr1_pkt_len_mom2, addr2_packet_ctrl, addr2_bytes_ctrl, addr2_packet, addr2_bytes, addr2_pkt_len_min, addr2_pkt_len_max, addr2_pkt_len_avg,addr2_pkt_len_var, addr2_pkt_len_mom2, addra_packet_ctrl, addra_bytes_ctrl, addra_packet, addra_bytes, addra_pkt_len_min, addra_pkt_len_max, addra_pkt_len_avg,addra_pkt_len_var, addra_pkt_len_mom2 
4, 208, 2, 2032, 900, 1132, 1016.0, 13456.0, 1045712.0, 3, 156, 3, 1132, 108, 700, 377.3333333333333, 59832.8888888889, 202213.33333333334, 7, 364, 5, 3164, 108, 1132, 632.8, 124719.0, 539612.8
5, 260, 0, 0, 0, 0, 0, 0, 0, 6, 312, 4, 392, 68, 108, 98.0, 300.0, 9904.0, 11, 572, 4, 392, 68, 108, 98.0, 300.0, 9904.0
2, 104, 1, 104, 104, 104, 104.0, 0.0, 10816.0, 4, 208, 2, 212, 104, 108, 106.0, 4.0, 11240.0, 6, 312, 3, 316, 104, 108, 105.33333333333333, 3.84, 11098.666666666666
0, 0, 1, 104, 104, 104, 104.0, 0.0, 10816.0, 0, 0, 1, 136, 136, 136, 136.0, 0.0, 18496.0, 0, 0, 2, 240, 104, 136, 120.0, 227.55555555555557, 14656.0
1, 52, 0, 0, 0, 0, 0, 0, 0, 1, 52, 1, 136, 136, 136, 136.0, 0.0, 18496.0, 2, 104, 1, 136, 136, 136, 136.0, 0.0, 18496.0
0, 0, 0, 0, 0, 0, 0, 0, 0, 1, 52, 0, 0, 0, 0, 0, 0, 0, 1, 52, 0, 0, 0, 0, 0, 0, 0
0, 0, 0, 0, 0, 0, 0, 0, 0, 0, 0, 0, 0, 0, 0, 0, 0, 0, 0, 0, 0, 0, 0, 0, 0, 0, 0
0, 0, 0, 0, 0, 0, 0, 0, 0, 0, 0, 0, 0, 0, 0, 0, 0, 0, 0, 0, 0, 0, 0, 0, 0, 0, 0
0, 0, 0, 0, 0, 0, 0, 0, 0, 0, 0, 0, 0, 0, 0, 0, 0, 0, 0, 0, 0, 0, 0, 0, 0, 0, 0
0, 0, 0, 0, 0, 0, 0, 0, 0, 0, 0, 0, 0, 0, 0, 0, 0, 0, 0, 0, 0, 0, 0, 0, 0, 0, 0
1, 44, 0, 0, 0, 0, 0, 0, 0, 1, 40, 0, 0, 0, 0, 0, 0, 0, 2, 84, 0, 0, 0, 0, 0, 0, 0
0, 0, 0, 0, 0, 0, 0, 0, 0, 0, 0, 1, 72, 72, 72, 72.0, 0.0, 5184.0, 0, 0, 1, 72, 72, 72, 72.0, 0.0, 5184.0
0, 0, 0, 0, 0, 0, 0, 0, 0, 0, 0, 0, 0, 0, 0, 0, 0, 0, 0, 0, 0, 0, 0, 0, 0, 0, 0
1, 44, 0, 0, 0, 0, 0, 0, 0, 0, 0, 0, 0, 0, 0, 0, 0, 0, 1, 44, 0, 0, 0, 0, 0, 0, 0
0, 0, 0, 0, 0, 0, 0, 0, 0, 0, 0, 1, 72, 72, 72, 72.0, 0.0, 5184.0, 0, 0, 1, 72, 72, 72, 72.0, 0.0, 5184.0
0, 0, 0, 0, 0, 0, 0, 0, 0, 0, 0, 0, 0, 0, 0, 0, 0, 0, 0, 0, 0, 0, 0, 0, 0, 0, 0
0, 0, 0, 0, 0, 0, 0, 0, 0, 0, 0, 0, 0, 0, 0, 0, 0, 0, 0, 0, 0, 0, 0, 0, 0, 0, 0
0, 0, 0, 0, 0, 0, 0, 0, 0, 0, 0, 0, 0, 0, 0, 0, 0, 0, 0, 0, 0, 0, 0, 0, 0, 0, 0
2, 104, 0, 0, 0, 0, 0, 0, 0, 2, 104, 1, 76, 76, 76, 76.0, 0.0, 5776.0, 4, 208, 1, 76, 76, 76, 76.0, 0.0, 5776.0
1, 44, 0, 0, 0, 0, 0, 0, 0, 0, 0, 0, 0, 0, 0, 0, 0, 0, 1, 44, 0, 0, 0, 0, 0, 0, 0
24, 1224, 12, 4164, 72, 1612, 347.0, 195935.0, 316344.0, 10, 544, 14, 3651, 72, 707, 260.7857142857143, 38139.311224489786, 106148.5, 34, 1768, 26, 7815, 72, 1612, 300.5769230769231, 87038.92749999999, 203161.8076923077
17, 916, 17, 4157, 78, 651, 244.52941176470588, 43097.54325259516, 102892.17647058824, 12, 648, 19, 13988, 83, 3190, 736.2105263157895, 652819.5346260386, 1194825.4736842106, 29, 1564, 36, 18145, 78, 3190, 504.02777777777777, 515986.68958677695, 679190.3055555555
48, 2528, 56, 19662, 72, 2155, 351.10714285714283, 146872.52423469388, 270148.75, 36, 1912, 74, 63287, 83, 16708, 855.2297297297297, 5034283.852629657, 5765701.743243244, 84, 4440, 130, 82949, 72, 16708, 638.0692307692308, 3743254.485198001, 3398386.607692308
36, 1904, 32, 9355, 74, 901, 292.34375, 69465.9130859375, 154930.78125, 21, 1116, 48, 13114, 83, 1274, 273.2083333333333, 83624.99826388889, 158267.79166666666, 57, 3020, 80, 22469, 74, 1274, 280.8625, 80153.88275146484, 156932.9875
49, 2596, 31, 10435, 73, 791, 336.61290322580646, 62860.75338189386, 176169.0, 29, 1556, 60, 194010, 83, 15742, 3233.5, 19245942.683333334, 29701464.933333334, 78, 4152, 91, 204445, 73, 15742, 2246.6483516483518, 16676847.710889874, 19643397.087912086
452, 23648, 17, 13485, 103, 1816, 793.2352941176471, 213434.65051903113, 842656.8823529412, 5, 268, 1060, 6002831, 103, 26116, 5663.048113207547, 38431623.153345495, 70501737.08584906, 457, 23916, 1077, 6016316, 103, 26116, 5586.180129990715, 38314749.01346752, 69402197.28690808
8, 448, 7, 3932, 79, 1224, 561.7142857142857, 133840.20408163263, 449363.14285714284, 3, 164, 5, 1454, 133, 535, 290.8, 21537.759999999995, 106102.4, 11, 612, 12, 5386, 79, 1224, 448.8333333333333, 85557.16955017303, 306337.8333333333
234, 12176, 11, 6768, 178, 1565, 615.2727272727273, 103425.10743801654, 481985.63636363635, 6, 344, 608, 2998460, 87, 21772, 4931.6776315789475, 30030620.843447026, 54352065.10526316, 240, 12520, 619, 3005228, 87, 21772, 4854.97253634895, 29927856.694840156, 53394761.59289176
92, 4784, 9, 6608, 93, 1967, 734.2222222222222, 433820.61728395056, 972902.8888888889, 4, 208, 376, 1488229, 75, 20324, 3958.05585106383, 21542006.13251896, 37208212.252659574, 96, 4992, 385, 1494837, 75, 20324, 3882.6935064935064, 21413830.086949017, 36361153.07272727
11, 572, 4, 2772, 577, 900, 693.0, 17596.5, 497845.5, 3, 156, 24, 134488, 103, 16465, 5603.666666666667, 24557214.888888884, 55958295.0, 14, 728, 28, 137260, 103, 16465, 4902.142857142857, 24381834.571005914, 48035373.64285714
6, 304, 6, 3021, 91, 1254, 503.5, 144364.91666666666, 397877.1666666667, 3, 156, 8, 1358, 68, 346, 169.75, 9863.9375, 38679.0, 9, 460, 14, 4379, 68, 1254, 312.7857142857143, 68639.72107438016, 192621.07142857142
229, 11908, 9, 2800, 87, 574, 311.1111111111111, 46155.20987654321, 142945.33333333334, 6, 312, 672, 4158850, 83, 23220, 6188.764880952381, 35810921.74829046, 74111732.5, 235, 12220, 681, 4161650, 83, 23220, 6111.086637298091, 35801291.45479128, 73134171.43612334
14, 728, 8, 4555, 91, 1231, 569.375, 114618.984375, 438806.875, 1, 52, 35, 200889, 83, 17428, 5739.685714285714, 35470358.90122449, 68414351.0, 15, 780, 43, 205444, 83, 17428, 4777.767441860465, 34304678.67537804, 55767738.13953488
1, 52, 0, 0, 0, 0, 0, 0, 0, 1, 52, 1, 136, 136, 136, 136.0, 0.0, 18496.0, 2, 104, 1, 136, 136, 136, 136.0, 0.0, 18496.0
20, 1040, 1, 574, 574, 574, 574.0, 0.0, 329476.0, 2, 104, 81, 395666, 1500, 18683, 4884.765432098766, 23886766.1795458, 47747699.506172836, 22, 1144, 82, 396240, 574, 18683, 4832.195121951219, 23853526.47491437, 47169428.487804875
141, 7332, 5, 3556, 576, 1252, 711.2, 73116.16, 578921.6, 4, 208, 327, 1242263, 228, 23220, 3798.9694189602446, 18030460.457780395, 32462629.103975534, 145, 7540, 332, 1245819, 228, 23220, 3752.4668674698796, 17966003.981187295, 31982452.786144577
729, 37908, 7, 4779, 573, 1225, 682.7142857142857, 50517.34693877551, 516616.14285714284, 1, 52, 2089, 4438589, 222, 20324, 2124.743417903303, 6666263.532059355, 11180798.123982767, 730, 37960, 2096, 4443368, 222, 20324, 2119.9274809160306, 6658670.118833462, 11145183.01240458
472, 24544, 3, 1722, 573, 576, 574.0, 2.0, 329478.0, 2, 104, 1466, 2724860, 231, 19711, 1858.7039563437927, 2857433.275250378, 6312213.672578445, 474, 24648, 1469, 2726582, 231, 19711, 1856.0803267528931, 2856197.853748423, 6299995.696392103
17, 884, 8, 5783, 576, 1222, 722.875, 37970.359375, 560518.625, 0, 0, 56, 136057, 87, 12393, 2429.589285714286, 6995414.813456633, 12898318.910714285, 17, 884, 64, 141840, 87, 12393, 2216.25, 6712830.654930553, 11356093.875
3, 156, 1, 843, 843, 843, 843.0, 0.0, 710649.0, 0, 0, 3, 903, 301, 301, 301.0, 0.0, 90601.0, 3, 156, 4, 1746, 301, 843, 436.5, 35971.102040816324, 245613.0
71, 3692, 2, 1146, 573, 573, 573.0, 0.0, 328329.0, 0, 0, 372, 1086976, 294, 20566, 2921.978494623656, 12758978.015666552, 21296936.33870968, 71, 3692, 374, 1088122, 294, 20566, 2909.4171122994653, 12739524.742720785, 21184804.7486631
326, 16952, 3, 1722, 573, 576, 574.0, 2.0, 329478.0, 3, 156, 983, 3943619, 102, 20324, 4011.81993896236, 18493138.180192467, 34587837.40284842, 329, 17108, 986, 3945341, 102, 20324, 4001.3600405679513, 18482941.323008407, 34483603.04361055
0, 0, 0, 0, 0, 0, 0, 0, 0, 0, 0, 0, 0, 0, 0, 0, 0, 0, 0, 0, 0, 0, 0, 0, 0, 0, 0
0, 0, 0, 0, 0, 0, 0, 0, 0, 0, 0, 0, 0, 0, 0, 0, 0, 0, 0, 0, 0, 0, 0, 0, 0, 0, 0
44, 2288, 13, 5180, 87, 1251, 398.46153846153845, 98308.86390532543, 257080.46153846153, 9, 468, 420, 1121416, 83, 18876, 2670.038095238095, 12055193.208072562, 19184296.638095237, 53, 2756, 433, 1126596, 83, 18876, 2601.838337182448, 11950408.860008601, 18616043.034642033
110, 5720, 4, 1676, 91, 574, 419.0, 38989.5, 214550.5, 2, 104, 335, 3228252, 83, 23220, 9636.573134328359, 50303371.62972601, 143166913.40298507, 112, 5824, 339, 3229928, 83, 23220, 9527.811209439527, 50506309.534881875, 141480159.85840708
0, 0, 0, 0, 0, 0, 0, 0, 0, 0, 0, 0, 0, 0, 0, 0, 0, 0, 0, 0, 0, 0, 0, 0, 0, 0, 0
3, 156, 2, 1154, 577, 577, 577.0, 0.0, 332929.0, 0, 0, 9, 66222, 2340, 20324, 7358.0, 44097994.88888889, 98238158.8888889, 3, 156, 11, 67376, 577, 20324, 6125.090909090909, 43826571.89, 80437208.0
205, 10624, 3, 1725, 574, 577, 575.0, 2.0, 330627.0, 8, 416, 449, 2810722, 76, 23220, 6259.95991091314, 28749772.96053095, 67936871.0467706, 213, 11040, 452, 2812447, 76, 23220, 6222.227876106194, 28761298.11668131, 67488157.03761062
106, 5512, 1, 574, 574, 574, 574.0, 0.0, 329476.0, 1, 52, 463, 1381899, 1277, 20324, 2984.6630669546435, 14914131.73528822, 23822345.35853132, 107, 5564, 464, 1382473, 574, 20324, 2979.467672413793, 14904305.301371187, 23771714.174568966
0, 0, 0, 0, 0, 0, 0, 0, 0, 0, 0, 0, 0, 0, 0, 0, 0, 0, 0, 0, 0, 0, 0, 0, 0, 0, 0
9, 468, 2, 1154, 577, 577, 577.0, 0.0, 332929.0, 2, 104, 23, 133334, 226, 18597, 5797.130434782609, 24434579.243856337, 58041300.52173913, 11, 572, 25, 134488, 226, 18597, 5379.52, 24504569.901041668, 53424630.8
0, 0, 0, 0, 0, 0, 0, 0, 0, 0, 0, 0, 0, 0, 0, 0, 0, 0, 0, 0, 0, 0, 0, 0, 0, 0, 0
72, 3736, 1, 574, 574, 574, 574.0, 0.0, 329476.0, 1, 52, 156, 1175478, 809, 20566, 7535.115384615385, 26354353.191814598, 83132317.05128205, 73, 3788, 157, 1176052, 574, 20566, 7490.777070063694, 26424474.466902796, 82604910.42038217
0, 0, 0, 0, 0, 0, 0, 0, 0, 0, 0, 1, 72, 72, 72, 72.0, 0.0, 5184.0, 0, 0, 1, 72, 72, 72, 72.0, 0.0, 5184.0
0, 0, 0, 0, 0, 0, 0, 0, 0, 0, 0, 0, 0, 0, 0, 0, 0, 0, 0, 0, 0, 0, 0, 0, 0, 0, 0
1, 60, 0, 0, 0, 0, 0, 0, 0, 1, 60, 0, 0, 0, 0, 0, 0, 0, 2, 120, 0, 0, 0, 0, 0, 0, 0
1, 52, 1, 93, 93, 93, 93.0, 0.0, 8649.0, 1, 52, 1, 75, 75, 75, 75.0, 0.0, 5625.0, 2, 104, 2, 168, 75, 93, 84.0, 72.0, 7137.0
1, 52, 1, 1132, 1132, 1132, 1132.0, 0.0, 1281424.0, 1, 52, 1, 700, 700, 700, 700.0, 0.0, 490000.0, 2, 104, 2, 1832, 700, 1132, 916.0, 41472.0, 885712.0
1, 52, 1, 900, 900, 900, 900.0, 0.0, 810000.0, 2, 104, 2, 392, 68, 324, 196.0, 16384.0, 54800.0, 3, 156, 3, 1292, 68, 900, 430.6666666666667, 92405.76000000001, 306533.3333333333
2, 104, 1, 104, 104, 104, 104.0, 0.0, 10816.0, 0, 0, 1, 104, 104, 104, 104.0, 0.0, 10816.0, 2, 104, 2, 208, 104, 104, 104.0, 0.0, 10816.0
7, 364, 2, 681, 104, 577, 340.5, 55932.25, 171872.5, 3, 156, 16, 66820, 83, 16494, 4176.25, 21124046.0625, 38565110.125, 10, 520, 18, 67501, 83, 16494, 3750.0555555555557, 20699304.589100342, 34299194.833333336
68, 3512, 1, 574, 574, 574, 574.0, 0.0, 329476.0, 2, 104, 170, 907597, 83, 20324, 5338.805882352941, 31220918.732906576, 59723766.98235294, 70, 3616, 171, 908171, 83, 20324, 5310.941520467836, 31195745.353290737, 59376431.94736842
0, 0, 0, 0, 0, 0, 0, 0, 0, 1, 52, 0, 0, 0, 0, 0, 0, 0, 1, 52, 0, 0, 0, 0, 0, 0, 0
0, 0, 0, 0, 0, 0, 0, 0, 0, 0, 0, 0, 0, 0, 0, 0, 0, 0, 0, 0, 0, 0, 0, 0, 0, 0, 0
0, 0, 0, 0, 0, 0, 0, 0, 0, 0, 0, 0, 0, 0, 0, 0, 0, 0, 0, 0, 0, 0, 0, 0, 0, 0, 0
0, 0, 0, 0, 0, 0, 0, 0, 0, 0, 0, 0, 0, 0, 0, 0, 0, 0, 0, 0, 0, 0, 0, 0, 0, 0, 0
0, 0, 0, 0, 0, 0, 0, 0, 0, 0, 0, 0, 0, 0, 0, 0, 0, 0, 0, 0, 0, 0, 0, 0, 0, 0, 0
0, 0, 0, 0, 0, 0, 0, 0, 0, 0, 0, 0, 0, 0, 0, 0, 0, 0, 0, 0, 0, 0, 0, 0, 0, 0, 0
0, 0, 0, 0, 0, 0, 0, 0, 0, 0, 0, 0, 0, 0, 0, 0, 0, 0, 0, 0, 0, 0, 0, 0, 0, 0, 0
0, 0, 0, 0, 0, 0, 0, 0, 0, 0, 0, 0, 0, 0, 0, 0, 0, 0, 0, 0, 0, 0, 0, 0, 0, 0, 0
1, 52, 0, 0, 0, 0, 0, 0, 0, 0, 0, 1, 83, 83, 83, 83.0, 0.0, 6889.0, 1, 52, 1, 83, 83, 83, 83.0, 0.0, 6889.0
8, 416, 1, 577, 577, 577, 577.0, 0.0, 332929.0, 0, 0, 34, 68035, 1222, 8740, 2001.0294117647059, 1692938.793252595, 5697057.5, 8, 416, 35, 68612, 577, 8740, 1960.3428571428572, 1697366.7889098935, 5543796.685714286
62, 3224, 1, 574, 574, 574, 574.0, 0.0, 329476.0, 0, 0, 148, 903311, 1500, 20324, 6103.4527027027025, 32182249.680195395, 69434384.57432432, 62, 3224, 149, 903885, 574, 20324, 6066.342281879195, 32176490.932376515, 68970593.24161074
0, 0, 1, 157, 157, 157, 157.0, 0.0, 24649.0, 0, 0, 0, 0, 0, 0, 0, 0, 0, 0, 0, 1, 157, 157, 157, 157.0, 0.0, 24649.0
0, 0, 0, 0, 0, 0, 0, 0, 0, 0, 0, 0, 0, 0, 0, 0, 0, 0, 0, 0, 0, 0, 0, 0, 0, 0, 0
0, 0, 0, 0, 0, 0, 0, 0, 0, 0, 0, 0, 0, 0, 0, 0, 0, 0, 0, 0, 0, 0, 0, 0, 0, 0, 0
0, 0, 1, 157, 157, 157, 157.0, 0.0, 24649.0, 0, 0, 0, 0, 0, 0, 0, 0, 0, 0, 0, 1, 157, 157, 157, 157.0, 0.0, 24649.0
0, 0, 0, 0, 0, 0, 0, 0, 0, 0, 0, 0, 0, 0, 0, 0, 0, 0, 0, 0, 0, 0, 0, 0, 0, 0, 0
2, 104, 2, 729, 91, 638, 364.5, 74802.25, 207662.5, 1, 52, 2, 422, 91, 331, 211.0, 14400.0, 58921.0, 3, 156, 4, 1151, 91, 638, 287.75, 39770.13888888889, 133291.75
1, 60, 1, 172, 172, 172, 172.0, 0.0, 29584.0, 0, 0, 0, 0, 0, 0, 0, 0, 0, 1, 60, 1, 172, 172, 172, 172.0, 0.0, 29584.0
2, 112, 1, 569, 569, 569, 569.0, 0.0, 323761.0, 1, 60, 0, 0, 0, 0, 0, 0, 0, 3, 172, 1, 569, 569, 569, 569.0, 0.0, 323761.0
2, 104, 4, 1631, 103, 787, 407.75, 79570.6875, 245830.75, 1, 60, 1, 189, 189, 189, 189.0, 0.0, 35721.0, 3, 164, 5, 1820, 103, 787, 364.0, 63680.805555555555, 203808.8
2, 104, 2, 680, 103, 577, 340.0, 56169.0, 171769.0, 1, 52, 2, 490, 189, 301, 245.0, 3136.0, 63161.0, 3, 156, 4, 1170, 103, 577, 292.5, 22819.22222222222, 117465.0
88, 4576, 1, 574, 574, 574, 574.0, 0.0, 329476.0, 1, 52, 206, 1154674, 226, 18926, 5605.21359223301, 23794326.216514282, 55212745.63106796, 89, 4628, 207, 1155248, 226, 18926, 5580.908212560386, 23797855.255667794, 54947609.062801935
1, 60, 0, 0, 0, 0, 0, 0, 0, 1, 60, 0, 0, 0, 0, 0, 0, 0, 2, 120, 0, 0, 0, 0, 0, 0, 0
1, 52, 1, 93, 93, 93, 93.0, 0.0, 8649.0, 1, 52, 1, 75, 75, 75, 75.0, 0.0, 5625.0, 2, 104, 2, 168, 75, 93, 84.0, 72.0, 7137.0
2, 104, 2, 2032, 900, 1132, 1016.0, 13456.0, 1045712.0, 2, 104, 2, 1024, 324, 700, 512.0, 35344.0, 297488.0, 4, 208, 4, 3056, 324, 1132, 764.0, 84496.0, 671600.0
1, 52, 0, 0, 0, 0, 0, 0, 0, 1, 52, 1, 68, 68, 68, 68.0, 0.0, 4624.0, 2, 104, 1, 68, 68, 68, 68.0, 0.0, 4624.0
1, 52, 1, 104, 104, 104, 104.0, 0.0, 10816.0, 0, 0, 1, 104, 104, 104, 104.0, 0.0, 10816.0, 1, 52, 2, 208, 104, 104, 104.0, 0.0, 10816.0
0, 0, 1, 104, 104, 104, 104.0, 0.0, 10816.0, 0, 0, 1, 136, 136, 136, 136.0, 0.0, 18496.0, 0, 0, 2, 240, 104, 136, 120.0, 227.55555555555557, 14656.0
1, 52, 0, 0, 0, 0, 0, 0, 0, 1, 52, 1, 136, 136, 136, 136.0, 0.0, 18496.0, 2, 104, 1, 136, 136, 136, 136.0, 0.0, 18496.0
1, 52, 0, 0, 0, 0, 0, 0, 0, 2, 104, 0, 0, 0, 0, 0, 0, 0, 3, 156, 0, 0, 0, 0, 0, 0, 0
0, 0, 0, 0, 0, 0, 0, 0, 0, 0, 0, 0, 0, 0, 0, 0, 0, 0, 0, 0, 0, 0, 0, 0, 0, 0, 0
69, 3588, 1, 574, 574, 574, 574.0, 0.0, 329476.0, 0, 0, 205, 1228662, 180, 21772, 5993.473170731707, 38642290.67854848, 74564011.32682927, 69, 3588, 206, 1229236, 180, 21772, 5967.165048543689, 38619558.165746115, 74203649.50485437
2, 104, 2, 745, 168, 577, 372.5, 41820.25, 180576.5, 0, 0, 13, 66547, 1500, 16494, 5119.0, 25294334.0, 51498495.0, 2, 104, 15, 67292, 168, 16494, 4486.133333333333, 24984870.82015306, 44656105.86666667
0, 0, 0, 0, 0, 0, 0, 0, 0, 0, 0, 0, 0, 0, 0, 0, 0, 0, 0, 0, 0, 0, 0, 0, 0, 0, 0
0, 0, 0, 0, 0, 0, 0, 0, 0, 0, 0, 0, 0, 0, 0, 0, 0, 0, 0, 0, 0, 0, 0, 0, 0, 0, 0
2, 96, 0, 0, 0, 0, 0, 0, 0, 1, 52, 0, 0, 0, 0, 0, 0, 0, 3, 148, 0, 0, 0, 0, 0, 0, 0
0, 0, 0, 0, 0, 0, 0, 0, 0, 0, 0, 0, 0, 0, 0, 0, 0, 0, 0, 0, 0, 0, 0, 0, 0, 0, 0
0, 0, 0, 0, 0, 0, 0, 0, 0, 0, 0, 0, 0, 0, 0, 0, 0, 0, 0, 0, 0, 0, 0, 0, 0, 0, 0
0, 0, 0, 0, 0, 0, 0, 0, 0, 0, 0, 0, 0, 0, 0, 0, 0, 0, 0, 0, 0, 0, 0, 0, 0, 0, 0
0, 0, 0, 0, 0, 0, 0, 0, 0, 0, 0, 0, 0, 0, 0, 0, 0, 0, 0, 0, 0, 0, 0, 0, 0, 0, 0
0, 0, 0, 0, 0, 0, 0, 0, 0, 0, 0, 0, 0, 0, 0, 0, 0, 0, 0, 0, 0, 0, 0, 0, 0, 0, 0
0, 0, 0, 0, 0, 0, 0, 0, 0, 0, 0, 0, 0, 0, 0, 0, 0, 0, 0, 0, 0, 0, 0, 0, 0, 0, 0
2, 104, 0, 0, 0, 0, 0, 0, 0, 1, 52, 1, 83, 83, 83, 83.0, 0.0, 6889.0, 3, 156, 1, 83, 83, 83, 83.0, 0.0, 6889.0
183, 9516, 2, 1151, 574, 577, 575.5, 2.25, 331202.5, 0, 0, 725, 1457535, 83, 17428, 2010.393103448276, 3969767.7585731274, 8011448.188965517, 183, 9516, 727, 1458686, 83, 17428, 2006.445667125172, 3967131.831209826, 7990319.5900962865
0, 0, 0, 0, 0, 0, 0, 0, 0, 1, 52, 0, 0, 0, 0, 0, 0, 0, 1, 52, 0, 0, 0, 0, 0, 0, 0
0, 0, 0, 0, 0, 0, 0, 0, 0, 0, 0, 0, 0, 0, 0, 0, 0, 0, 0, 0, 0, 0, 0, 0, 0, 0, 0
1, 52, 0, 0, 0, 0, 0, 0, 0, 1, 52, 0, 0, 0, 0, 0, 0, 0, 2, 104, 0, 0, 0, 0, 0, 0, 0
0, 0, 0, 0, 0, 0, 0, 0, 0, 0, 0, 0, 0, 0, 0, 0, 0, 0, 0, 0, 0, 0, 0, 0, 0, 0, 0
0, 0, 0, 0, 0, 0, 0, 0, 0, 0, 0, 0, 0, 0, 0, 0, 0, 0, 0, 0, 0, 0, 0, 0, 0, 0, 0
0, 0, 0, 0, 0, 0, 0, 0, 0, 0, 0, 0, 0, 0, 0, 0, 0, 0, 0, 0, 0, 0, 0, 0, 0, 0, 0
0, 0, 0, 0, 0, 0, 0, 0, 0, 0, 0, 0, 0, 0, 0, 0, 0, 0, 0, 0, 0, 0, 0, 0, 0, 0, 0
2, 112, 1, 93, 93, 93, 93.0, 0.0, 8649.0, 2, 112, 1, 75, 75, 75, 75.0, 0.0, 5625.0, 4, 224, 2, 168, 75, 93, 84.0, 72.0, 7137.0
1, 52, 1, 1132, 1132, 1132, 1132.0, 0.0, 1281424.0, 1, 52, 1, 700, 700, 700, 700.0, 0.0, 490000.0, 2, 104, 2, 1832, 700, 1132, 916.0, 41472.0, 885712.0
1, 52, 1, 900, 900, 900, 900.0, 0.0, 810000.0, 0, 0, 1, 324, 324, 324, 324.0, 0.0, 104976.0, 1, 52, 2, 1224, 324, 900, 612.0, 73728.0, 457488.0
339, 17628, 2, 1151, 574, 577, 575.5, 2.25, 331202.5, 0, 0, 947, 1498531, 68, 21772, 1582.3980992608238, 600041.5109995551, 3104025.2555438224, 339, 17628, 949, 1499682, 68, 21772, 1580.2760800842993, 600476.8855415686, 3098181.5827186513
1, 52, 1, 104, 104, 104, 104.0, 0.0, 10816.0, 0, 0, 1, 104, 104, 104, 104.0, 0.0, 10816.0, 1, 52, 2, 208, 104, 104, 104.0, 0.0, 10816.0
1, 52, 1, 104, 104, 104, 104.0, 0.0, 10816.0, 1, 52, 2, 288, 136, 152, 144.0, 64.0, 20800.0, 2, 104, 3, 392, 104, 152, 130.66666666666666, 307.2, 17472.0
0, 0, 0, 0, 0, 0, 0, 0, 0, 1, 52, 0, 0, 0, 0, 0, 0, 0, 1, 52, 0, 0, 0, 0, 0, 0, 0
0, 0, 0, 0, 0, 0, 0, 0, 0, 0, 0, 0, 0, 0, 0, 0, 0, 0, 0, 0, 0, 0, 0, 0, 0, 0, 0
1, 60, 0, 0, 0, 0, 0, 0, 0, 0, 0, 0, 0, 0, 0, 0, 0, 0, 1, 60, 0, 0, 0, 0, 0, 0, 0
3, 164, 2, 1138, 569, 569, 569.0, 0.0, 323761.0, 2, 120, 0, 0, 0, 0, 0, 0, 0, 5, 284, 2, 1138, 569, 569, 569.0, 0.0, 323761.0
2, 104, 3, 994, 103, 788, 331.3333333333333, 104272.22222222223, 214054.0, 1, 52, 3, 679, 189, 301, 226.33333333333334, 2787.555555555555, 54014.333333333336, 3, 156, 6, 1673, 103, 788, 278.8333333333333, 39065.77777777778, 134034.16666666666
1, 52, 0, 0, 0, 0, 0, 0, 0, 1, 52, 0, 0, 0, 0, 0, 0, 0, 2, 104, 0, 0, 0, 0, 0, 0, 0
0, 0, 0, 0, 0, 0, 0, 0, 0, 0, 0, 0, 0, 0, 0, 0, 0, 0, 0, 0, 0, 0, 0, 0, 0, 0, 0
2, 104, 1, 577, 577, 577, 577.0, 0.0, 332929.0, 0, 0, 9, 66287, 1500, 14524, 7365.222222222223, 22872697.50617284, 77119195.8888889, 2, 104, 10, 66864, 577, 14524, 6686.4, 23966487.102493074, 69440569.2
0, 0, 0, 0, 0, 0, 0, 0, 0, 0, 0, 0, 0, 0, 0, 0, 0, 0, 0, 0, 0, 0, 0, 0, 0, 0, 0
108, 5616, 1, 574, 574, 574, 574.0, 0.0, 329476.0, 0, 0, 541, 1402329, 537, 23220, 2592.105360443623, 12374572.523095114, 19093582.722735673, 108, 5616, 542, 1402903, 537, 23220, 2588.3819188191883, 12366903.470560301, 19058962.599630997
0, 0, 0, 0, 0, 0, 0, 0, 0, 0, 0, 0, 0, 0, 0, 0, 0, 0, 0, 0, 0, 0, 0, 0, 0, 0, 0
0, 0, 0, 0, 0, 0, 0, 0, 0, 0, 0, 0, 0, 0, 0, 0, 0, 0, 0, 0, 0, 0, 0, 0, 0, 0, 0
0, 0, 0, 0, 0, 0, 0, 0, 0, 0, 0, 0, 0, 0, 0, 0, 0, 0, 0, 0, 0, 0, 0, 0, 0, 0, 0
0, 0, 0, 0, 0, 0, 0, 0, 0, 0, 0, 0, 0, 0, 0, 0, 0, 0, 0, 0, 0, 0, 0, 0, 0, 0, 0
2, 104, 2, 729, 91, 638, 364.5, 74802.25, 207662.5, 1, 52, 2, 422, 91, 331, 211.0, 14400.0, 58921.0, 3, 156, 4, 1151, 91, 638, 287.75, 39770.13888888889, 133291.75
0, 0, 0, 0, 0, 0, 0, 0, 0, 0, 0, 0, 0, 0, 0, 0, 0, 0, 0, 0, 0, 0, 0, 0, 0, 0, 0
0, 0, 0, 0, 0, 0, 0, 0, 0, 0, 0, 0, 0, 0, 0, 0, 0, 0, 0, 0, 0, 0, 0, 0, 0, 0, 0
0, 0, 0, 0, 0, 0, 0, 0, 0, 0, 0, 0, 0, 0, 0, 0, 0, 0, 0, 0, 0, 0, 0, 0, 0, 0, 0
0, 0, 0, 0, 0, 0, 0, 0, 0, 0, 0, 0, 0, 0, 0, 0, 0, 0, 0, 0, 0, 0, 0, 0, 0, 0, 0
3, 156, 1, 577, 577, 577, 577.0, 0.0, 332929.0, 0, 0, 14, 66564, 1500, 15980, 4754.571428571428, 14338477.387755105, 36944426.85714286, 3, 156, 15, 67141, 577, 15980, 4476.066666666667, 14425092.180737216, 34503660.333333336
112, 5824, 1, 574, 574, 574, 574.0, 0.0, 329476.0, 0, 0, 765, 1393587, 1182, 17428, 1821.6823529411765, 1579388.5827604765, 4897915.177777777, 112, 5824, 766, 1394161, 574, 17428, 1820.0535248041776, 1579373.1065209704, 4891951.157963446
0, 0, 0, 0, 0, 0, 0, 0, 0, 0, 0, 0, 0, 0, 0, 0, 0, 0, 0, 0, 0, 0, 0, 0, 0, 0, 0
0, 0, 0, 0, 0, 0, 0, 0, 0, 0, 0, 0, 0, 0, 0, 0, 0, 0, 0, 0, 0, 0, 0, 0, 0, 0, 0
0, 0, 0, 0, 0, 0, 0, 0, 0, 0, 0, 0, 0, 0, 0, 0, 0, 0, 0, 0, 0, 0, 0, 0, 0, 0, 0
1, 60, 0, 0, 0, 0, 0, 0, 0, 1, 60, 0, 0, 0, 0, 0, 0, 0, 2, 120, 0, 0, 0, 0, 0, 0, 0
1, 52, 1, 93, 93, 93, 93.0, 0.0, 8649.0, 1, 52, 1, 75, 75, 75, 75.0, 0.0, 5625.0, 2, 104, 2, 168, 75, 93, 84.0, 72.0, 7137.0
1, 52, 1, 1132, 1132, 1132, 1132.0, 0.0, 1281424.0, 1, 52, 1, 700, 700, 700, 700.0, 0.0, 490000.0, 2, 104, 2, 1832, 700, 1132, 916.0, 41472.0, 885712.0
4, 208, 1, 900, 900, 900, 900.0, 0.0, 810000.0, 2, 104, 4, 783, 83, 324, 195.75, 12832.6875, 51150.75, 6, 312, 5, 1683, 83, 900, 336.6, 60391.333333333336, 202920.6
1, 52, 0, 0, 0, 0, 0, 0, 0, 1, 52, 1, 68, 68, 68, 68.0, 0.0, 4624.0, 2, 104, 1, 68, 68, 68, 68.0, 0.0, 4624.0
10, 520, 2, 208, 104, 104, 104.0, 0.0, 10816.0, 9, 468, 2, 256, 104, 152, 128.0, 576.0, 16960.0, 19, 988, 4, 464, 104, 152, 116.0, 512.0, 13888.0
80, 4160, 2, 1151, 574, 577, 575.5, 2.25, 331202.5, 4, 208, 332, 1460618, 136, 17428, 4399.451807228916, 22351185.783822034, 41706361.98795181, 84, 4368, 334, 1461769, 136, 17428, 4376.553892215569, 22327844.979486242, 41458606.54191617
1, 52, 0, 0, 0, 0, 0, 0, 0, 3, 156, 0, 0, 0, 0, 0, 0, 0, 4, 208, 0, 0, 0, 0, 0, 0, 0
0, 0, 0, 0, 0, 0, 0, 0, 0, 0, 0, 0, 0, 0, 0, 0, 0, 0, 0, 0, 0, 0, 0, 0, 0, 0, 0
0, 0, 0, 0, 0, 0, 0, 0, 0, 0, 0, 0, 0, 0, 0, 0, 0, 0, 0, 0, 0, 0, 0, 0, 0, 0, 0
0, 0, 0, 0, 0, 0, 0, 0, 0, 0, 0, 0, 0, 0, 0, 0, 0, 0, 0, 0, 0, 0, 0, 0, 0, 0, 0
7, 364, 0, 0, 0, 0, 0, 0, 0, 7, 364, 1, 76, 76, 76, 76.0, 0.0, 5776.0, 14, 728, 1, 76, 76, 76, 76.0, 0.0, 5776.0
0, 0, 0, 0, 0, 0, 0, 0, 0, 0, 0, 0, 0, 0, 0, 0, 0, 0, 0, 0, 0, 0, 0, 0, 0, 0, 0
0, 0, 0, 0, 0, 0, 0, 0, 0, 0, 0, 0, 0, 0, 0, 0, 0, 0, 0, 0, 0, 0, 0, 0, 0, 0, 0
0, 0, 0, 0, 0, 0, 0, 0, 0, 0, 0, 0, 0, 0, 0, 0, 0, 0, 0, 0, 0, 0, 0, 0, 0, 0, 0
0, 0, 0, 0, 0, 0, 0, 0, 0, 0, 0, 0, 0, 0, 0, 0, 0, 0, 0, 0, 0, 0, 0, 0, 0, 0, 0
0, 0, 0, 0, 0, 0, 0, 0, 0, 0, 0, 0, 0, 0, 0, 0, 0, 0, 0, 0, 0, 0, 0, 0, 0, 0, 0
25, 1300, 2, 1151, 574, 577, 575.5, 2.25, 331202.5, 1, 52, 135, 1347708, 1500, 26116, 9983.022222222222, 66021292.00691357, 165682024.6962963, 26, 1352, 137, 1348859, 574, 26116, 9845.686131386861, 66181802.583896525, 163268144.08029196
3, 156, 0, 0, 0, 0, 0, 0, 0, 0, 0, 6, 79811, 2200, 23220, 13301.833333333334, 68387647.47222222, 245326417.5, 3, 156, 6, 79811, 2200, 23220, 13301.833333333334, 68387647.47222222, 245326417.5
0, 0, 0, 0, 0, 0, 0, 0, 0, 0, 0, 0, 0, 0, 0, 0, 0, 0, 0, 0, 0, 0, 0, 0, 0, 0, 0
3, 172, 1, 569, 569, 569, 569.0, 0.0, 323761.0, 1, 60, 0, 0, 0, 0, 0, 0, 0, 4, 232, 1, 569, 569, 569, 569.0, 0.0, 323761.0
2, 104, 3, 1460, 103, 788, 486.6666666666667, 81593.55555555556, 318438.0, 1, 60, 1, 189, 189, 189, 189.0, 0.0, 35721.0, 3, 164, 4, 1649, 103, 788, 412.25, 70221.44, 247758.75
2, 104, 1, 103, 103, 103, 103.0, 0.0, 10609.0, 1, 52, 2, 490, 189, 301, 245.0, 3136.0, 63161.0, 3, 156, 3, 593, 103, 301, 197.66666666666666, 5735.039999999999, 45643.666666666664
0, 0, 0, 0, 0, 0, 0, 0, 0, 1, 52, 0, 0, 0, 0, 0, 0, 0, 1, 52, 0, 0, 0, 0, 0, 0, 0
0, 0, 0, 0, 0, 0, 0, 0, 0, 0, 0, 0, 0, 0, 0, 0, 0, 0, 0, 0, 0, 0, 0, 0, 0, 0, 0
1, 52, 0, 0, 0, 0, 0, 0, 0, 1, 52, 0, 0, 0, 0, 0, 0, 0, 2, 104, 0, 0, 0, 0, 0, 0, 0
1, 64, 0, 0, 0, 0, 0, 0, 0, 2, 104, 1, 83, 83, 83, 83.0, 0.0, 6889.0, 3, 168, 1, 83, 83, 83, 83.0, 0.0, 6889.0
2, 112, 1, 93, 93, 93, 93.0, 0.0, 8649.0, 2, 112, 1, 75, 75, 75, 75.0, 0.0, 5625.0, 4, 224, 2, 168, 75, 93, 84.0, 72.0, 7137.0
4, 208, 1, 1132, 1132, 1132, 1132.0, 0.0, 1281424.0, 4, 208, 1, 700, 700, 700, 700.0, 0.0, 490000.0, 8, 416, 2, 1832, 700, 1132, 916.0, 41472.0, 885712.0
103, 5356, 3, 2051, 574, 900, 683.6666666666666, 23401.55555555555, 490801.6666666667, 0, 0, 358, 1465661, 324, 23220, 4094.0251396648046, 28562475.052440617, 45323516.89664804, 103, 5356, 361, 1467712, 324, 23220, 4065.684210526316, 28491722.382400226, 44950945.855955675
1, 52, 0, 0, 0, 0, 0, 0, 0, 0, 0, 1, 68, 68, 68, 68.0, 0.0, 4624.0, 1, 52, 1, 68, 68, 68, 68.0, 0.0, 4624.0
1, 52, 1, 104, 104, 104, 104.0, 0.0, 10816.0, 0, 0, 1, 104, 104, 104, 104.0, 0.0, 10816.0, 1, 52, 2, 208, 104, 104, 104.0, 0.0, 10816.0
0, 0, 1, 104, 104, 104, 104.0, 0.0, 10816.0, 0, 0, 1, 136, 136, 136, 136.0, 0.0, 18496.0, 0, 0, 2, 240, 104, 136, 120.0, 227.55555555555557, 14656.0
1, 52, 0, 0, 0, 0, 0, 0, 0, 2, 104, 1, 136, 136, 136, 136.0, 0.0, 18496.0, 3, 156, 1, 136, 136, 136, 136.0, 0.0, 18496.0
0, 0, 0, 0, 0, 0, 0, 0, 0, 0, 0, 0, 0, 0, 0, 0, 0, 0, 0, 0, 0, 0, 0, 0, 0, 0, 0
0, 0, 0, 0, 0, 0, 0, 0, 0, 0, 0, 0, 0, 0, 0, 0, 0, 0, 0, 0, 0, 0, 0, 0, 0, 0, 0
0, 0, 0, 0, 0, 0, 0, 0, 0, 0, 0, 0, 0, 0, 0, 0, 0, 0, 0, 0, 0, 0, 0, 0, 0, 0, 0
0, 0, 0, 0, 0, 0, 0, 0, 0, 0, 0, 0, 0, 0, 0, 0, 0, 0, 0, 0, 0, 0, 0, 0, 0, 0, 0
0, 0, 0, 0, 0, 0, 0, 0, 0, 0, 0, 0, 0, 0, 0, 0, 0, 0, 0, 0, 0, 0, 0, 0, 0, 0, 0
0, 0, 0, 0, 0, 0, 0, 0, 0, 0, 0, 0, 0, 0, 0, 0, 0, 0, 0, 0, 0, 0, 0, 0, 0, 0, 0
151, 7852, 2, 1151, 574, 577, 575.5, 2.25, 331202.5, 1, 52, 556, 1457718, 1161, 23220, 2621.794964028777, 14439276.7565214, 21313085.589928057, 152, 7904, 558, 1458869, 574, 23220, 2614.4605734767024, 14420857.602010805, 21237881.707885306
0, 0, 0, 0, 0, 0, 0, 0, 0, 0, 0, 0, 0, 0, 0, 0, 0, 0, 0, 0, 0, 0, 0, 0, 0, 0, 0
0, 0, 0, 0, 0, 0, 0, 0, 0, 0, 0, 0, 0, 0, 0, 0, 0, 0, 0, 0, 0, 0, 0, 0, 0, 0, 0
0, 0, 0, 0, 0, 0, 0, 0, 0, 0, 0, 0, 0, 0, 0, 0, 0, 0, 0, 0, 0, 0, 0, 0, 0, 0, 0
2, 104, 0, 0, 0, 0, 0, 0, 0, 1, 52, 1, 83, 83, 83, 83.0, 0.0, 6889.0, 3, 156, 1, 83, 83, 83, 83.0, 0.0, 6889.0
1, 52, 0, 0, 0, 0, 0, 0, 0, 0, 0, 2, 376, 83, 293, 188.0, 11025.0, 46369.0, 1, 52, 2, 376, 83, 293, 188.0, 11025.0, 46369.0
2, 104, 2, 729, 91, 638, 364.5, 74802.25, 207662.5, 1, 52, 2, 422, 91, 331, 211.0, 14400.0, 58921.0, 3, 156, 4, 1151, 91, 638, 287.75, 39770.13888888889, 133291.75
0, 0, 0, 0, 0, 0, 0, 0, 0, 0, 0, 0, 0, 0, 0, 0, 0, 0, 0, 0, 0, 0, 0, 0, 0, 0, 0
0, 0, 0, 0, 0, 0, 0, 0, 0, 0, 0, 0, 0, 0, 0, 0, 0, 0, 0, 0, 0, 0, 0, 0, 0, 0, 0
1, 52, 0, 0, 0, 0, 0, 0, 0, 0, 0, 1, 83, 83, 83, 83.0, 0.0, 6889.0, 1, 52, 1, 83, 83, 83, 83.0, 0.0, 6889.0
176, 9152, 2, 1151, 574, 577, 575.5, 2.25, 331202.5, 2, 104, 777, 1477671, 1257, 17428, 1901.7644787644788, 2102213.114413917, 5718921.247104247, 178, 9256, 779, 1478822, 574, 17428, 1898.359435173299, 2101769.034345447, 5705088.849807446
5, 268, 7, 4206, 72, 2948, 600.8571428571429, 952644.1224489795, 1313673.4285714286, 6, 320, 5, 1267, 122, 346, 253.4, 8422.24, 72633.8, 11, 588, 12, 5473, 72, 2948, 456.0833333333333, 426461.1903114187, 796573.5833333334
0, 0, 0, 0, 0, 0, 0, 0, 0, 0, 0, 0, 0, 0, 0, 0, 0, 0, 0, 0, 0, 0, 0, 0, 0, 0, 0
0, 0, 1, 157, 157, 157, 157.0, 0.0, 24649.0, 0, 0, 0, 0, 0, 0, 0, 0, 0, 0, 0, 1, 157, 157, 157, 157.0, 0.0, 24649.0
0, 0, 0, 0, 0, 0, 0, 0, 0, 0, 0, 0, 0, 0, 0, 0, 0, 0, 0, 0, 0, 0, 0, 0, 0, 0, 0
2, 112, 1, 93, 93, 93, 93.0, 0.0, 8649.0, 2, 112, 1, 75, 75, 75, 75.0, 0.0, 5625.0, 4, 224, 2, 168, 75, 93, 84.0, 72.0, 7137.0
1, 52, 2, 1289, 157, 1132, 644.5, 237656.25, 653036.5, 1, 52, 1, 700, 700, 700, 700.0, 0.0, 490000.0, 2, 104, 3, 1989, 157, 1132, 663.0, 119598.1875, 598691.0
1, 52, 1, 900, 900, 900, 900.0, 0.0, 810000.0, 1, 52, 1, 324, 324, 324, 324.0, 0.0, 104976.0, 2, 104, 2, 1224, 324, 900, 612.0, 73728.0, 457488.0
2, 104, 0, 0, 0, 0, 0, 0, 0, 3, 156, 2, 159, 68, 91, 79.5, 132.25, 6452.5, 5, 260, 2, 159, 68, 91, 79.5, 132.25, 6452.5
1, 52, 2, 276, 104, 172, 138.0, 1156.0, 20200.0, 0, 0, 1, 104, 104, 104, 104.0, 0.0, 10816.0, 1, 52, 3, 380, 104, 172, 126.66666666666667, 867.0, 17072.0
1, 52, 1, 104, 104, 104, 104.0, 0.0, 10816.0, 1, 52, 2, 272, 136, 136, 136.0, 0.0, 18496.0, 2, 104, 3, 376, 104, 136, 125.33333333333333, 163.83999999999997, 15936.0
5, 268, 4, 2147, 172, 701, 536.75, 46830.1875, 334930.75, 1, 52, 18, 67554, 217, 17428, 3753.0, 20494693.777777776, 34579702.777777776, 6, 320, 22, 69701, 172, 17428, 3168.2272727272725, 19380891.184375, 28353380.59090909
105, 5468, 2, 1143, 569, 574, 571.5, 6.25, 326618.5, 1, 60, 405, 1386625, 1500, 23220, 3423.7654320987654, 19849467.463496417, 31571637.197530866, 106, 5528, 407, 1387768, 569, 23220, 3409.749385749386, 19820565.785925105, 31418099.02211302
2, 104, 2, 747, 178, 569, 373.5, 38220.25, 177722.5, 1, 60, 1, 5546, 5546, 5546, 5546.0, 0.0, 30758116.0, 3, 164, 3, 6293, 178, 5546, 2097.6666666666665, 6707799.1875, 10371187.0
1, 52, 2, 965, 178, 787, 482.5, 92720.25, 325526.5, 0, 0, 3, 5752, 103, 5546, 1917.3333333333333, 6583610.888888889, 10259778.0, 1, 52, 5, 6717, 103, 5546, 1343.4, 5346903.234375, 6286077.4
2, 104, 0, 0, 0, 0, 0, 0, 0, 0, 0, 1, 301, 301, 301, 301.0, 0.0, 90601.0, 2, 104, 1, 301, 301, 301, 301.0, 0.0, 90601.0
0, 0, 0, 0, 0, 0, 0, 0, 0, 0, 0, 0, 0, 0, 0, 0, 0, 0, 0, 0, 0, 0, 0, 0, 0, 0, 0
0, 0, 0, 0, 0, 0, 0, 0, 0, 0, 0, 0, 0, 0, 0, 0, 0, 0, 0, 0, 0, 0, 0, 0, 0, 0, 0
0, 0, 0, 0, 0, 0, 0, 0, 0, 0, 0, 0, 0, 0, 0, 0, 0, 0, 0, 0, 0, 0, 0, 0, 0, 0, 0
0, 0, 0, 0, 0, 0, 0, 0, 0, 0, 0, 0, 0, 0, 0, 0, 0, 0, 0, 0, 0, 0, 0, 0, 0, 0, 0
1, 52, 0, 0, 0, 0, 0, 0, 0, 1, 52, 1, 83, 83, 83, 83.0, 0.0, 6889.0, 2, 104, 1, 83, 83, 83, 83.0, 0.0, 6889.0
1, 52, 0, 0, 0, 0, 0, 0, 0, 0, 0, 0, 0, 0, 0, 0, 0, 0, 1, 52, 0, 0, 0, 0, 0, 0, 0
0, 0, 0, 0, 0, 0, 0, 0, 0, 0, 0, 0, 0, 0, 0, 0, 0, 0, 0, 0, 0, 0, 0, 0, 0, 0, 0
139, 7228, 2, 1151, 574, 577, 575.5, 2.25, 331202.5, 0, 0, 477, 1454768, 294, 20324, 3049.828092243187, 10340859.773382733, 19642311.16561845, 139, 7228, 479, 1455919, 294, 20324, 3039.4968684759915, 10332007.542894688, 19561680.23173278
0, 0, 0, 0, 0, 0, 0, 0, 0, 0, 0, 0, 0, 0, 0, 0, 0, 0, 0, 0, 0, 0, 0, 0, 0, 0, 0
0, 0, 0, 0, 0, 0, 0, 0, 0, 0, 0, 0, 0, 0, 0, 0, 0, 0, 0, 0, 0, 0, 0, 0, 0, 0, 0
0, 0, 0, 0, 0, 0, 0, 0, 0, 0, 0, 0, 0, 0, 0, 0, 0, 0, 0, 0, 0, 0, 0, 0, 0, 0, 0
0, 0, 0, 0, 0, 0, 0, 0, 0, 0, 0, 0, 0, 0, 0, 0, 0, 0, 0, 0, 0, 0, 0, 0, 0, 0, 0
0, 0, 0, 0, 0, 0, 0, 0, 0, 0, 0, 0, 0, 0, 0, 0, 0, 0, 0, 0, 0, 0, 0, 0, 0, 0, 0
1, 52, 0, 0, 0, 0, 0, 0, 0, 1, 52, 0, 0, 0, 0, 0, 0, 0, 2, 104, 0, 0, 0, 0, 0, 0, 0
1, 52, 0, 0, 0, 0, 0, 0, 0, 2, 104, 1, 91, 91, 91, 91.0, 0.0, 8281.0, 3, 156, 1, 91, 91, 91, 91.0, 0.0, 8281.0
0, 0, 0, 0, 0, 0, 0, 0, 0, 0, 0, 0, 0, 0, 0, 0, 0, 0, 0, 0, 0, 0, 0, 0, 0, 0, 0
1, 60, 0, 0, 0, 0, 0, 0, 0, 1, 60, 0, 0, 0, 0, 0, 0, 0, 2, 120, 0, 0, 0, 0, 0, 0, 0
1, 52, 1, 93, 93, 93, 93.0, 0.0, 8649.0, 1, 52, 1, 75, 75, 75, 75.0, 0.0, 5625.0, 2, 104, 2, 168, 75, 93, 84.0, 72.0, 7137.0
8, 416, 4, 2451, 168, 1132, 612.75, 117550.6875, 493013.25, 1, 52, 55, 152392, 700, 18567, 2770.7636363636366, 12712055.925950406, 20389187.054545455, 9, 468, 59, 154843, 168, 18567, 2624.4576271186443, 12427814.287550021, 19040293.91525424
85, 4420, 1, 900, 900, 900, 900.0, 0.0, 810000.0, 1, 52, 224, 581991, 324, 16494, 2598.1741071428573, 9851436.268793847, 16601944.95982143, 86, 4472, 225, 582891, 324, 16494, 2590.6266666666666, 9835903.832986942, 16531758.537777778
32, 1664, 1, 104, 104, 104, 104.0, 0.0, 10816.0, 1, 52, 57, 376855, 68, 18876, 6611.491228070176, 33462542.285010777, 77174358.54385965, 33, 1716, 58, 376959, 68, 18876, 6499.293103448276, 33536600.208241966, 75843952.63793103
5, 260, 1, 104, 104, 104, 104.0, 0.0, 10816.0, 2, 104, 4, 595, 83, 293, 148.75, 7404.1875, 29530.75, 7, 364, 5, 699, 83, 293, 139.8, 6779.283950617284, 25787.8
1, 52, 0, 0, 0, 0, 0, 0, 0, 1, 52, 1, 136, 136, 136, 136.0, 0.0, 18496.0, 2, 104, 1, 136, 136, 136, 136.0, 0.0, 18496.0
0, 0, 0, 0, 0, 0, 0, 0, 0, 1, 52, 0, 0, 0, 0, 0, 0, 0, 1, 52, 0, 0, 0, 0, 0, 0, 0
1, 52, 0, 0, 0, 0, 0, 0, 0, 1, 52, 0, 0, 0, 0, 0, 0, 0, 2, 104, 0, 0, 0, 0, 0, 0, 0
0, 0, 0, 0, 0, 0, 0, 0, 0, 0, 0, 0, 0, 0, 0, 0, 0, 0, 0, 0, 0, 0, 0, 0, 0, 0, 0
0, 0, 0, 0, 0, 0, 0, 0, 0, 0, 0, 0, 0, 0, 0, 0, 0, 0, 0, 0, 0, 0, 0, 0, 0, 0, 0
0, 0, 0, 0, 0, 0, 0, 0, 0, 0, 0, 0, 0, 0, 0, 0, 0, 0, 0, 0, 0, 0, 0, 0, 0, 0, 0
0, 0, 0, 0, 0, 0, 0, 0, 0, 0, 0, 0, 0, 0, 0, 0, 0, 0, 0, 0, 0, 0, 0, 0, 0, 0, 0
12, 624, 1, 577, 577, 577, 577.0, 0.0, 332929.0, 0, 0, 10, 66765, 1500, 16709, 6676.5, 28754902.85, 73330555.1, 12, 624, 11, 67342, 577, 16709, 6122.0, 29072873.473922905, 66694407.27272727
71, 3692, 1, 574, 574, 574, 574.0, 0.0, 329476.0, 2, 104, 146, 1105909, 131, 23220, 7574.719178082192, 49941147.393741794, 107317518.02054794, 73, 3796, 147, 1106483, 131, 23220, 7527.0952380952385, 49937398.76492446, 106589708.21088435
0, 0, 0, 0, 0, 0, 0, 0, 0, 0, 0, 0, 0, 0, 0, 0, 0, 0, 0, 0, 0, 0, 0, 0, 0, 0, 0
0, 0, 0, 0, 0, 0, 0, 0, 0, 0, 0, 0, 0, 0, 0, 0, 0, 0, 0, 0, 0, 0, 0, 0, 0, 0, 0
0, 0, 0, 0, 0, 0, 0, 0, 0, 0, 0, 0, 0, 0, 0, 0, 0, 0, 0, 0, 0, 0, 0, 0, 0, 0, 0
0, 0, 0, 0, 0, 0, 0, 0, 0, 0, 0, 0, 0, 0, 0, 0, 0, 0, 0, 0, 0, 0, 0, 0, 0, 0, 0
2, 104, 2, 729, 91, 638, 364.5, 74802.25, 207662.5, 1, 52, 2, 422, 91, 331, 211.0, 14400.0, 58921.0, 3, 156, 4, 1151, 91, 638, 287.75, 39770.13888888889, 133291.75
0, 0, 0, 0, 0, 0, 0, 0, 0, 0, 0, 0, 0, 0, 0, 0, 0, 0, 0, 0, 0, 0, 0, 0, 0, 0, 0
1, 60, 0, 0, 0, 0, 0, 0, 0, 0, 0, 0, 0, 0, 0, 0, 0, 0, 1, 60, 0, 0, 0, 0, 0, 0, 0
2, 112, 1, 569, 569, 569, 569.0, 0.0, 323761.0, 1, 60, 0, 0, 0, 0, 0, 0, 0, 3, 172, 1, 569, 569, 569, 569.0, 0.0, 323761.0
3, 156, 4, 1562, 103, 787, 390.5, 88596.75, 241087.0, 2, 112, 3, 679, 189, 301, 226.33333333333334, 2787.555555555555, 54014.333333333336, 5, 268, 7, 2241, 103, 787, 320.14285714285717, 43579.4, 160913.0
1, 52, 1, 577, 577, 577, 577.0, 0.0, 332929.0, 2, 104, 0, 0, 0, 0, 0, 0, 0, 3, 156, 1, 577, 577, 577, 577.0, 0.0, 332929.0
244, 12688, 1, 574, 574, 574, 574.0, 0.0, 329476.0, 0, 0, 730, 1329087, 1256, 8740, 1820.6671232876713, 740034.0330287107, 4054862.8068493153, 244, 12688, 731, 1329661, 574, 8740, 1818.9616963064295, 740590.5567150663, 4049766.5184678524
0, 0, 0, 0, 0, 0, 0, 0, 0, 0, 0, 0, 0, 0, 0, 0, 0, 0, 0, 0, 0, 0, 0, 0, 0, 0, 0
0, 0, 0, 0, 0, 0, 0, 0, 0, 0, 0, 0, 0, 0, 0, 0, 0, 0, 0, 0, 0, 0, 0, 0, 0, 0, 0
0, 0, 0, 0, 0, 0, 0, 0, 0, 0, 0, 0, 0, 0, 0, 0, 0, 0, 0, 0, 0, 0, 0, 0, 0, 0, 0
0, 0, 0, 0, 0, 0, 0, 0, 0, 0, 0, 0, 0, 0, 0, 0, 0, 0, 0, 0, 0, 0, 0, 0, 0, 0, 0
2, 112, 1, 93, 93, 93, 93.0, 0.0, 8649.0, 2, 112, 1, 75, 75, 75, 75.0, 0.0, 5625.0, 4, 224, 2, 168, 75, 93, 84.0, 72.0, 7137.0
1, 52, 1, 1132, 1132, 1132, 1132.0, 0.0, 1281424.0, 1, 52, 1, 700, 700, 700, 700.0, 0.0, 490000.0, 2, 104, 2, 1832, 700, 1132, 916.0, 41472.0, 885712.0
1, 52, 1, 900, 900, 900, 900.0, 0.0, 810000.0, 1, 52, 1, 324, 324, 324, 324.0, 0.0, 104976.0, 2, 104, 2, 1224, 324, 900, 612.0, 73728.0, 457488.0
1, 52, 0, 0, 0, 0, 0, 0, 0, 1, 52, 1, 68, 68, 68, 68.0, 0.0, 4624.0, 2, 104, 1, 68, 68, 68, 68.0, 0.0, 4624.0
1, 52, 1, 104, 104, 104, 104.0, 0.0, 10816.0, 0, 0, 1, 104, 104, 104, 104.0, 0.0, 10816.0, 1, 52, 2, 208, 104, 104, 104.0, 0.0, 10816.0
73, 3796, 2, 678, 104, 574, 339.0, 55225.0, 170146.0, 0, 0, 118, 1054504, 152, 23220, 8936.474576271186, 56397117.21545532, 136257695.06779662, 73, 3796, 120, 1055182, 104, 23220, 8793.183333333332, 56539583.847680226, 133989569.25
7, 364, 1, 577, 577, 577, 577.0, 0.0, 332929.0, 2, 104, 10, 66468, 136, 14417, 6646.8, 20203513.16, 64383463.4, 9, 468, 11, 67045, 136, 14417, 6095.0, 20912301.514739223, 58560687.54545455
0, 0, 1, 200, 200, 200, 200.0, 0.0, 40000.0, 0, 0, 0, 0, 0, 0, 0, 0, 0, 0, 0, 1, 200, 200, 200, 200.0, 0.0, 40000.0
0, 0, 0, 0, 0, 0, 0, 0, 0, 0, 0, 0, 0, 0, 0, 0, 0, 0, 0, 0, 0, 0, 0, 0, 0, 0, 0
0, 0, 0, 0, 0, 0, 0, 0, 0, 0, 0, 0, 0, 0, 0, 0, 0, 0, 0, 0, 0, 0, 0, 0, 0, 0, 0
0, 0, 1, 200, 200, 200, 200.0, 0.0, 40000.0, 0, 0, 0, 0, 0, 0, 0, 0, 0, 0, 0, 1, 200, 200, 200, 200.0, 0.0, 40000.0
0, 0, 0, 0, 0, 0, 0, 0, 0, 0, 0, 0, 0, 0, 0, 0, 0, 0, 0, 0, 0, 0, 0, 0, 0, 0, 0
0, 0, 1, 200, 200, 200, 200.0, 0.0, 40000.0, 0, 0, 0, 0, 0, 0, 0, 0, 0, 0, 0, 1, 200, 200, 200, 200.0, 0.0, 40000.0
0, 0, 0, 0, 0, 0, 0, 0, 0, 0, 0, 0, 0, 0, 0, 0, 0, 0, 0, 0, 0, 0, 0, 0, 0, 0, 0
0, 0, 0, 0, 0, 0, 0, 0, 0, 0, 0, 0, 0, 0, 0, 0, 0, 0, 0, 0, 0, 0, 0, 0, 0, 0, 0
0, 0, 1, 200, 200, 200, 200.0, 0.0, 40000.0, 0, 0, 0, 0, 0, 0, 0, 0, 0, 0, 0, 1, 200, 200, 200, 200.0, 0.0, 40000.0
20, 1040, 1, 577, 577, 577, 577.0, 0.0, 332929.0, 1, 52, 30, 67695, 83, 7292, 2256.5, 2796569.25, 7888361.5, 21, 1092, 31, 68272, 83, 7292, 2202.3225806451615, 2796207.1136791185, 7644637.870967742
124, 6448, 1, 574, 574, 574, 574.0, 0.0, 329476.0, 1, 52, 410, 1288403, 1500, 20566, 3142.4463414634147, 15811306.305657346, 25686275.314634148, 125, 6500, 411, 1288977, 574, 20566, 3136.197080291971, 15800073.14497783, 25624579.93917275
8, 416, 0, 0, 0, 0, 0, 0, 0, 7, 364, 0, 0, 0, 0, 0, 0, 0, 15, 780, 0, 0, 0, 0, 0, 0, 0
0, 0, 0, 0, 0, 0, 0, 0, 0, 1, 52, 0, 0, 0, 0, 0, 0, 0, 1, 52, 0, 0, 0, 0, 0, 0, 0
0, 0, 0, 0, 0, 0, 0, 0, 0, 0, 0, 0, 0, 0, 0, 0, 0, 0, 0, 0, 0, 0, 0, 0, 0, 0, 0
0, 0, 0, 0, 0, 0, 0, 0, 0, 0, 0, 0, 0, 0, 0, 0, 0, 0, 0, 0, 0, 0, 0, 0, 0, 0, 0
0, 0, 0, 0, 0, 0, 0, 0, 0, 0, 0, 0, 0, 0, 0, 0, 0, 0, 0, 0, 0, 0, 0, 0, 0, 0, 0
0, 0, 0, 0, 0, 0, 0, 0, 0, 0, 0, 0, 0, 0, 0, 0, 0, 0, 0, 0, 0, 0, 0, 0, 0, 0, 0
6, 312, 0, 0, 0, 0, 0, 0, 0, 6, 312, 0, 0, 0, 0, 0, 0, 0, 12, 624, 0, 0, 0, 0, 0, 0, 0
0, 0, 0, 0, 0, 0, 0, 0, 0, 0, 0, 0, 0, 0, 0, 0, 0, 0, 0, 0, 0, 0, 0, 0, 0, 0, 0
0, 0, 0, 0, 0, 0, 0, 0, 0, 0, 0, 0, 0, 0, 0, 0, 0, 0, 0, 0, 0, 0, 0, 0, 0, 0, 0
25, 1308, 1, 577, 577, 577, 577.0, 0.0, 332929.0, 1, 60, 37, 68096, 982, 4396, 1840.4324324324325, 566653.9751643537, 3953845.5135135134, 26, 1368, 38, 68673, 577, 4396, 1807.1842105263158, 580098.2958222224, 3858558.236842105
185, 9620, 2, 667, 93, 574, 333.5, 57840.25, 169062.5, 1, 52, 707, 1233472, 75, 7292, 1744.6562942008486, 525980.6527291242, 3569806.2376237623, 186, 9672, 709, 1234139, 75, 7292, 1740.675599435825, 528128.1231042923, 3560213.1664315937
1, 52, 1, 1132, 1132, 1132, 1132.0, 0.0, 1281424.0, 1, 52, 1, 700, 700, 700, 700.0, 0.0, 490000.0, 2, 104, 2, 1832, 700, 1132, 916.0, 41472.0, 885712.0
1, 52, 1, 900, 900, 900, 900.0, 0.0, 810000.0, 1, 52, 1, 324, 324, 324, 324.0, 0.0, 104976.0, 2, 104, 2, 1224, 324, 900, 612.0, 73728.0, 457488.0
1, 52, 0, 0, 0, 0, 0, 0, 0, 1, 52, 1, 68, 68, 68, 68.0, 0.0, 4624.0, 2, 104, 1, 68, 68, 68, 68.0, 0.0, 4624.0
1, 52, 1, 104, 104, 104, 104.0, 0.0, 10816.0, 0, 0, 1, 104, 104, 104, 104.0, 0.0, 10816.0, 1, 52, 2, 208, 104, 104, 104.0, 0.0, 10816.0
3, 172, 2, 673, 104, 569, 336.5, 54056.25, 167288.5, 2, 112, 1, 152, 152, 152, 152.0, 0.0, 23104.0, 5, 284, 3, 825, 104, 569, 275.0, 35538.1875, 119227.0
3, 156, 3, 1459, 103, 787, 486.3333333333333, 81392.88888888889, 317913.0, 2, 112, 2, 325, 136, 189, 162.5, 702.25, 27108.5, 5, 268, 5, 1784, 103, 787, 356.8, 60965.91836734694, 201591.2
2, 104, 1, 103, 103, 103, 103.0, 0.0, 10609.0, 2, 104, 2, 490, 189, 301, 245.0, 3136.0, 63161.0, 4, 208, 3, 593, 103, 301, 197.66666666666666, 5735.039999999999, 45643.666666666664
0, 0, 0, 0, 0, 0, 0, 0, 0, 1, 52, 0, 0, 0, 0, 0, 0, 0, 1, 52, 0, 0, 0, 0, 0, 0, 0
0, 0, 0, 0, 0, 0, 0, 0, 0, 0, 0, 0, 0, 0, 0, 0, 0, 0, 0, 0, 0, 0, 0, 0, 0, 0, 0
0, 0, 1, 577, 577, 577, 577.0, 0.0, 332929.0, 0, 0, 0, 0, 0, 0, 0, 0, 0, 0, 0, 1, 577, 577, 577, 577.0, 0.0, 332929.0
107, 5564, 1, 574, 574, 574, 574.0, 0.0, 329476.0, 0, 0, 490, 1310246, 1500, 23220, 2673.9714285714285, 13718695.791020405, 20868818.991836734, 107, 5564, 491, 1310820, 574, 23220, 2669.69450101833, 13709202.099806624, 20826987.33604888
0, 0, 0, 0, 0, 0, 0, 0, 0, 0, 0, 0, 0, 0, 0, 0, 0, 0, 0, 0, 0, 0, 0, 0, 0, 0, 0
3, 156, 0, 0, 0, 0, 0, 0, 0, 3, 156, 0, 0, 0, 0, 0, 0, 0, 6, 312, 0, 0, 0, 0, 0, 0, 0
1, 52, 0, 0, 0, 0, 0, 0, 0, 1, 52, 0, 0, 0, 0, 0, 0, 0, 2, 104, 0, 0, 0, 0, 0, 0, 0
0, 0, 0, 0, 0, 0, 0, 0, 0, 0, 0, 0, 0, 0, 0, 0, 0, 0, 0, 0, 0, 0, 0, 0, 0, 0, 0
0, 0, 0, 0, 0, 0, 0, 0, 0, 0, 0, 0, 0, 0, 0, 0, 0, 0, 0, 0, 0, 0, 0, 0, 0, 0, 0
2, 104, 2, 729, 91, 638, 364.5, 74802.25, 207662.5, 1, 52, 2, 422, 91, 331, 211.0, 14400.0, 58921.0, 3, 156, 4, 1151, 91, 638, 287.75, 39770.13888888889, 133291.75
0, 0, 0, 0, 0, 0, 0, 0, 0, 0, 0, 0, 0, 0, 0, 0, 0, 0, 0, 0, 0, 0, 0, 0, 0, 0, 0
0, 0, 0, 0, 0, 0, 0, 0, 0, 0, 0, 0, 0, 0, 0, 0, 0, 0, 0, 0, 0, 0, 0, 0, 0, 0, 0
0, 0, 0, 0, 0, 0, 0, 0, 0, 0, 0, 0, 0, 0, 0, 0, 0, 0, 0, 0, 0, 0, 0, 0, 0, 0, 0
0, 0, 0, 0, 0, 0, 0, 0, 0, 0, 0, 0, 0, 0, 0, 0, 0, 0, 0, 0, 0, 0, 0, 0, 0, 0, 0
11, 572, 1, 577, 577, 577, 577.0, 0.0, 332929.0, 2, 104, 10, 66352, 76, 20324, 6635.2, 43141009.95999999, 87166889.0, 13, 676, 11, 66929, 76, 20324, 6084.454545454545, 42751156.29931973, 79272892.63636364
41, 2132, 1, 574, 574, 574, 574.0, 0.0, 329476.0, 0, 0, 116, 1204763, 1500, 23220, 10385.887931034482, 52900586.4443371, 160767254.56034482, 41, 2132, 117, 1205337, 574, 23220, 10302.02564102564, 53084961.41800365, 159395991.4957265
0, 0, 0, 0, 0, 0, 0, 0, 0, 0, 0, 0, 0, 0, 0, 0, 0, 0, 0, 0, 0, 0, 0, 0, 0, 0, 0
0, 0, 0, 0, 0, 0, 0, 0, 0, 0, 0, 0, 0, 0, 0, 0, 0, 0, 0, 0, 0, 0, 0, 0, 0, 0, 0
0, 0, 0, 0, 0, 0, 0, 0, 0, 0, 0, 0, 0, 0, 0, 0, 0, 0, 0, 0, 0, 0, 0, 0, 0, 0, 0
0, 0, 0, 0, 0, 0, 0, 0, 0, 0, 0, 0, 0, 0, 0, 0, 0, 0, 0, 0, 0, 0, 0, 0, 0, 0, 0
0, 0, 0, 0, 0, 0, 0, 0, 0, 0, 0, 0, 0, 0, 0, 0, 0, 0, 0, 0, 0, 0, 0, 0, 0, 0, 0
2, 104, 0, 0, 0, 0, 0, 0, 0, 1, 52, 1, 83, 83, 83, 83.0, 0.0, 6889.0, 3, 156, 1, 83, 83, 83, 83.0, 0.0, 6889.0
1, 52, 0, 0, 0, 0, 0, 0, 0, 1, 52, 2, 376, 83, 293, 188.0, 11025.0, 46369.0, 2, 104, 2, 376, 83, 293, 188.0, 11025.0, 46369.0
0, 0, 0, 0, 0, 0, 0, 0, 0, 0, 0, 0, 0, 0, 0, 0, 0, 0, 0, 0, 0, 0, 0, 0, 0, 0, 0
0, 0, 0, 0, 0, 0, 0, 0, 0, 0, 0, 0, 0, 0, 0, 0, 0, 0, 0, 0, 0, 0, 0, 0, 0, 0, 0
13, 676, 1, 577, 577, 577, 577.0, 0.0, 332929.0, 0, 0, 11, 66450, 1500, 11636, 6040.909090909091, 12224606.628099173, 48717189.27272727, 13, 676, 12, 67027, 577, 11636, 5585.583333333333, 12934679.792060493, 44685167.583333336
70, 3640, 1, 574, 574, 574, 574.0, 0.0, 329476.0, 1, 52, 147, 1224382, 917, 21772, 8329.12925170068, 43124076.94247767, 112498471.0340136, 71, 3692, 148, 1224956, 574, 21772, 8276.72972972973, 43181073.82885378, 111740572.41891892
0, 0, 0, 0, 0, 0, 0, 0, 0, 0, 0, 0, 0, 0, 0, 0, 0, 0, 0, 0, 0, 0, 0, 0, 0, 0, 0
0, 0, 0, 0, 0, 0, 0, 0, 0, 0, 0, 0, 0, 0, 0, 0, 0, 0, 0, 0, 0, 0, 0, 0, 0, 0, 0
0, 0, 0, 0, 0, 0, 0, 0, 0, 0, 0, 0, 0, 0, 0, 0, 0, 0, 0, 0, 0, 0, 0, 0, 0, 0, 0
0, 0, 0, 0, 0, 0, 0, 0, 0, 0, 0, 0, 0, 0, 0, 0, 0, 0, 0, 0, 0, 0, 0, 0, 0, 0, 0
0, 0, 0, 0, 0, 0, 0, 0, 0, 0, 0, 0, 0, 0, 0, 0, 0, 0, 0, 0, 0, 0, 0, 0, 0, 0, 0
0, 0, 0, 0, 0, 0, 0, 0, 0, 0, 0, 0, 0, 0, 0, 0, 0, 0, 0, 0, 0, 0, 0, 0, 0, 0, 0
0, 0, 0, 0, 0, 0, 0, 0, 0, 0, 0, 0, 0, 0, 0, 0, 0, 0, 0, 0, 0, 0, 0, 0, 0, 0, 0
0, 0, 0, 0, 0, 0, 0, 0, 0, 0, 0, 0, 0, 0, 0, 0, 0, 0, 0, 0, 0, 0, 0, 0, 0, 0, 0
0, 0, 0, 0, 0, 0, 0, 0, 0, 0, 0, 0, 0, 0, 0, 0, 0, 0, 0, 0, 0, 0, 0, 0, 0, 0, 0
47, 2444, 2, 1151, 574, 577, 575.5, 2.25, 331202.5, 0, 0, 195, 1379440, 372, 23220, 7074.051282051282, 43616183.33070349, 93658384.87179486, 47, 2444, 197, 1380591, 372, 23220, 7008.076142131979, 43608017.62936667, 92710900.78680202
0, 0, 0, 0, 0, 0, 0, 0, 0, 0, 0, 0, 0, 0, 0, 0, 0, 0, 0, 0, 0, 0, 0, 0, 0, 0, 0
1, 60, 0, 0, 0, 0, 0, 0, 0, 0, 0, 0, 0, 0, 0, 0, 0, 0, 1, 60, 0, 0, 0, 0, 0, 0, 0
2, 112, 1, 569, 569, 569, 569.0, 0.0, 323761.0, 1, 60, 0, 0, 0, 0, 0, 0, 0, 3, 172, 1, 569, 569, 569, 569.0, 0.0, 323761.0
2, 104, 3, 1460, 103, 788, 486.6666666666667, 81593.55555555556, 318438.0, 1, 60, 1, 189, 189, 189, 189.0, 0.0, 35721.0, 3, 164, 4, 1649, 103, 788, 412.25, 70221.44, 247758.75
2, 104, 1, 103, 103, 103, 103.0, 0.0, 10609.0, 1, 52, 2, 490, 189, 301, 245.0, 3136.0, 63161.0, 3, 156, 3, 593, 103, 301, 197.66666666666666, 5735.039999999999, 45643.666666666664
0, 0, 0, 0, 0, 0, 0, 0, 0, 1, 52, 0, 0, 0, 0, 0, 0, 0, 1, 52, 0, 0, 0, 0, 0, 0, 0
0, 0, 0, 0, 0, 0, 0, 0, 0, 0, 0, 0, 0, 0, 0, 0, 0, 0, 0, 0, 0, 0, 0, 0, 0, 0, 0
0, 0, 0, 0, 0, 0, 0, 0, 0, 0, 0, 0, 0, 0, 0, 0, 0, 0, 0, 0, 0, 0, 0, 0, 0, 0, 0
0, 0, 0, 0, 0, 0, 0, 0, 0, 0, 0, 0, 0, 0, 0, 0, 0, 0, 0, 0, 0, 0, 0, 0, 0, 0, 0
0, 0, 0, 0, 0, 0, 0, 0, 0, 0, 0, 0, 0, 0, 0, 0, 0, 0, 0, 0, 0, 0, 0, 0, 0, 0, 0
60, 3120, 1, 574, 574, 574, 574.0, 0.0, 329476.0, 0, 0, 119, 1129042, 131, 20324, 9487.747899159664, 43777700.65913424, 133795060.85714285, 60, 3120, 120, 1129616, 131, 20324, 9413.466666666667, 43925586.65772658, 132682847.65
2, 104, 1, 577, 577, 577, 577.0, 0.0, 332929.0, 0, 0, 11, 66487, 2164, 12393, 6044.272727272727, 12963088.016528927, 49496320.81818182, 2, 104, 12, 67064, 577, 12393, 5588.666666666667, 13642582.419659736, 45399371.5
0, 0, 0, 0, 0, 0, 0, 0, 0, 0, 0, 0, 0, 0, 0, 0, 0, 0, 0, 0, 0, 0, 0, 0, 0, 0, 0
0, 0, 0, 0, 0, 0, 0, 0, 0, 0, 0, 0, 0, 0, 0, 0, 0, 0, 0, 0, 0, 0, 0, 0, 0, 0, 0
0, 0, 0, 0, 0, 0, 0, 0, 0, 0, 0, 0, 0, 0, 0, 0, 0, 0, 0, 0, 0, 0, 0, 0, 0, 0, 0
0, 0, 0, 0, 0, 0, 0, 0, 0, 0, 0, 0, 0, 0, 0, 0, 0, 0, 0, 0, 0, 0, 0, 0, 0, 0, 0
0, 0, 0, 0, 0, 0, 0, 0, 0, 0, 0, 0, 0, 0, 0, 0, 0, 0, 0, 0, 0, 0, 0, 0, 0, 0, 0
0, 0, 0, 0, 0, 0, 0, 0, 0, 0, 0, 0, 0, 0, 0, 0, 0, 0, 0, 0, 0, 0, 0, 0, 0, 0, 0
0, 0, 0, 0, 0, 0, 0, 0, 0, 0, 0, 0, 0, 0, 0, 0, 0, 0, 0, 0, 0, 0, 0, 0, 0, 0, 0
1, 52, 0, 0, 0, 0, 0, 0, 0, 1, 52, 0, 0, 0, 0, 0, 0, 0, 2, 104, 0, 0, 0, 0, 0, 0, 0
0, 0, 0, 0, 0, 0, 0, 0, 0, 0, 0, 0, 0, 0, 0, 0, 0, 0, 0, 0, 0, 0, 0, 0, 0, 0, 0
0, 0, 0, 0, 0, 0, 0, 0, 0, 0, 0, 0, 0, 0, 0, 0, 0, 0, 0, 0, 0, 0, 0, 0, 0, 0, 0
0, 0, 0, 0, 0, 0, 0, 0, 0, 0, 0, 0, 0, 0, 0, 0, 0, 0, 0, 0, 0, 0, 0, 0, 0, 0, 0
0, 0, 0, 0, 0, 0, 0, 0, 0, 0, 0, 0, 0, 0, 0, 0, 0, 0, 0, 0, 0, 0, 0, 0, 0, 0, 0
0, 0, 0, 0, 0, 0, 0, 0, 0, 0, 0, 0, 0, 0, 0, 0, 0, 0, 0, 0, 0, 0, 0, 0, 0, 0, 0
0, 0, 0, 0, 0, 0, 0, 0, 0, 0, 0, 0, 0, 0, 0, 0, 0, 0, 0, 0, 0, 0, 0, 0, 0, 0, 0
2, 104, 0, 0, 0, 0, 0, 0, 0, 1, 52, 1, 83, 83, 83, 83.0, 0.0, 6889.0, 3, 156, 1, 83, 83, 83, 83.0, 0.0, 6889.0
3, 156, 2, 729, 91, 638, 364.5, 74802.25, 207662.5, 1, 52, 4, 798, 83, 331, 199.5, 12844.75, 52645.0, 4, 208, 6, 1527, 83, 638, 254.5, 29592.25, 104317.5
0, 0, 0, 0, 0, 0, 0, 0, 0, 0, 0, 0, 0, 0, 0, 0, 0, 0, 0, 0, 0, 0, 0, 0, 0, 0, 0
0, 0, 0, 0, 0, 0, 0, 0, 0, 0, 0, 0, 0, 0, 0, 0, 0, 0, 0, 0, 0, 0, 0, 0, 0, 0, 0
1, 52, 0, 0, 0, 0, 0, 0, 0, 1, 52, 0, 0, 0, 0, 0, 0, 0, 2, 104, 0, 0, 0, 0, 0, 0, 0
0, 0, 0, 0, 0, 0, 0, 0, 0, 0, 0, 0, 0, 0, 0, 0, 0, 0, 0, 0, 0, 0, 0, 0, 0, 0, 0
0, 0, 0, 0, 0, 0, 0, 0, 0, 0, 0, 0, 0, 0, 0, 0, 0, 0, 0, 0, 0, 0, 0, 0, 0, 0, 0
6, 320, 7, 4206, 72, 2948, 600.8571428571429, 952644.1224489795, 1313673.4285714286, 3, 164, 5, 1267, 122, 346, 253.4, 8422.24, 72633.8, 9, 484, 12, 5473, 72, 2948, 456.0833333333333, 426461.1903114187, 796573.5833333334
1, 52, 0, 0, 0, 0, 0, 0, 0, 1, 52, 0, 0, 0, 0, 0, 0, 0, 2, 104, 0, 0, 0, 0, 0, 0, 0
0, 0, 0, 0, 0, 0, 0, 0, 0, 0, 0, 0, 0, 0, 0, 0, 0, 0, 0, 0, 0, 0, 0, 0, 0, 0, 0
0, 0, 0, 0, 0, 0, 0, 0, 0, 0, 0, 0, 0, 0, 0, 0, 0, 0, 0, 0, 0, 0, 0, 0, 0, 0, 0
0, 0, 0, 0, 0, 0, 0, 0, 0, 0, 0, 0, 0, 0, 0, 0, 0, 0, 0, 0, 0, 0, 0, 0, 0, 0, 0
0, 0, 0, 0, 0, 0, 0, 0, 0, 0, 0, 0, 0, 0, 0, 0, 0, 0, 0, 0, 0, 0, 0, 0, 0, 0, 0
0, 0, 0, 0, 0, 0, 0, 0, 0, 0, 0, 0, 0, 0, 0, 0, 0, 0, 0, 0, 0, 0, 0, 0, 0, 0, 0
0, 0, 0, 0, 0, 0, 0, 0, 0, 0, 0, 0, 0, 0, 0, 0, 0, 0, 0, 0, 0, 0, 0, 0, 0, 0, 0
0, 0, 0, 0, 0, 0, 0, 0, 0, 0, 0, 0, 0, 0, 0, 0, 0, 0, 0, 0, 0, 0, 0, 0, 0, 0, 0
1, 52, 2, 1398, 697, 701, 699.0, 4.0, 488605.0, 0, 0, 2, 508, 217, 291, 254.0, 1369.0, 65885.0, 1, 52, 4, 1906, 217, 701, 476.5, 44919.555555555555, 277245.0
2, 112, 0, 0, 0, 0, 0, 0, 0, 0, 0, 0, 0, 0, 0, 0, 0, 0, 2, 112, 0, 0, 0, 0, 0, 0, 0
2, 112, 1, 569, 569, 569, 569.0, 0.0, 323761.0, 1, 60, 0, 0, 0, 0, 0, 0, 0, 3, 172, 1, 569, 569, 569, 569.0, 0.0, 323761.0
3, 156, 4, 1563, 103, 788, 390.75, 88795.1875, 241480.75, 1, 60, 2, 378, 189, 189, 189.0, 0.0, 35721.0, 4, 216, 6, 1941, 103, 788, 323.5, 54573.359375, 172894.16666666666
1, 52, 0, 0, 0, 0, 0, 0, 0, 2, 104, 1, 301, 301, 301, 301.0, 0.0, 90601.0, 3, 156, 1, 301, 301, 301, 301.0, 0.0, 90601.0
0, 0, 0, 0, 0, 0, 0, 0, 0, 0, 0, 0, 0, 0, 0, 0, 0, 0, 0, 0, 0, 0, 0, 0, 0, 0, 0
0, 0, 0, 0, 0, 0, 0, 0, 0, 0, 0, 0, 0, 0, 0, 0, 0, 0, 0, 0, 0, 0, 0, 0, 0, 0, 0
0, 0, 0, 0, 0, 0, 0, 0, 0, 0, 0, 0, 0, 0, 0, 0, 0, 0, 0, 0, 0, 0, 0, 0, 0, 0, 0
0, 0, 0, 0, 0, 0, 0, 0, 0, 0, 0, 0, 0, 0, 0, 0, 0, 0, 0, 0, 0, 0, 0, 0, 0, 0, 0
0, 0, 0, 0, 0, 0, 0, 0, 0, 0, 0, 0, 0, 0, 0, 0, 0, 0, 0, 0, 0, 0, 0, 0, 0, 0, 0
0, 0, 0, 0, 0, 0, 0, 0, 0, 0, 0, 0, 0, 0, 0, 0, 0, 0, 0, 0, 0, 0, 0, 0, 0, 0, 0
0, 0, 0, 0, 0, 0, 0, 0, 0, 0, 0, 0, 0, 0, 0, 0, 0, 0, 0, 0, 0, 0, 0, 0, 0, 0, 0
0, 0, 0, 0, 0, 0, 0, 0, 0, 0, 0, 0, 0, 0, 0, 0, 0, 0, 0, 0, 0, 0, 0, 0, 0, 0, 0
0, 0, 0, 0, 0, 0, 0, 0, 0, 0, 0, 0, 0, 0, 0, 0, 0, 0, 0, 0, 0, 0, 0, 0, 0, 0, 0
0, 0, 0, 0, 0, 0, 0, 0, 0, 0, 0, 0, 0, 0, 0, 0, 0, 0, 0, 0, 0, 0, 0, 0, 0, 0, 0
0, 0, 0, 0, 0, 0, 0, 0, 0, 0, 0, 0, 0, 0, 0, 0, 0, 0, 0, 0, 0, 0, 0, 0, 0, 0, 0
0, 0, 0, 0, 0, 0, 0, 0, 0, 0, 0, 0, 0, 0, 0, 0, 0, 0, 0, 0, 0, 0, 0, 0, 0, 0, 0
0, 0, 0, 0, 0, 0, 0, 0, 0, 0, 0, 0, 0, 0, 0, 0, 0, 0, 0, 0, 0, 0, 0, 0, 0, 0, 0
0, 0, 0, 0, 0, 0, 0, 0, 0, 0, 0, 0, 0, 0, 0, 0, 0, 0, 0, 0, 0, 0, 0, 0, 0, 0, 0
0, 0, 0, 0, 0, 0, 0, 0, 0, 0, 0, 0, 0, 0, 0, 0, 0, 0, 0, 0, 0, 0, 0, 0, 0, 0, 0
0, 0, 0, 0, 0, 0, 0, 0, 0, 0, 0, 0, 0, 0, 0, 0, 0, 0, 0, 0, 0, 0, 0, 0, 0, 0, 0
0, 0, 0, 0, 0, 0, 0, 0, 0, 0, 0, 0, 0, 0, 0, 0, 0, 0, 0, 0, 0, 0, 0, 0, 0, 0, 0
0, 0, 0, 0, 0, 0, 0, 0, 0, 0, 0, 0, 0, 0, 0, 0, 0, 0, 0, 0, 0, 0, 0, 0, 0, 0, 0
0, 0, 0, 0, 0, 0, 0, 0, 0, 0, 0, 0, 0, 0, 0, 0, 0, 0, 0, 0, 0, 0, 0, 0, 0, 0, 0
0, 0, 0, 0, 0, 0, 0, 0, 0, 0, 0, 0, 0, 0, 0, 0, 0, 0, 0, 0, 0, 0, 0, 0, 0, 0, 0
0, 0, 0, 0, 0, 0, 0, 0, 0, 0, 0, 0, 0, 0, 0, 0, 0, 0, 0, 0, 0, 0, 0, 0, 0, 0, 0
3, 156, 0, 0, 0, 0, 0, 0, 0, 1, 52, 3, 459, 83, 293, 153.0, 9800.0, 33209.0, 4, 208, 3, 459, 83, 293, 153.0, 9800.0, 33209.0
0, 0, 0, 0, 0, 0, 0, 0, 0, 0, 0, 0, 0, 0, 0, 0, 0, 0, 0, 0, 0, 0, 0, 0, 0, 0, 0
7, 364, 0, 0, 0, 0, 0, 0, 0, 7, 364, 0, 0, 0, 0, 0, 0, 0, 14, 728, 0, 0, 0, 0, 0, 0, 0
1, 52, 0, 0, 0, 0, 0, 0, 0, 1, 52, 0, 0, 0, 0, 0, 0, 0, 2, 104, 0, 0, 0, 0, 0, 0, 0
0, 0, 0, 0, 0, 0, 0, 0, 0, 0, 0, 0, 0, 0, 0, 0, 0, 0, 0, 0, 0, 0, 0, 0, 0, 0, 0
0, 0, 0, 0, 0, 0, 0, 0, 0, 0, 0, 0, 0, 0, 0, 0, 0, 0, 0, 0, 0, 0, 0, 0, 0, 0, 0
0, 0, 0, 0, 0, 0, 0, 0, 0, 0, 0, 0, 0, 0, 0, 0, 0, 0, 0, 0, 0, 0, 0, 0, 0, 0, 0
0, 0, 0, 0, 0, 0, 0, 0, 0, 0, 0, 0, 0, 0, 0, 0, 0, 0, 0, 0, 0, 0, 0, 0, 0, 0, 0
6, 312, 0, 0, 0, 0, 0, 0, 0, 6, 312, 0, 0, 0, 0, 0, 0, 0, 12, 624, 0, 0, 0, 0, 0, 0, 0
0, 0, 0, 0, 0, 0, 0, 0, 0, 0, 0, 0, 0, 0, 0, 0, 0, 0, 0, 0, 0, 0, 0, 0, 0, 0, 0
0, 0, 0, 0, 0, 0, 0, 0, 0, 0, 0, 0, 0, 0, 0, 0, 0, 0, 0, 0, 0, 0, 0, 0, 0, 0, 0
0, 0, 0, 0, 0, 0, 0, 0, 0, 0, 0, 0, 0, 0, 0, 0, 0, 0, 0, 0, 0, 0, 0, 0, 0, 0, 0
0, 0, 0, 0, 0, 0, 0, 0, 0, 0, 0, 0, 0, 0, 0, 0, 0, 0, 0, 0, 0, 0, 0, 0, 0, 0, 0
0, 0, 0, 0, 0, 0, 0, 0, 0, 0, 0, 0, 0, 0, 0, 0, 0, 0, 0, 0, 0, 0, 0, 0, 0, 0, 0
0, 0, 0, 0, 0, 0, 0, 0, 0, 0, 0, 0, 0, 0, 0, 0, 0, 0, 0, 0, 0, 0, 0, 0, 0, 0, 0
2, 104, 2, 729, 91, 638, 364.5, 74802.25, 207662.5, 1, 52, 2, 422, 91, 331, 211.0, 14400.0, 58921.0, 3, 156, 4, 1151, 91, 638, 287.75, 39770.13888888889, 133291.75
0, 0, 0, 0, 0, 0, 0, 0, 0, 0, 0, 0, 0, 0, 0, 0, 0, 0, 0, 0, 0, 0, 0, 0, 0, 0, 0
4, 224, 0, 0, 0, 0, 0, 0, 0, 0, 0, 0, 0, 0, 0, 0, 0, 0, 4, 224, 0, 0, 0, 0, 0, 0, 0
3, 156, 4, 2029, 103, 788, 507.25, 62466.1875, 319768.75, 3, 172, 1, 189, 189, 189, 189.0, 0.0, 35721.0, 6, 328, 5, 2218, 103, 788, 443.6, 64151.47222222222, 262959.2
2, 104, 1, 103, 103, 103, 103.0, 0.0, 10609.0, 1, 52, 2, 490, 189, 301, 245.0, 3136.0, 63161.0, 3, 156, 3, 593, 103, 301, 197.66666666666666, 5735.039999999999, 45643.666666666664
0, 0, 0, 0, 0, 0, 0, 0, 0, 1, 52, 0, 0, 0, 0, 0, 0, 0, 1, 52, 0, 0, 0, 0, 0, 0, 0
0, 0, 0, 0, 0, 0, 0, 0, 0, 0, 0, 0, 0, 0, 0, 0, 0, 0, 0, 0, 0, 0, 0, 0, 0, 0, 0
0, 0, 0, 0, 0, 0, 0, 0, 0, 0, 0, 0, 0, 0, 0, 0, 0, 0, 0, 0, 0, 0, 0, 0, 0, 0, 0
0, 0, 0, 0, 0, 0, 0, 0, 0, 0, 0, 0, 0, 0, 0, 0, 0, 0, 0, 0, 0, 0, 0, 0, 0, 0, 0
0, 0, 0, 0, 0, 0, 0, 0, 0, 0, 0, 0, 0, 0, 0, 0, 0, 0, 0, 0, 0, 0, 0, 0, 0, 0, 0
3, 156, 0, 0, 0, 0, 0, 0, 0, 3, 156, 0, 0, 0, 0, 0, 0, 0, 6, 312, 0, 0, 0, 0, 0, 0, 0
0, 0, 0, 0, 0, 0, 0, 0, 0, 0, 0, 0, 0, 0, 0, 0, 0, 0, 0, 0, 0, 0, 0, 0, 0, 0, 0
0, 0, 0, 0, 0, 0, 0, 0, 0, 0, 0, 0, 0, 0, 0, 0, 0, 0, 0, 0, 0, 0, 0, 0, 0, 0, 0
0, 0, 0, 0, 0, 0, 0, 0, 0, 0, 0, 0, 0, 0, 0, 0, 0, 0, 0, 0, 0, 0, 0, 0, 0, 0, 0
0, 0, 0, 0, 0, 0, 0, 0, 0, 0, 0, 0, 0, 0, 0, 0, 0, 0, 0, 0, 0, 0, 0, 0, 0, 0, 0
0, 0, 0, 0, 0, 0, 0, 0, 0, 0, 0, 0, 0, 0, 0, 0, 0, 0, 0, 0, 0, 0, 0, 0, 0, 0, 0
1, 52, 0, 0, 0, 0, 0, 0, 0, 1, 52, 0, 0, 0, 0, 0, 0, 0, 2, 104, 0, 0, 0, 0, 0, 0, 0
0, 0, 0, 0, 0, 0, 0, 0, 0, 0, 0, 0, 0, 0, 0, 0, 0, 0, 0, 0, 0, 0, 0, 0, 0, 0, 0
0, 0, 0, 0, 0, 0, 0, 0, 0, 0, 0, 0, 0, 0, 0, 0, 0, 0, 0, 0, 0, 0, 0, 0, 0, 0, 0
0, 0, 0, 0, 0, 0, 0, 0, 0, 0, 0, 0, 0, 0, 0, 0, 0, 0, 0, 0, 0, 0, 0, 0, 0, 0, 0
0, 0, 0, 0, 0, 0, 0, 0, 0, 0, 0, 0, 0, 0, 0, 0, 0, 0, 0, 0, 0, 0, 0, 0, 0, 0, 0
0, 0, 0, 0, 0, 0, 0, 0, 0, 0, 0, 0, 0, 0, 0, 0, 0, 0, 0, 0, 0, 0, 0, 0, 0, 0, 0
0, 0, 0, 0, 0, 0, 0, 0, 0, 0, 0, 0, 0, 0, 0, 0, 0, 0, 0, 0, 0, 0, 0, 0, 0, 0, 0
0, 0, 0, 0, 0, 0, 0, 0, 0, 0, 0, 0, 0, 0, 0, 0, 0, 0, 0, 0, 0, 0, 0, 0, 0, 0, 0
0, 0, 0, 0, 0, 0, 0, 0, 0, 0, 0, 0, 0, 0, 0, 0, 0, 0, 0, 0, 0, 0, 0, 0, 0, 0, 0
0, 0, 0, 0, 0, 0, 0, 0, 0, 0, 0, 0, 0, 0, 0, 0, 0, 0, 0, 0, 0, 0, 0, 0, 0, 0, 0
2, 104, 0, 0, 0, 0, 0, 0, 0, 1, 52, 1, 83, 83, 83, 83.0, 0.0, 6889.0, 3, 156, 1, 83, 83, 83, 83.0, 0.0, 6889.0
1, 52, 0, 0, 0, 0, 0, 0, 0, 0, 0, 2, 376, 83, 293, 188.0, 11025.0, 46369.0, 1, 52, 2, 376, 83, 293, 188.0, 11025.0, 46369.0
0, 0, 0, 0, 0, 0, 0, 0, 0, 0, 0, 0, 0, 0, 0, 0, 0, 0, 0, 0, 0, 0, 0, 0, 0, 0, 0
0, 0, 0, 0, 0, 0, 0, 0, 0, 0, 0, 0, 0, 0, 0, 0, 0, 0, 0, 0, 0, 0, 0, 0, 0, 0, 0
0, 0, 0, 0, 0, 0, 0, 0, 0, 0, 0, 0, 0, 0, 0, 0, 0, 0, 0, 0, 0, 0, 0, 0, 0, 0, 0
0, 0, 0, 0, 0, 0, 0, 0, 0, 0, 0, 0, 0, 0, 0, 0, 0, 0, 0, 0, 0, 0, 0, 0, 0, 0, 0
0, 0, 0, 0, 0, 0, 0, 0, 0, 0, 0, 0, 0, 0, 0, 0, 0, 0, 0, 0, 0, 0, 0, 0, 0, 0, 0
0, 0, 0, 0, 0, 0, 0, 0, 0, 0, 0, 0, 0, 0, 0, 0, 0, 0, 0, 0, 0, 0, 0, 0, 0, 0, 0
0, 0, 0, 0, 0, 0, 0, 0, 0, 0, 0, 0, 0, 0, 0, 0, 0, 0, 0, 0, 0, 0, 0, 0, 0, 0, 0
0, 0, 0, 0, 0, 0, 0, 0, 0, 0, 0, 0, 0, 0, 0, 0, 0, 0, 0, 0, 0, 0, 0, 0, 0, 0, 0
0, 0, 0, 0, 0, 0, 0, 0, 0, 0, 0, 0, 0, 0, 0, 0, 0, 0, 0, 0, 0, 0, 0, 0, 0, 0, 0
0, 0, 0, 0, 0, 0, 0, 0, 0, 0, 0, 0, 0, 0, 0, 0, 0, 0, 0, 0, 0, 0, 0, 0, 0, 0, 0
0, 0, 0, 0, 0, 0, 0, 0, 0, 0, 0, 0, 0, 0, 0, 0, 0, 0, 0, 0, 0, 0, 0, 0, 0, 0, 0
0, 0, 0, 0, 0, 0, 0, 0, 0, 0, 0, 0, 0, 0, 0, 0, 0, 0, 0, 0, 0, 0, 0, 0, 0, 0, 0
0, 0, 0, 0, 0, 0, 0, 0, 0, 0, 0, 0, 0, 0, 0, 0, 0, 0, 0, 0, 0, 0, 0, 0, 0, 0, 0
0, 0, 0, 0, 0, 0, 0, 0, 0, 0, 0, 0, 0, 0, 0, 0, 0, 0, 0, 0, 0, 0, 0, 0, 0, 0, 0
0, 0, 0, 0, 0, 0, 0, 0, 0, 0, 0, 0, 0, 0, 0, 0, 0, 0, 0, 0, 0, 0, 0, 0, 0, 0, 0
6, 296, 0, 0, 0, 0, 0, 0, 0, 1, 52, 1, 83, 83, 83, 83.0, 0.0, 6889.0, 7, 348, 1, 83, 83, 83, 83.0, 0.0, 6889.0
2, 112, 1, 569, 569, 569, 569.0, 0.0, 323761.0, 2, 112, 0, 0, 0, 0, 0, 0, 0, 4, 224, 1, 569, 569, 569, 569.0, 0.0, 323761.0
2, 104, 3, 1460, 103, 788, 486.6666666666667, 81593.55555555556, 318438.0, 1, 60, 1, 189, 189, 189, 189.0, 0.0, 35721.0, 3, 164, 4, 1649, 103, 788, 412.25, 70221.44, 247758.75
2, 104, 1, 103, 103, 103, 103.0, 0.0, 10609.0, 1, 52, 2, 490, 189, 301, 245.0, 3136.0, 63161.0, 3, 156, 3, 593, 103, 301, 197.66666666666666, 5735.039999999999, 45643.666666666664
0, 0, 0, 0, 0, 0, 0, 0, 0, 1, 52, 0, 0, 0, 0, 0, 0, 0, 1, 52, 0, 0, 0, 0, 0, 0, 0
0, 0, 0, 0, 0, 0, 0, 0, 0, 0, 0, 0, 0, 0, 0, 0, 0, 0, 0, 0, 0, 0, 0, 0, 0, 0, 0
0, 0, 0, 0, 0, 0, 0, 0, 0, 0, 0, 0, 0, 0, 0, 0, 0, 0, 0, 0, 0, 0, 0, 0, 0, 0, 0
67, 3484, 1, 574, 574, 574, 574.0, 0.0, 329476.0, 1, 64, 138, 1331693, 140, 24504, 9649.949275362318, 56212454.946702376, 149333975.96376812, 68, 3548, 139, 1332267, 140, 24504, 9584.654676258993, 56305823.269350566, 148262001.1438849
0, 0, 0, 0, 0, 0, 0, 0, 0, 0, 0, 0, 0, 0, 0, 0, 0, 0, 0, 0, 0, 0, 0, 0, 0, 0, 0
0, 0, 0, 0, 0, 0, 0, 0, 0, 0, 0, 0, 0, 0, 0, 0, 0, 0, 0, 0, 0, 0, 0, 0, 0, 0, 0
0, 0, 0, 0, 0, 0, 0, 0, 0, 0, 0, 0, 0, 0, 0, 0, 0, 0, 0, 0, 0, 0, 0, 0, 0, 0, 0
0, 0, 0, 0, 0, 0, 0, 0, 0, 0, 0, 0, 0, 0, 0, 0, 0, 0, 0, 0, 0, 0, 0, 0, 0, 0, 0
0, 0, 0, 0, 0, 0, 0, 0, 0, 0, 0, 0, 0, 0, 0, 0, 0, 0, 0, 0, 0, 0, 0, 0, 0, 0, 0
2, 104, 2, 729, 91, 638, 364.5, 74802.25, 207662.5, 1, 52, 2, 422, 91, 331, 211.0, 14400.0, 58921.0, 3, 156, 4, 1151, 91, 638, 287.75, 39770.13888888889, 133291.75
0, 0, 0, 0, 0, 0, 0, 0, 0, 0, 0, 0, 0, 0, 0, 0, 0, 0, 0, 0, 0, 0, 0, 0, 0, 0, 0
0, 0, 0, 0, 0, 0, 0, 0, 0, 0, 0, 0, 0, 0, 0, 0, 0, 0, 0, 0, 0, 0, 0, 0, 0, 0, 0
0, 0, 0, 0, 0, 0, 0, 0, 0, 0, 0, 0, 0, 0, 0, 0, 0, 0, 0, 0, 0, 0, 0, 0, 0, 0, 0
0, 0, 0, 0, 0, 0, 0, 0, 0, 0, 0, 0, 0, 0, 0, 0, 0, 0, 0, 0, 0, 0, 0, 0, 0, 0, 0
162, 8424, 2, 1151, 574, 577, 575.5, 2.25, 331202.5, 0, 0, 570, 1436228, 1385, 17428, 2519.698245614035, 10232837.407189902, 16581716.656140352, 162, 8424, 572, 1437379, 574, 17428, 2512.9003496503497, 10221524.713423312, 16524896.676573427
2, 104, 0, 0, 0, 0, 0, 0, 0, 2, 104, 1, 76, 76, 76, 76.0, 0.0, 5776.0, 4, 208, 1, 76, 76, 76, 76.0, 0.0, 5776.0
0, 0, 0, 0, 0, 0, 0, 0, 0, 0, 0, 0, 0, 0, 0, 0, 0, 0, 0, 0, 0, 0, 0, 0, 0, 0, 0
0, 0, 0, 0, 0, 0, 0, 0, 0, 0, 0, 0, 0, 0, 0, 0, 0, 0, 0, 0, 0, 0, 0, 0, 0, 0, 0
0, 0, 0, 0, 0, 0, 0, 0, 0, 0, 0, 0, 0, 0, 0, 0, 0, 0, 0, 0, 0, 0, 0, 0, 0, 0, 0
0, 0, 0, 0, 0, 0, 0, 0, 0, 0, 0, 0, 0, 0, 0, 0, 0, 0, 0, 0, 0, 0, 0, 0, 0, 0, 0
0, 0, 0, 0, 0, 0, 0, 0, 0, 0, 0, 0, 0, 0, 0, 0, 0, 0, 0, 0, 0, 0, 0, 0, 0, 0, 0
2, 104, 0, 0, 0, 0, 0, 0, 0, 1, 52, 1, 83, 83, 83, 83.0, 0.0, 6889.0, 3, 156, 1, 83, 83, 83, 83.0, 0.0, 6889.0
1, 52, 0, 0, 0, 0, 0, 0, 0, 0, 0, 2, 376, 83, 293, 188.0, 11025.0, 46369.0, 1, 52, 2, 376, 83, 293, 188.0, 11025.0, 46369.0
0, 0, 0, 0, 0, 0, 0, 0, 0, 0, 0, 0, 0, 0, 0, 0, 0, 0, 0, 0, 0, 0, 0, 0, 0, 0, 0
4, 208, 1, 577, 577, 577, 577.0, 0.0, 332929.0, 0, 0, 7, 66162, 2318, 16465, 9451.714285714286, 33976910.7755102, 123311813.71428572, 4, 208, 8, 66739, 577, 16465, 8342.375, 36612440.06222222, 107939453.125
14, 728, 1, 574, 574, 574, 574.0, 0.0, 329476.0, 2, 108, 42, 410894, 1500, 17428, 9783.190476190477, 46549634.725623585, 142260450.6190476, 16, 836, 43, 411468, 574, 17428, 9569.023255813954, 46988008.83543253, 138959730.27906978
85, 4420, 0, 0, 0, 0, 0, 0, 0, 1, 52, 214, 951885, 1500, 17428, 4448.060747663551, 29821596.206590094, 49606840.62149533, 86, 4472, 214, 951885, 1500, 17428, 4448.060747663551, 29821596.206590094, 49606840.62149533
0, 0, 0, 0, 0, 0, 0, 0, 0, 0, 0, 0, 0, 0, 0, 0, 0, 0, 0, 0, 0, 0, 0, 0, 0, 0, 0
0, 0, 0, 0, 0, 0, 0, 0, 0, 0, 0, 0, 0, 0, 0, 0, 0, 0, 0, 0, 0, 0, 0, 0, 0, 0, 0
0, 0, 0, 0, 0, 0, 0, 0, 0, 0, 0, 0, 0, 0, 0, 0, 0, 0, 0, 0, 0, 0, 0, 0, 0, 0, 0
0, 0, 0, 0, 0, 0, 0, 0, 0, 0, 0, 0, 0, 0, 0, 0, 0, 0, 0, 0, 0, 0, 0, 0, 0, 0, 0
0, 0, 0, 0, 0, 0, 0, 0, 0, 0, 0, 0, 0, 0, 0, 0, 0, 0, 0, 0, 0, 0, 0, 0, 0, 0, 0
0, 0, 0, 0, 0, 0, 0, 0, 0, 0, 0, 0, 0, 0, 0, 0, 0, 0, 0, 0, 0, 0, 0, 0, 0, 0, 0
0, 0, 0, 0, 0, 0, 0, 0, 0, 0, 0, 0, 0, 0, 0, 0, 0, 0, 0, 0, 0, 0, 0, 0, 0, 0, 0
0, 0, 0, 0, 0, 0, 0, 0, 0, 0, 0, 0, 0, 0, 0, 0, 0, 0, 0, 0, 0, 0, 0, 0, 0, 0, 0
3, 156, 1, 577, 577, 577, 577.0, 0.0, 332929.0, 0, 0, 10, 66708, 755, 20324, 6670.8, 44933987.56, 89433560.2, 3, 156, 11, 67285, 577, 20324, 6116.818181818182, 44478373.569161005, 81333502.81818181
0, 0, 0, 0, 0, 0, 0, 0, 0, 0, 0, 0, 0, 0, 0, 0, 0, 0, 0, 0, 0, 0, 0, 0, 0, 0, 0
50, 2600, 1, 574, 574, 574, 574.0, 0.0, 329476.0, 0, 0, 122, 1343771, 1500, 25886, 11014.516393442624, 53265321.62678045, 174584893.0081967, 50, 2600, 123, 1344345, 574, 25886, 10929.634146341463, 53491012.01489379, 173168182.30081302
1, 60, 0, 0, 0, 0, 0, 0, 0, 0, 0, 0, 0, 0, 0, 0, 0, 0, 1, 60, 0, 0, 0, 0, 0, 0, 0
2, 112, 1, 569, 569, 569, 569.0, 0.0, 323761.0, 1, 60, 0, 0, 0, 0, 0, 0, 0, 3, 172, 1, 569, 569, 569, 569.0, 0.0, 323761.0
3, 156, 4, 1563, 103, 788, 390.75, 88795.1875, 241480.75, 1, 60, 2, 378, 189, 189, 189.0, 0.0, 35721.0, 4, 216, 6, 1941, 103, 788, 323.5, 54573.359375, 172894.16666666666
