addr1_packet_ctrl, addr1_bytes_ctrl, addr1_packet, addr1_bytes, addr1_pkt_len_min, addr1_pkt_len_max, addr1_pkt_len_avg,addr1_pkt_len_var, addr1_pkt_len_mom2, addr2_packet_ctrl, addr2_bytes_ctrl, addr2_packet, addr2_bytes, addr2_pkt_len_min, addr2_pkt_len_max, addr2_pkt_len_avg,addr2_pkt_len_var, addr2_pkt_len_mom2, addra_packet_ctrl, addra_bytes_ctrl, addra_packet, addra_bytes, addra_pkt_len_min, addra_pkt_len_max, addra_pkt_len_avg,addra_pkt_len_var, addra_pkt_len_mom2 
0, 0, 1, 200, 200, 200, 200.0, 0.0, 40000.0, 0, 0, 0, 0, 0, 0, 0, 0, 0, 0, 0, 1, 200, 200, 200, 200.0, 0.0, 40000.0
0, 0, 0, 0, 0, 0, 0, 0, 0, 0, 0, 0, 0, 0, 0, 0, 0, 0, 0, 0, 0, 0, 0, 0, 0, 0, 0
0, 0, 1, 195, 195, 195, 195.0, 0.0, 38025.0, 0, 0, 0, 0, 0, 0, 0, 0, 0, 0, 0, 1, 195, 195, 195, 195.0, 0.0, 38025.0
0, 0, 1, 200, 200, 200, 200.0, 0.0, 40000.0, 0, 0, 0, 0, 0, 0, 0, 0, 0, 0, 0, 1, 200, 200, 200, 200.0, 0.0, 40000.0
2, 80, 1, 157, 157, 157, 157.0, 0.0, 24649.0, 0, 0, 0, 0, 0, 0, 0, 0, 0, 2, 80, 1, 157, 157, 157, 157.0, 0.0, 24649.0
0, 0, 2, 395, 195, 200, 197.5, 6.25, 39012.5, 0, 0, 0, 0, 0, 0, 0, 0, 0, 0, 0, 2, 395, 195, 200, 197.5, 6.25, 39012.5
0, 0, 0, 0, 0, 0, 0, 0, 0, 0, 0, 0, 0, 0, 0, 0, 0, 0, 0, 0, 0, 0, 0, 0, 0, 0, 0
0, 0, 1, 157, 157, 157, 157.0, 0.0, 24649.0, 0, 0, 0, 0, 0, 0, 0, 0, 0, 0, 0, 1, 157, 157, 157, 157.0, 0.0, 24649.0
2, 112, 6, 1435, 76, 569, 239.16666666666666, 23730.472222222223, 80931.16666666667, 2, 112, 0, 0, 0, 0, 0, 0, 0, 4, 224, 6, 1435, 76, 569, 239.16666666666666, 23730.472222222223, 80931.16666666667
24, 1256, 17, 3211, 83, 593, 188.88235294117646, 27311.633217993083, 62988.17647058824, 15, 788, 34, 52755, 83, 5724, 1551.6176470588234, 3419219.883217993, 5826737.205882353, 39, 2044, 51, 55966, 83, 5724, 1097.3725490196077, 3037965.8303114185, 3905487.529411765
9, 484, 9, 2299, 83, 569, 255.44444444444446, 38375.358024691355, 103627.22222222222, 10, 536, 8, 8220, 83, 3833, 1027.5, 1815324.5, 2871080.75, 19, 1020, 17, 10519, 83, 3833, 618.7647058823529, 1312957.2863999999, 1405958.294117647
32, 1676, 16, 4261, 68, 569, 266.3125, 38644.33984375, 109566.6875, 10, 544, 28, 57868, 83, 5724, 2066.714285714286, 2959907.4183673477, 7231215.357142857, 42, 2220, 44, 62129, 68, 5724, 1412.0227272727273, 2870987.873263889, 4641524.931818182
1, 40, 1, 195, 195, 195, 195.0, 0.0, 38025.0, 0, 0, 0, 0, 0, 0, 0, 0, 0, 1, 40, 1, 195, 195, 195, 195.0, 0.0, 38025.0
9, 468, 1, 91, 91, 91, 91.0, 0.0, 8281.0, 1, 52, 9, 25333, 122, 5724, 2814.777777777778, 3555527.506172839, 11478501.444444444, 10, 520, 10, 25424, 91, 5724, 2542.4, 3738315.1911357334, 10331479.4
0, 0, 3, 463, 68, 200, 154.33333333333334, 3730.8888888888887, 27549.666666666668, 0, 0, 0, 0, 0, 0, 0, 0, 0, 0, 0, 3, 463, 68, 200, 154.33333333333334, 3730.8888888888887, 27549.666666666668
0, 0, 2, 352, 157, 195, 176.0, 361.0, 31337.0, 0, 0, 0, 0, 0, 0, 0, 0, 0, 0, 0, 2, 352, 157, 195, 176.0, 361.0, 31337.0
87, 4540, 12, 7491, 91, 1473, 624.25, 274344.0208333333, 664032.0833333334, 12, 640, 96, 542199, 83, 21772, 5647.90625, 15968933.084960938, 47867778.09375, 99, 5180, 108, 549690, 83, 21772, 5089.722222222223, 16442932.876658017, 42622917.425925925
111, 5780, 25, 10115, 82, 1463, 404.6, 251100.4, 414801.56, 20, 1048, 141, 1082923, 83, 21772, 7680.304964539007, 44322666.97791861, 103309751.32624114, 131, 6828, 166, 1093038, 82, 21772, 6584.566265060241, 44693479.3978716, 87813523.95180723
34, 1768, 9, 2717, 83, 1385, 301.8888888888889, 158370.54320987655, 249507.44444444444, 5, 260, 41, 302617, 83, 23220, 7380.90243902439, 66997048.234384306, 121474769.04878049, 39, 2028, 50, 305334, 83, 23220, 6106.68, 64852633.116531834, 99654221.96
0, 0, 0, 0, 0, 0, 0, 0, 0, 0, 0, 0, 0, 0, 0, 0, 0, 0, 0, 0, 0, 0, 0, 0, 0, 0, 0
0, 0, 2, 263, 68, 195, 131.5, 4032.25, 21324.5, 0, 0, 0, 0, 0, 0, 0, 0, 0, 0, 0, 2, 263, 68, 195, 131.5, 4032.25, 21324.5
0, 0, 3, 388, 91, 172, 129.33333333333334, 1102.888888888889, 17830.0, 2, 104, 1, 131, 131, 131, 131.0, 0.0, 17161.0, 2, 104, 4, 519, 91, 172, 129.75, 662.4, 17662.75
0, 0, 0, 0, 0, 0, 0, 0, 0, 0, 0, 0, 0, 0, 0, 0, 0, 0, 0, 0, 0, 0, 0, 0, 0, 0, 0
0, 0, 1, 172, 172, 172, 172.0, 0.0, 29584.0, 0, 0, 0, 0, 0, 0, 0, 0, 0, 0, 0, 1, 172, 172, 172, 172.0, 0.0, 29584.0
0, 0, 1, 68, 68, 68, 68.0, 0.0, 4624.0, 0, 0, 0, 0, 0, 0, 0, 0, 0, 0, 0, 1, 68, 68, 68, 68.0, 0.0, 4624.0
0, 0, 0, 0, 0, 0, 0, 0, 0, 0, 0, 0, 0, 0, 0, 0, 0, 0, 0, 0, 0, 0, 0, 0, 0, 0, 0
0, 0, 3, 390, 87, 212, 130.0, 3364.6666666666665, 20264.666666666668, 1, 52, 1, 160, 160, 160, 160.0, 0.0, 25600.0, 1, 52, 4, 550, 87, 212, 137.5, 2234.8, 21598.5
0, 0, 4, 1266, 68, 751, 316.5, 67236.25, 167408.5, 3, 156, 0, 0, 0, 0, 0, 0, 0, 3, 156, 4, 1266, 68, 751, 316.5, 67236.25, 167408.5
5, 260, 4, 502, 91, 195, 125.5, 1802.75, 17553.0, 3, 156, 7, 716, 83, 132, 102.28571428571429, 343.9183673469388, 10806.285714285714, 8, 416, 11, 1218, 83, 195, 110.72727272727273, 761.246913580247, 13259.636363636364
0, 0, 0, 0, 0, 0, 0, 0, 0, 0, 0, 0, 0, 0, 0, 0, 0, 0, 0, 0, 0, 0, 0, 0, 0, 0, 0
41, 2120, 3, 1781, 195, 1386, 593.6666666666666, 313900.2222222222, 666340.3333333334, 1, 52, 40, 328750, 2370, 23220, 8218.75, 47289549.7375, 114837401.3, 42, 2172, 43, 330531, 195, 23220, 7686.767441860465, 47617190.653795905, 106871978.44186047
0, 0, 1, 450, 450, 450, 450.0, 0.0, 202500.0, 1, 52, 0, 0, 0, 0, 0, 0, 0, 1, 52, 1, 450, 450, 450, 450.0, 0.0, 202500.0
2, 104, 5, 503, 68, 185, 100.6, 1886.64, 12007.0, 3, 156, 6, 772, 83, 202, 128.66666666666666, 2216.222222222222, 18771.333333333332, 5, 260, 11, 1275, 68, 202, 115.9090909090909, 2282.83044982699, 15696.636363636364
1, 40, 2, 395, 195, 200, 197.5, 6.25, 39012.5, 0, 0, 0, 0, 0, 0, 0, 0, 0, 1, 40, 2, 395, 195, 200, 197.5, 6.25, 39012.5
0, 0, 0, 0, 0, 0, 0, 0, 0, 0, 0, 0, 0, 0, 0, 0, 0, 0, 0, 0, 0, 0, 0, 0, 0, 0, 0
0, 0, 2, 268, 68, 200, 134.0, 4356.0, 22312.0, 0, 0, 0, 0, 0, 0, 0, 0, 0, 0, 0, 2, 268, 68, 200, 134.0, 4356.0, 22312.0
0, 0, 1, 195, 195, 195, 195.0, 0.0, 38025.0, 0, 0, 0, 0, 0, 0, 0, 0, 0, 0, 0, 1, 195, 195, 195, 195.0, 0.0, 38025.0
0, 0, 0, 0, 0, 0, 0, 0, 0, 0, 0, 0, 0, 0, 0, 0, 0, 0, 0, 0, 0, 0, 0, 0, 0, 0, 0
0, 0, 0, 0, 0, 0, 0, 0, 0, 0, 0, 0, 0, 0, 0, 0, 0, 0, 0, 0, 0, 0, 0, 0, 0, 0, 0
0, 0, 0, 0, 0, 0, 0, 0, 0, 0, 0, 0, 0, 0, 0, 0, 0, 0, 0, 0, 0, 0, 0, 0, 0, 0, 0
2, 104, 6, 3920, 68, 1686, 653.3333333333334, 397196.8888888888, 824041.3333333334, 6, 312, 6, 596, 83, 124, 99.33333333333333, 314.88888888888886, 10182.0, 8, 416, 12, 4516, 68, 1686, 376.3333333333333, 200812.44444444444, 417111.6666666667
0, 0, 0, 0, 0, 0, 0, 0, 0, 0, 0, 0, 0, 0, 0, 0, 0, 0, 0, 0, 0, 0, 0, 0, 0, 0, 0
0, 0, 0, 0, 0, 0, 0, 0, 0, 0, 0, 0, 0, 0, 0, 0, 0, 0, 0, 0, 0, 0, 0, 0, 0, 0, 0
0, 0, 0, 0, 0, 0, 0, 0, 0, 0, 0, 0, 0, 0, 0, 0, 0, 0, 0, 0, 0, 0, 0, 0, 0, 0, 0
0, 0, 0, 0, 0, 0, 0, 0, 0, 0, 0, 0, 0, 0, 0, 0, 0, 0, 0, 0, 0, 0, 0, 0, 0, 0, 0
0, 0, 0, 0, 0, 0, 0, 0, 0, 0, 0, 0, 0, 0, 0, 0, 0, 0, 0, 0, 0, 0, 0, 0, 0, 0, 0
0, 0, 0, 0, 0, 0, 0, 0, 0, 0, 0, 0, 0, 0, 0, 0, 0, 0, 0, 0, 0, 0, 0, 0, 0, 0, 0
0, 0, 0, 0, 0, 0, 0, 0, 0, 0, 0, 0, 0, 0, 0, 0, 0, 0, 0, 0, 0, 0, 0, 0, 0, 0, 0
0, 0, 0, 0, 0, 0, 0, 0, 0, 0, 0, 0, 0, 0, 0, 0, 0, 0, 0, 0, 0, 0, 0, 0, 0, 0, 0
1, 40, 1, 157, 157, 157, 157.0, 0.0, 24649.0, 0, 0, 0, 0, 0, 0, 0, 0, 0, 1, 40, 1, 157, 157, 157, 157.0, 0.0, 24649.0
0, 0, 0, 0, 0, 0, 0, 0, 0, 0, 0, 0, 0, 0, 0, 0, 0, 0, 0, 0, 0, 0, 0, 0, 0, 0, 0
2, 80, 0, 0, 0, 0, 0, 0, 0, 0, 0, 0, 0, 0, 0, 0, 0, 0, 2, 80, 0, 0, 0, 0, 0, 0, 0
1, 40, 1, 157, 157, 157, 157.0, 0.0, 24649.0, 0, 0, 0, 0, 0, 0, 0, 0, 0, 1, 40, 1, 157, 157, 157, 157.0, 0.0, 24649.0
0, 0, 13, 25453, 199, 4156, 1957.923076923077, 1749161.6094674554, 5582624.384615385, 22, 1144, 0, 0, 0, 0, 0, 0, 0, 22, 1144, 13, 25453, 199, 4156, 1957.923076923077, 1749161.6094674554, 5582624.384615385
53, 2756, 3, 1651, 91, 1388, 550.3333333333334, 351936.22222222225, 654803.0, 3, 156, 61, 654939, 83, 23220, 10736.704918032787, 48230989.978500396, 163507822.47540984, 56, 2912, 64, 656590, 83, 23220, 10259.21875, 49512417.666175984, 155874087.1875
0, 0, 0, 0, 0, 0, 0, 0, 0, 0, 0, 0, 0, 0, 0, 0, 0, 0, 0, 0, 0, 0, 0, 0, 0, 0, 0
0, 0, 0, 0, 0, 0, 0, 0, 0, 0, 0, 0, 0, 0, 0, 0, 0, 0, 0, 0, 0, 0, 0, 0, 0, 0, 0
0, 0, 1, 172, 172, 172, 172.0, 0.0, 29584.0, 0, 0, 0, 0, 0, 0, 0, 0, 0, 0, 0, 1, 172, 172, 172, 172.0, 0.0, 29584.0
0, 0, 0, 0, 0, 0, 0, 0, 0, 0, 0, 0, 0, 0, 0, 0, 0, 0, 0, 0, 0, 0, 0, 0, 0, 0, 0
1, 52, 2, 545, 91, 454, 272.5, 32942.25, 107198.5, 2, 104, 3, 296, 83, 122, 98.66666666666667, 282.88888888888886, 10018.0, 3, 156, 5, 841, 83, 454, 168.2, 14113.609375, 48890.2
0, 0, 1, 157, 157, 157, 157.0, 0.0, 24649.0, 0, 0, 0, 0, 0, 0, 0, 0, 0, 0, 0, 1, 157, 157, 157, 157.0, 0.0, 24649.0
0, 0, 0, 0, 0, 0, 0, 0, 0, 0, 0, 0, 0, 0, 0, 0, 0, 0, 0, 0, 0, 0, 0, 0, 0, 0, 0
0, 0, 0, 0, 0, 0, 0, 0, 0, 0, 0, 0, 0, 0, 0, 0, 0, 0, 0, 0, 0, 0, 0, 0, 0, 0, 0
0, 0, 1, 157, 157, 157, 157.0, 0.0, 24649.0, 0, 0, 0, 0, 0, 0, 0, 0, 0, 0, 0, 1, 157, 157, 157, 157.0, 0.0, 24649.0
0, 0, 0, 0, 0, 0, 0, 0, 0, 0, 0, 0, 0, 0, 0, 0, 0, 0, 0, 0, 0, 0, 0, 0, 0, 0, 0
0, 0, 0, 0, 0, 0, 0, 0, 0, 0, 0, 0, 0, 0, 0, 0, 0, 0, 0, 0, 0, 0, 0, 0, 0, 0, 0
1, 40, 1, 226, 226, 226, 226.0, 0.0, 51076.0, 0, 0, 0, 0, 0, 0, 0, 0, 0, 1, 40, 1, 226, 226, 226, 226.0, 0.0, 51076.0
1, 40, 2, 1653, 195, 1458, 826.5, 398792.25, 1081894.5, 0, 0, 0, 0, 0, 0, 0, 0, 0, 1, 40, 2, 1653, 195, 1458, 826.5, 398792.25, 1081894.5
7, 364, 0, 0, 0, 0, 0, 0, 0, 0, 0, 7, 96800, 5844, 20324, 13828.57142857143, 32681830.530612238, 223911218.2857143, 7, 364, 7, 96800, 5844, 20324, 13828.57142857143, 32681830.53061224, 223911218.2857143
0, 0, 0, 0, 0, 0, 0, 0, 0, 0, 0, 0, 0, 0, 0, 0, 0, 0, 0, 0, 0, 0, 0, 0, 0, 0, 0
0, 0, 1, 195, 195, 195, 195.0, 0.0, 38025.0, 0, 0, 0, 0, 0, 0, 0, 0, 0, 0, 0, 1, 195, 195, 195, 195.0, 0.0, 38025.0
0, 0, 0, 0, 0, 0, 0, 0, 0, 0, 0, 0, 0, 0, 0, 0, 0, 0, 0, 0, 0, 0, 0, 0, 0, 0, 0
0, 0, 1, 195, 195, 195, 195.0, 0.0, 38025.0, 0, 0, 0, 0, 0, 0, 0, 0, 0, 0, 0, 1, 195, 195, 195, 195.0, 0.0, 38025.0
0, 0, 1, 195, 195, 195, 195.0, 0.0, 38025.0, 0, 0, 0, 0, 0, 0, 0, 0, 0, 0, 0, 1, 195, 195, 195, 195.0, 0.0, 38025.0
0, 0, 1, 195, 195, 195, 195.0, 0.0, 38025.0, 0, 0, 0, 0, 0, 0, 0, 0, 0, 0, 0, 1, 195, 195, 195, 195.0, 0.0, 38025.0
9, 468, 3, 1849, 195, 1459, 616.3333333333334, 355043.5555555555, 734910.3333333334, 0, 0, 9, 86111, 2948, 17428, 9567.888888888889, 38496634.7654321, 130041132.55555555, 9, 468, 12, 87960, 195, 17428, 7330.0, 42859715.22902495, 97714577.0
0, 0, 1, 195, 195, 195, 195.0, 0.0, 38025.0, 0, 0, 0, 0, 0, 0, 0, 0, 0, 0, 0, 1, 195, 195, 195, 195.0, 0.0, 38025.0
0, 0, 1, 200, 200, 200, 200.0, 0.0, 40000.0, 0, 0, 0, 0, 0, 0, 0, 0, 0, 0, 0, 1, 200, 200, 200, 200.0, 0.0, 40000.0
0, 0, 1, 195, 195, 195, 195.0, 0.0, 38025.0, 0, 0, 0, 0, 0, 0, 0, 0, 0, 0, 0, 1, 195, 195, 195, 195.0, 0.0, 38025.0
0, 0, 3, 590, 195, 200, 196.66666666666666, 5.555555555555556, 38683.333333333336, 0, 0, 0, 0, 0, 0, 0, 0, 0, 0, 0, 3, 590, 195, 200, 196.66666666666666, 5.555555555555556, 38683.333333333336
0, 0, 1, 195, 195, 195, 195.0, 0.0, 38025.0, 0, 0, 0, 0, 0, 0, 0, 0, 0, 0, 0, 1, 195, 195, 195, 195.0, 0.0, 38025.0
8, 416, 2, 1655, 195, 1460, 827.5, 400056.25, 1084812.5, 0, 0, 8, 86832, 2948, 17428, 10854.0, 43761836.0, 161571152.0, 8, 416, 10, 88487, 195, 17428, 8848.7, 48872818.7191358, 129473884.1
0, 0, 2, 395, 195, 200, 197.5, 6.25, 39012.5, 0, 0, 0, 0, 0, 0, 0, 0, 0, 0, 0, 2, 395, 195, 200, 197.5, 6.25, 39012.5
0, 0, 0, 0, 0, 0, 0, 0, 0, 0, 0, 0, 0, 0, 0, 0, 0, 0, 0, 0, 0, 0, 0, 0, 0, 0, 0
0, 0, 1, 195, 195, 195, 195.0, 0.0, 38025.0, 0, 0, 0, 0, 0, 0, 0, 0, 0, 0, 0, 1, 195, 195, 195, 195.0, 0.0, 38025.0
0, 0, 1, 200, 200, 200, 200.0, 0.0, 40000.0, 0, 0, 0, 0, 0, 0, 0, 0, 0, 0, 0, 1, 200, 200, 200, 200.0, 0.0, 40000.0
0, 0, 0, 0, 0, 0, 0, 0, 0, 0, 0, 0, 0, 0, 0, 0, 0, 0, 0, 0, 0, 0, 0, 0, 0, 0, 0
1, 52, 3, 743, 91, 457, 247.66666666666666, 23712.888888888887, 85051.66666666667, 2, 104, 3, 296, 83, 122, 98.66666666666667, 282.88888888888886, 10018.0, 3, 156, 6, 1039, 83, 457, 173.16666666666666, 13026.444444444443, 47534.833333333336
10, 520, 1, 1460, 1460, 1460, 1460.0, 0.0, 2131600.0, 0, 0, 10, 94213, 2948, 23220, 9421.3, 49197584.81, 137958478.5, 10, 520, 11, 95673, 1460, 23220, 8697.545454545454, 49729323.29705215, 125610580.45454545
0, 0, 0, 0, 0, 0, 0, 0, 0, 0, 0, 0, 0, 0, 0, 0, 0, 0, 0, 0, 0, 0, 0, 0, 0, 0, 0
0, 0, 0, 0, 0, 0, 0, 0, 0, 0, 0, 0, 0, 0, 0, 0, 0, 0, 0, 0, 0, 0, 0, 0, 0, 0, 0
0, 0, 0, 0, 0, 0, 0, 0, 0, 0, 0, 0, 0, 0, 0, 0, 0, 0, 0, 0, 0, 0, 0, 0, 0, 0, 0
0, 0, 0, 0, 0, 0, 0, 0, 0, 0, 0, 0, 0, 0, 0, 0, 0, 0, 0, 0, 0, 0, 0, 0, 0, 0, 0
0, 0, 0, 0, 0, 0, 0, 0, 0, 0, 0, 0, 0, 0, 0, 0, 0, 0, 0, 0, 0, 0, 0, 0, 0, 0, 0
0, 0, 0, 0, 0, 0, 0, 0, 0, 0, 0, 0, 0, 0, 0, 0, 0, 0, 0, 0, 0, 0, 0, 0, 0, 0, 0
6, 312, 1, 1460, 1460, 1460, 1460.0, 0.0, 2131600.0, 0, 0, 6, 89670, 2948, 23220, 14945.0, 59560557.0, 282913582.0, 6, 312, 7, 91130, 1460, 23220, 13018.57142857143, 67891062.67455623, 242801870.2857143
0, 0, 0, 0, 0, 0, 0, 0, 0, 0, 0, 0, 0, 0, 0, 0, 0, 0, 0, 0, 0, 0, 0, 0, 0, 0, 0
0, 0, 0, 0, 0, 0, 0, 0, 0, 0, 0, 0, 0, 0, 0, 0, 0, 0, 0, 0, 0, 0, 0, 0, 0, 0, 0
0, 0, 0, 0, 0, 0, 0, 0, 0, 0, 0, 0, 0, 0, 0, 0, 0, 0, 0, 0, 0, 0, 0, 0, 0, 0, 0
0, 0, 0, 0, 0, 0, 0, 0, 0, 0, 0, 0, 0, 0, 0, 0, 0, 0, 0, 0, 0, 0, 0, 0, 0, 0, 0
0, 0, 0, 0, 0, 0, 0, 0, 0, 0, 0, 0, 0, 0, 0, 0, 0, 0, 0, 0, 0, 0, 0, 0, 0, 0, 0
1, 40, 0, 0, 0, 0, 0, 0, 0, 0, 0, 0, 0, 0, 0, 0, 0, 0, 1, 40, 0, 0, 0, 0, 0, 0, 0
1, 40, 0, 0, 0, 0, 0, 0, 0, 0, 0, 0, 0, 0, 0, 0, 0, 0, 1, 40, 0, 0, 0, 0, 0, 0, 0
0, 0, 1, 68, 68, 68, 68.0, 0.0, 4624.0, 0, 0, 0, 0, 0, 0, 0, 0, 0, 0, 0, 1, 68, 68, 68, 68.0, 0.0, 4624.0
10, 520, 1, 1460, 1460, 1460, 1460.0, 0.0, 2131600.0, 0, 0, 10, 87717, 2948, 26116, 8771.7, 55362029.61, 132304750.5, 10, 520, 11, 89177, 1460, 26116, 8107.0, 55150275.67800455, 120470827.72727273
0, 0, 0, 0, 0, 0, 0, 0, 0, 0, 0, 0, 0, 0, 0, 0, 0, 0, 0, 0, 0, 0, 0, 0, 0, 0, 0
0, 0, 1, 68, 68, 68, 68.0, 0.0, 4624.0, 0, 0, 0, 0, 0, 0, 0, 0, 0, 0, 0, 1, 68, 68, 68, 68.0, 0.0, 4624.0
0, 0, 0, 0, 0, 0, 0, 0, 0, 0, 0, 0, 0, 0, 0, 0, 0, 0, 0, 0, 0, 0, 0, 0, 0, 0, 0
0, 0, 0, 0, 0, 0, 0, 0, 0, 0, 0, 0, 0, 0, 0, 0, 0, 0, 0, 0, 0, 0, 0, 0, 0, 0, 0
0, 0, 0, 0, 0, 0, 0, 0, 0, 0, 0, 0, 0, 0, 0, 0, 0, 0, 0, 0, 0, 0, 0, 0, 0, 0, 0
15, 780, 1, 1389, 1389, 1389, 1389.0, 0.0, 1929321.0, 0, 0, 40, 319192, 1500, 23220, 7979.8, 54408158.360000014, 118085366.4, 15, 780, 41, 320581, 1389, 23220, 7819.048780487805, 54266111.529340036, 115252292.12195122
14, 728, 2, 1528, 68, 1460, 764.0, 484416.0, 1068112.0, 1, 52, 36, 420686, 2948, 26116, 11685.722222222223, 68235743.81172842, 204791847.66666666, 15, 780, 38, 422214, 68, 26116, 11110.894736842105, 69541386.95105918, 194069545.78947368
0, 0, 0, 0, 0, 0, 0, 0, 0, 0, 0, 0, 0, 0, 0, 0, 0, 0, 0, 0, 0, 0, 0, 0, 0, 0, 0
0, 0, 0, 0, 0, 0, 0, 0, 0, 0, 0, 0, 0, 0, 0, 0, 0, 0, 0, 0, 0, 0, 0, 0, 0, 0, 0
0, 0, 0, 0, 0, 0, 0, 0, 0, 0, 0, 0, 0, 0, 0, 0, 0, 0, 0, 0, 0, 0, 0, 0, 0, 0, 0
0, 0, 0, 0, 0, 0, 0, 0, 0, 0, 0, 0, 0, 0, 0, 0, 0, 0, 0, 0, 0, 0, 0, 0, 0, 0, 0
0, 0, 0, 0, 0, 0, 0, 0, 0, 0, 0, 0, 0, 0, 0, 0, 0, 0, 0, 0, 0, 0, 0, 0, 0, 0, 0
0, 0, 0, 0, 0, 0, 0, 0, 0, 0, 0, 0, 0, 0, 0, 0, 0, 0, 0, 0, 0, 0, 0, 0, 0, 0, 0
0, 0, 0, 0, 0, 0, 0, 0, 0, 0, 0, 0, 0, 0, 0, 0, 0, 0, 0, 0, 0, 0, 0, 0, 0, 0, 0
0, 0, 0, 0, 0, 0, 0, 0, 0, 0, 0, 0, 0, 0, 0, 0, 0, 0, 0, 0, 0, 0, 0, 0, 0, 0, 0
6, 312, 1, 1460, 1460, 1460, 1460.0, 0.0, 2131600.0, 1, 52, 7, 95989, 4396, 20324, 13712.714285714286, 34051033.91836735, 222089567.0, 7, 364, 8, 97449, 1460, 20324, 12181.125, 41122325.44888888, 194594821.125
0, 0, 0, 0, 0, 0, 0, 0, 0, 0, 0, 0, 0, 0, 0, 0, 0, 0, 0, 0, 0, 0, 0, 0, 0, 0, 0
1, 60, 0, 0, 0, 0, 0, 0, 0, 1, 64, 0, 0, 0, 0, 0, 0, 0, 2, 124, 0, 0, 0, 0, 0, 0, 0
5, 260, 5, 2125, 91, 1132, 425.0, 183806.8, 364431.8, 5, 260, 5, 462, 73, 124, 92.4, 293.43999999999994, 8831.2, 10, 520, 10, 2587, 73, 1132, 258.7, 86047.39555555556, 186631.5
1, 52, 0, 0, 0, 0, 0, 0, 0, 2, 104, 1, 492, 492, 492, 492.0, 0.0, 242064.0, 3, 156, 1, 492, 492, 492, 492.0, 0.0, 242064.0
0, 0, 0, 0, 0, 0, 0, 0, 0, 0, 0, 0, 0, 0, 0, 0, 0, 0, 0, 0, 0, 0, 0, 0, 0, 0, 0
8, 416, 3, 2479, 184, 1460, 826.3333333333334, 271400.22222222225, 954227.0, 2, 104, 8, 85538, 2948, 23220, 10692.25, 66702404.4375, 181026614.5, 10, 520, 11, 88017, 184, 23220, 8001.545454545455, 69155522.77562326, 131915963.36363636
2, 104, 1, 91, 91, 91, 91.0, 0.0, 8281.0, 1, 52, 4, 411, 83, 123, 102.75, 266.1875, 10823.75, 3, 156, 5, 502, 83, 123, 100.4, 250.2469135802469, 10315.2
0, 0, 0, 0, 0, 0, 0, 0, 0, 0, 0, 0, 0, 0, 0, 0, 0, 0, 0, 0, 0, 0, 0, 0, 0, 0, 0
0, 0, 1, 157, 157, 157, 157.0, 0.0, 24649.0, 0, 0, 0, 0, 0, 0, 0, 0, 0, 0, 0, 1, 157, 157, 157, 157.0, 0.0, 24649.0
0, 0, 0, 0, 0, 0, 0, 0, 0, 0, 0, 0, 0, 0, 0, 0, 0, 0, 0, 0, 0, 0, 0, 0, 0, 0, 0
0, 0, 0, 0, 0, 0, 0, 0, 0, 0, 0, 0, 0, 0, 0, 0, 0, 0, 0, 0, 0, 0, 0, 0, 0, 0, 0
0, 0, 1, 157, 157, 157, 157.0, 0.0, 24649.0, 0, 0, 0, 0, 0, 0, 0, 0, 0, 0, 0, 1, 157, 157, 157, 157.0, 0.0, 24649.0
8, 416, 2, 1655, 195, 1460, 827.5, 400056.25, 1084812.5, 0, 0, 8, 86519, 2948, 23220, 10814.875, 67620843.859375, 184582365.125, 8, 416, 10, 88174, 195, 23220, 8817.4, 70003488.13888888, 147882854.6
0, 0, 0, 0, 0, 0, 0, 0, 0, 0, 0, 0, 0, 0, 0, 0, 0, 0, 0, 0, 0, 0, 0, 0, 0, 0, 0
0, 0, 1, 172, 172, 172, 172.0, 0.0, 29584.0, 0, 0, 0, 0, 0, 0, 0, 0, 0, 0, 0, 1, 172, 172, 172, 172.0, 0.0, 29584.0
2, 104, 1, 195, 195, 195, 195.0, 0.0, 38025.0, 2, 104, 0, 0, 0, 0, 0, 0, 0, 4, 208, 1, 195, 195, 195, 195.0, 0.0, 38025.0
0, 0, 0, 0, 0, 0, 0, 0, 0, 0, 0, 0, 0, 0, 0, 0, 0, 0, 0, 0, 0, 0, 0, 0, 0, 0, 0
0, 0, 1, 172, 172, 172, 172.0, 0.0, 29584.0, 0, 0, 0, 0, 0, 0, 0, 0, 0, 0, 0, 1, 172, 172, 172, 172.0, 0.0, 29584.0
0, 0, 2, 390, 195, 195, 195.0, 0.0, 38025.0, 0, 0, 0, 0, 0, 0, 0, 0, 0, 0, 0, 2, 390, 195, 195, 195.0, 0.0, 38025.0
0, 0, 0, 0, 0, 0, 0, 0, 0, 0, 0, 0, 0, 0, 0, 0, 0, 0, 0, 0, 0, 0, 0, 0, 0, 0, 0
0, 0, 1, 195, 195, 195, 195.0, 0.0, 38025.0, 0, 0, 0, 0, 0, 0, 0, 0, 0, 0, 0, 1, 195, 195, 195, 195.0, 0.0, 38025.0
11, 572, 3, 2113, 195, 1460, 704.3333333333334, 297044.2222222222, 793129.6666666666, 3, 156, 9, 94976, 2948, 23220, 10552.888888888889, 63558256.98765431, 174921720.8888889, 14, 728, 12, 97089, 195, 23220, 8090.75, 66397762.902494326, 131389573.08333333
1, 52, 1, 91, 91, 91, 91.0, 0.0, 8281.0, 1, 52, 3, 296, 83, 122, 98.66666666666667, 282.88888888888886, 10018.0, 2, 104, 4, 387, 83, 122, 96.75, 249.6734693877551, 9583.75
0, 0, 0, 0, 0, 0, 0, 0, 0, 0, 0, 0, 0, 0, 0, 0, 0, 0, 0, 0, 0, 0, 0, 0, 0, 0, 0
0, 0, 1, 195, 195, 195, 195.0, 0.0, 38025.0, 0, 0, 0, 0, 0, 0, 0, 0, 0, 0, 0, 1, 195, 195, 195, 195.0, 0.0, 38025.0
0, 0, 0, 0, 0, 0, 0, 0, 0, 0, 0, 0, 0, 0, 0, 0, 0, 0, 0, 0, 0, 0, 0, 0, 0, 0, 0
1, 52, 1, 195, 195, 195, 195.0, 0.0, 38025.0, 1, 52, 0, 0, 0, 0, 0, 0, 0, 2, 104, 1, 195, 195, 195, 195.0, 0.0, 38025.0
0, 0, 0, 0, 0, 0, 0, 0, 0, 0, 0, 0, 0, 0, 0, 0, 0, 0, 0, 0, 0, 0, 0, 0, 0, 0, 0
8, 416, 1, 1460, 1460, 1460, 1460.0, 0.0, 2131600.0, 0, 0, 8, 89733, 2948, 23220, 11216.625, 66228951.734375, 192041628.125, 8, 416, 9, 91193, 1460, 23220, 10132.555555555555, 67603261.5017301, 170940513.8888889
0, 0, 0, 0, 0, 0, 0, 0, 0, 0, 0, 0, 0, 0, 0, 0, 0, 0, 0, 0, 0, 0, 0, 0, 0, 0, 0
0, 0, 0, 0, 0, 0, 0, 0, 0, 0, 0, 0, 0, 0, 0, 0, 0, 0, 0, 0, 0, 0, 0, 0, 0, 0, 0
1, 52, 0, 0, 0, 0, 0, 0, 0, 1, 52, 0, 0, 0, 0, 0, 0, 0, 2, 104, 0, 0, 0, 0, 0, 0, 0
0, 0, 0, 0, 0, 0, 0, 0, 0, 0, 0, 0, 0, 0, 0, 0, 0, 0, 0, 0, 0, 0, 0, 0, 0, 0, 0
0, 0, 1, 195, 195, 195, 195.0, 0.0, 38025.0, 0, 0, 0, 0, 0, 0, 0, 0, 0, 0, 0, 1, 195, 195, 195, 195.0, 0.0, 38025.0
0, 0, 0, 0, 0, 0, 0, 0, 0, 0, 0, 0, 0, 0, 0, 0, 0, 0, 0, 0, 0, 0, 0, 0, 0, 0, 0
8, 416, 2, 1655, 195, 1460, 827.5, 400056.25, 1084812.5, 0, 0, 8, 87832, 2948, 20324, 10979.0, 65378215.0, 185916656.0, 8, 416, 10, 89487, 195, 20324, 8948.7, 68336488.94135803, 148950287.3
0, 0, 0, 0, 0, 0, 0, 0, 0, 0, 0, 0, 0, 0, 0, 0, 0, 0, 0, 0, 0, 0, 0, 0, 0, 0, 0
0, 0, 0, 0, 0, 0, 0, 0, 0, 0, 0, 0, 0, 0, 0, 0, 0, 0, 0, 0, 0, 0, 0, 0, 0, 0, 0
0, 0, 2, 363, 168, 195, 181.5, 182.25, 33124.5, 0, 0, 0, 0, 0, 0, 0, 0, 0, 0, 0, 2, 363, 168, 195, 181.5, 182.25, 33124.5
0, 0, 0, 0, 0, 0, 0, 0, 0, 0, 0, 0, 0, 0, 0, 0, 0, 0, 0, 0, 0, 0, 0, 0, 0, 0, 0
1, 52, 0, 0, 0, 0, 0, 0, 0, 2, 92, 0, 0, 0, 0, 0, 0, 0, 3, 144, 0, 0, 0, 0, 0, 0, 0
8, 416, 2, 1655, 195, 1460, 827.5, 400056.25, 1084812.5, 1, 52, 8, 86559, 2948, 26116, 10819.875, 73320064.109375, 190389759.125, 9, 468, 10, 88214, 195, 26116, 8821.4, 75079328.23765433, 152528769.8
0, 0, 0, 0, 0, 0, 0, 0, 0, 0, 0, 0, 0, 0, 0, 0, 0, 0, 0, 0, 0, 0, 0, 0, 0, 0, 0
0, 0, 0, 0, 0, 0, 0, 0, 0, 0, 0, 0, 0, 0, 0, 0, 0, 0, 0, 0, 0, 0, 0, 0, 0, 0, 0
7, 364, 1, 1389, 1389, 1389, 1389.0, 0.0, 1929321.0, 1, 52, 7, 81767, 2948, 26431, 11681.0, 109145841.42857143, 245591602.42857143, 8, 416, 8, 83156, 1389, 26431, 10394.5, 108460357.31555557, 215133817.25
22, 1144, 0, 0, 0, 0, 0, 0, 0, 0, 0, 57, 573949, 1500, 23220, 10069.280701754386, 59882972.131732844, 161273385.98245615, 22, 1144, 57, 573949, 1500, 23220, 10069.280701754386, 59882972.13173285, 161273385.98245615
0, 0, 0, 0, 0, 0, 0, 0, 0, 0, 0, 0, 0, 0, 0, 0, 0, 0, 0, 0, 0, 0, 0, 0, 0, 0, 0
0, 0, 0, 0, 0, 0, 0, 0, 0, 0, 0, 0, 0, 0, 0, 0, 0, 0, 0, 0, 0, 0, 0, 0, 0, 0, 0
0, 0, 0, 0, 0, 0, 0, 0, 0, 0, 0, 0, 0, 0, 0, 0, 0, 0, 0, 0, 0, 0, 0, 0, 0, 0, 0
0, 0, 0, 0, 0, 0, 0, 0, 0, 0, 0, 0, 0, 0, 0, 0, 0, 0, 0, 0, 0, 0, 0, 0, 0, 0, 0
0, 0, 0, 0, 0, 0, 0, 0, 0, 0, 0, 0, 0, 0, 0, 0, 0, 0, 0, 0, 0, 0, 0, 0, 0, 0, 0
8, 416, 1, 1460, 1460, 1460, 1460.0, 0.0, 2131600.0, 0, 0, 10, 95176, 2948, 23220, 9517.6, 51740887.04000001, 142325596.8, 8, 416, 11, 96636, 1460, 23220, 8785.09090909091, 52221475.99092969, 129580688.0
0, 0, 0, 0, 0, 0, 0, 0, 0, 0, 0, 0, 0, 0, 0, 0, 0, 0, 0, 0, 0, 0, 0, 0, 0, 0, 0
0, 0, 0, 0, 0, 0, 0, 0, 0, 0, 0, 0, 0, 0, 0, 0, 0, 0, 0, 0, 0, 0, 0, 0, 0, 0, 0
3, 164, 8, 5384, 83, 2788, 673.0, 707786.5, 1160715.5, 7, 372, 3, 3677, 83, 2962, 1225.6666666666667, 1557660.222222222, 3059919.0, 10, 536, 11, 9061, 83, 2962, 823.7272727272727, 1146819.836734694, 1678680.0909090908
6, 312, 4, 1258, 91, 855, 314.5, 100196.75, 199107.0, 4, 208, 8, 3463, 91, 952, 432.875, 97699.609375, 285080.375, 10, 520, 12, 4721, 91, 952, 393.4166666666667, 100441.06, 256422.58333333334
0, 0, 0, 0, 0, 0, 0, 0, 0, 0, 0, 0, 0, 0, 0, 0, 0, 0, 0, 0, 0, 0, 0, 0, 0, 0, 0
8, 416, 1, 1460, 1460, 1460, 1460.0, 0.0, 2131600.0, 0, 0, 8, 86468, 2948, 17428, 10808.5, 44406229.75, 161229902.0, 8, 416, 9, 87928, 1460, 17428, 9769.777777777777, 46632545.77162629, 143552312.8888889
0, 0, 0, 0, 0, 0, 0, 0, 0, 0, 0, 0, 0, 0, 0, 0, 0, 0, 0, 0, 0, 0, 0, 0, 0, 0, 0
0, 0, 0, 0, 0, 0, 0, 0, 0, 0, 0, 0, 0, 0, 0, 0, 0, 0, 0, 0, 0, 0, 0, 0, 0, 0, 0
0, 0, 0, 0, 0, 0, 0, 0, 0, 0, 0, 0, 0, 0, 0, 0, 0, 0, 0, 0, 0, 0, 0, 0, 0, 0, 0
0, 0, 0, 0, 0, 0, 0, 0, 0, 0, 0, 0, 0, 0, 0, 0, 0, 0, 0, 0, 0, 0, 0, 0, 0, 0, 0
0, 0, 0, 0, 0, 0, 0, 0, 0, 0, 0, 0, 0, 0, 0, 0, 0, 0, 0, 0, 0, 0, 0, 0, 0, 0, 0
0, 0, 0, 0, 0, 0, 0, 0, 0, 0, 0, 0, 0, 0, 0, 0, 0, 0, 0, 0, 0, 0, 0, 0, 0, 0, 0
9, 468, 2, 1617, 157, 1460, 808.5, 424452.25, 1078124.5, 0, 0, 9, 87115, 2948, 23220, 9679.444444444445, 75145728.69135803, 168837373.44444445, 9, 468, 11, 88732, 157, 23220, 8066.545454545455, 74756030.0275, 138335691.8181818
0, 0, 0, 0, 0, 0, 0, 0, 0, 0, 0, 0, 0, 0, 0, 0, 0, 0, 0, 0, 0, 0, 0, 0, 0, 0, 0
0, 0, 0, 0, 0, 0, 0, 0, 0, 0, 0, 0, 0, 0, 0, 0, 0, 0, 0, 0, 0, 0, 0, 0, 0, 0, 0
0, 0, 2, 314, 157, 157, 157.0, 0.0, 24649.0, 0, 0, 0, 0, 0, 0, 0, 0, 0, 0, 0, 2, 314, 157, 157, 157.0, 0.0, 24649.0
0, 0, 0, 0, 0, 0, 0, 0, 0, 0, 0, 0, 0, 0, 0, 0, 0, 0, 0, 0, 0, 0, 0, 0, 0, 0, 0
0, 0, 1, 172, 172, 172, 172.0, 0.0, 29584.0, 0, 0, 0, 0, 0, 0, 0, 0, 0, 0, 0, 1, 172, 172, 172, 172.0, 0.0, 29584.0
0, 0, 2, 352, 157, 195, 176.0, 361.0, 31337.0, 0, 0, 0, 0, 0, 0, 0, 0, 0, 0, 0, 2, 352, 157, 195, 176.0, 361.0, 31337.0
0, 0, 0, 0, 0, 0, 0, 0, 0, 0, 0, 0, 0, 0, 0, 0, 0, 0, 0, 0, 0, 0, 0, 0, 0, 0, 0
0, 0, 1, 172, 172, 172, 172.0, 0.0, 29584.0, 0, 0, 0, 0, 0, 0, 0, 0, 0, 0, 0, 1, 172, 172, 172, 172.0, 0.0, 29584.0
0, 0, 3, 1827, 172, 1460, 609.0, 362188.6666666667, 733069.6666666666, 0, 0, 0, 0, 0, 0, 0, 0, 0, 0, 0, 3, 1827, 172, 1460, 609.0, 362188.6666666667, 733069.6666666666
6, 312, 0, 0, 0, 0, 0, 0, 0, 0, 0, 9, 94403, 2948, 23220, 10489.222222222223, 82968417.28395063, 192992200.1111111, 6, 312, 9, 94403, 2948, 23220, 10489.222222222223, 82968417.28395061, 192992200.1111111
0, 0, 2, 367, 172, 195, 183.5, 132.25, 33804.5, 0, 0, 0, 0, 0, 0, 0, 0, 0, 0, 0, 2, 367, 172, 195, 183.5, 132.25, 33804.5
0, 0, 0, 0, 0, 0, 0, 0, 0, 0, 0, 0, 0, 0, 0, 0, 0, 0, 0, 0, 0, 0, 0, 0, 0, 0, 0
0, 0, 0, 0, 0, 0, 0, 0, 0, 0, 0, 0, 0, 0, 0, 0, 0, 0, 0, 0, 0, 0, 0, 0, 0, 0, 0
0, 0, 1, 195, 195, 195, 195.0, 0.0, 38025.0, 0, 0, 0, 0, 0, 0, 0, 0, 0, 0, 0, 1, 195, 195, 195, 195.0, 0.0, 38025.0
0, 0, 0, 0, 0, 0, 0, 0, 0, 0, 0, 0, 0, 0, 0, 0, 0, 0, 0, 0, 0, 0, 0, 0, 0, 0, 0
7, 364, 1, 1460, 1460, 1460, 1460.0, 0.0, 2131600.0, 0, 0, 7, 88516, 2948, 23220, 12645.142857142857, 57483600.97959184, 217383238.85714287, 7, 364, 8, 89976, 1460, 23220, 11247.0, 61435822.64888889, 190476784.0
0, 0, 0, 0, 0, 0, 0, 0, 0, 0, 0, 0, 0, 0, 0, 0, 0, 0, 0, 0, 0, 0, 0, 0, 0, 0, 0
0, 0, 0, 0, 0, 0, 0, 0, 0, 0, 0, 0, 0, 0, 0, 0, 0, 0, 0, 0, 0, 0, 0, 0, 0, 0, 0
0, 0, 0, 0, 0, 0, 0, 0, 0, 0, 0, 0, 0, 0, 0, 0, 0, 0, 0, 0, 0, 0, 0, 0, 0, 0, 0
0, 0, 0, 0, 0, 0, 0, 0, 0, 0, 0, 0, 0, 0, 0, 0, 0, 0, 0, 0, 0, 0, 0, 0, 0, 0, 0
12, 624, 4, 2361, 91, 1460, 590.25, 317885.6875, 666280.75, 2, 104, 12, 88221, 83, 26116, 7351.75, 72397727.52083333, 126445955.58333333, 14, 728, 16, 90582, 83, 26116, 5661.375, 67698715.28954081, 95001036.875
0, 0, 0, 0, 0, 0, 0, 0, 0, 1, 52, 0, 0, 0, 0, 0, 0, 0, 1, 52, 0, 0, 0, 0, 0, 0, 0
0, 0, 1, 168, 168, 168, 168.0, 0.0, 28224.0, 0, 0, 0, 0, 0, 0, 0, 0, 0, 0, 0, 1, 168, 168, 168, 168.0, 0.0, 28224.0
2, 104, 4, 1454, 91, 985, 363.5, 130372.75, 262505.0, 3, 156, 4, 411, 83, 123, 102.75, 266.1875, 10823.75, 5, 260, 8, 1865, 83, 985, 233.125, 58744.05555555556, 136664.375
0, 0, 0, 0, 0, 0, 0, 0, 0, 0, 0, 0, 0, 0, 0, 0, 0, 0, 0, 0, 0, 0, 0, 0, 0, 0, 0
0, 0, 2, 390, 195, 195, 195.0, 0.0, 38025.0, 0, 0, 0, 0, 0, 0, 0, 0, 0, 0, 0, 2, 390, 195, 195, 195.0, 0.0, 38025.0
0, 0, 0, 0, 0, 0, 0, 0, 0, 0, 0, 0, 0, 0, 0, 0, 0, 0, 0, 0, 0, 0, 0, 0, 0, 0, 0
0, 0, 0, 0, 0, 0, 0, 0, 0, 0, 0, 0, 0, 0, 0, 0, 0, 0, 0, 0, 0, 0, 0, 0, 0, 0, 0
7, 364, 4, 2018, 168, 1460, 504.5, 304448.25, 558968.5, 0, 0, 9, 87380, 84, 26116, 9708.888888888889, 83799615.20987654, 178062138.66666666, 7, 364, 13, 89398, 84, 26116, 6876.7692307692305, 81221766.23140496, 123445778.61538461
0, 0, 0, 0, 0, 0, 0, 0, 0, 0, 0, 0, 0, 0, 0, 0, 0, 0, 0, 0, 0, 0, 0, 0, 0, 0, 0
0, 0, 0, 0, 0, 0, 0, 0, 0, 0, 0, 0, 0, 0, 0, 0, 0, 0, 0, 0, 0, 0, 0, 0, 0, 0, 0
0, 0, 2, 390, 195, 195, 195.0, 0.0, 38025.0, 0, 0, 0, 0, 0, 0, 0, 0, 0, 0, 0, 2, 390, 195, 195, 195.0, 0.0, 38025.0
0, 0, 0, 0, 0, 0, 0, 0, 0, 0, 0, 0, 0, 0, 0, 0, 0, 0, 0, 0, 0, 0, 0, 0, 0, 0, 0
0, 0, 1, 195, 195, 195, 195.0, 0.0, 38025.0, 0, 0, 0, 0, 0, 0, 0, 0, 0, 0, 0, 1, 195, 195, 195, 195.0, 0.0, 38025.0
0, 0, 0, 0, 0, 0, 0, 0, 0, 0, 0, 0, 0, 0, 0, 0, 0, 0, 0, 0, 0, 0, 0, 0, 0, 0, 0
0, 0, 2, 390, 195, 195, 195.0, 0.0, 38025.0, 0, 0, 0, 0, 0, 0, 0, 0, 0, 0, 0, 2, 390, 195, 195, 195.0, 0.0, 38025.0
0, 0, 0, 0, 0, 0, 0, 0, 0, 0, 0, 0, 0, 0, 0, 0, 0, 0, 0, 0, 0, 0, 0, 0, 0, 0, 0
0, 0, 1, 68, 68, 68, 68.0, 0.0, 4624.0, 0, 0, 0, 0, 0, 0, 0, 0, 0, 0, 0, 1, 68, 68, 68, 68.0, 0.0, 4624.0
36, 1872, 4, 3239, 195, 1460, 809.75, 378547.6875, 1034242.75, 1, 52, 73, 745120, 1500, 24668, 10207.123287671233, 60700214.464252196, 164885580.2739726, 37, 1924, 77, 748359, 195, 24668, 9718.948051948051, 61383788.00928888, 156373822.48051947
0, 0, 1, 68, 68, 68, 68.0, 0.0, 4624.0, 0, 0, 0, 0, 0, 0, 0, 0, 0, 0, 0, 1, 68, 68, 68, 68.0, 0.0, 4624.0
0, 0, 0, 0, 0, 0, 0, 0, 0, 0, 0, 0, 0, 0, 0, 0, 0, 0, 0, 0, 0, 0, 0, 0, 0, 0, 0
0, 0, 2, 390, 195, 195, 195.0, 0.0, 38025.0, 0, 0, 0, 0, 0, 0, 0, 0, 0, 0, 0, 2, 390, 195, 195, 195.0, 0.0, 38025.0
0, 0, 0, 0, 0, 0, 0, 0, 0, 0, 0, 0, 0, 0, 0, 0, 0, 0, 0, 0, 0, 0, 0, 0, 0, 0, 0
0, 0, 1, 195, 195, 195, 195.0, 0.0, 38025.0, 0, 0, 0, 0, 0, 0, 0, 0, 0, 0, 0, 1, 195, 195, 195, 195.0, 0.0, 38025.0
7, 364, 2, 1655, 195, 1460, 827.5, 400056.25, 1084812.5, 1, 52, 7, 86316, 2948, 23220, 12330.857142857143, 66734727.836734705, 218784765.7142857, 8, 416, 9, 87971, 195, 23220, 9774.555555555555, 72916184.18359375, 170406998.33333334
0, 0, 1, 68, 68, 68, 68.0, 0.0, 4624.0, 0, 0, 0, 0, 0, 0, 0, 0, 0, 0, 0, 1, 68, 68, 68, 68.0, 0.0, 4624.0
0, 0, 0, 0, 0, 0, 0, 0, 0, 0, 0, 0, 0, 0, 0, 0, 0, 0, 0, 0, 0, 0, 0, 0, 0, 0, 0
0, 0, 0, 0, 0, 0, 0, 0, 0, 0, 0, 0, 0, 0, 0, 0, 0, 0, 0, 0, 0, 0, 0, 0, 0, 0, 0
0, 0, 0, 0, 0, 0, 0, 0, 0, 0, 0, 0, 0, 0, 0, 0, 0, 0, 0, 0, 0, 0, 0, 0, 0, 0, 0
0, 0, 0, 0, 0, 0, 0, 0, 0, 0, 0, 0, 0, 0, 0, 0, 0, 0, 0, 0, 0, 0, 0, 0, 0, 0, 0
8, 416, 1, 1460, 1460, 1460, 1460.0, 0.0, 2131600.0, 0, 0, 10, 86972, 2520, 20324, 8697.2, 42446361.760000005, 118087649.6, 8, 416, 11, 88432, 1460, 20324, 8039.272727272727, 42800483.48299319, 107546190.54545455
0, 0, 0, 0, 0, 0, 0, 0, 0, 0, 0, 0, 0, 0, 0, 0, 0, 0, 0, 0, 0, 0, 0, 0, 0, 0, 0
0, 0, 0, 0, 0, 0, 0, 0, 0, 0, 0, 0, 0, 0, 0, 0, 0, 0, 0, 0, 0, 0, 0, 0, 0, 0, 0
0, 0, 0, 0, 0, 0, 0, 0, 0, 0, 0, 0, 0, 0, 0, 0, 0, 0, 0, 0, 0, 0, 0, 0, 0, 0, 0
0, 0, 0, 0, 0, 0, 0, 0, 0, 0, 0, 0, 0, 0, 0, 0, 0, 0, 0, 0, 0, 0, 0, 0, 0, 0, 0
0, 0, 0, 0, 0, 0, 0, 0, 0, 0, 0, 0, 0, 0, 0, 0, 0, 0, 0, 0, 0, 0, 0, 0, 0, 0, 0
0, 0, 0, 0, 0, 0, 0, 0, 0, 0, 0, 0, 0, 0, 0, 0, 0, 0, 0, 0, 0, 0, 0, 0, 0, 0, 0
0, 0, 0, 0, 0, 0, 0, 0, 0, 0, 0, 0, 0, 0, 0, 0, 0, 0, 0, 0, 0, 0, 0, 0, 0, 0, 0
0, 0, 1, 195, 195, 195, 195.0, 0.0, 38025.0, 0, 0, 0, 0, 0, 0, 0, 0, 0, 0, 0, 1, 195, 195, 195, 195.0, 0.0, 38025.0
0, 0, 0, 0, 0, 0, 0, 0, 0, 0, 0, 0, 0, 0, 0, 0, 0, 0, 0, 0, 0, 0, 0, 0, 0, 0, 0
0, 0, 0, 0, 0, 0, 0, 0, 0, 0, 0, 0, 0, 0, 0, 0, 0, 0, 0, 0, 0, 0, 0, 0, 0, 0, 0
8, 416, 2, 1655, 195, 1460, 827.5, 400056.25, 1084812.5, 0, 0, 8, 95017, 2948, 29012, 11877.125, 109265094.859375, 250331193.125, 8, 416, 10, 96672, 195, 29012, 9667.2, 109227667.12654322, 200481917.0
0, 0, 0, 0, 0, 0, 0, 0, 0, 0, 0, 0, 0, 0, 0, 0, 0, 0, 0, 0, 0, 0, 0, 0, 0, 0, 0
0, 0, 0, 0, 0, 0, 0, 0, 0, 0, 0, 0, 0, 0, 0, 0, 0, 0, 0, 0, 0, 0, 0, 0, 0, 0, 0
0, 0, 1, 195, 195, 195, 195.0, 0.0, 38025.0, 0, 0, 0, 0, 0, 0, 0, 0, 0, 0, 0, 1, 195, 195, 195, 195.0, 0.0, 38025.0
0, 0, 0, 0, 0, 0, 0, 0, 0, 0, 0, 0, 0, 0, 0, 0, 0, 0, 0, 0, 0, 0, 0, 0, 0, 0, 0
0, 0, 1, 195, 195, 195, 195.0, 0.0, 38025.0, 0, 0, 0, 0, 0, 0, 0, 0, 0, 0, 0, 1, 195, 195, 195, 195.0, 0.0, 38025.0
8, 416, 3, 2010, 91, 1461, 670.0, 335288.6666666667, 784188.6666666666, 2, 104, 9, 88313, 91, 24668, 9812.555555555555, 77314690.02469137, 173600936.55555555, 10, 520, 12, 90323, 91, 24668, 7526.916666666667, 76552692.5351474, 130396749.58333333
4, 208, 1, 91, 91, 91, 91.0, 0.0, 8281.0, 1, 52, 3, 296, 83, 122, 98.66666666666667, 282.88888888888886, 10018.0, 5, 260, 4, 387, 83, 122, 96.75, 249.6734693877551, 9583.75
0, 0, 0, 0, 0, 0, 0, 0, 0, 0, 0, 0, 0, 0, 0, 0, 0, 0, 0, 0, 0, 0, 0, 0, 0, 0, 0
0, 0, 0, 0, 0, 0, 0, 0, 0, 0, 0, 0, 0, 0, 0, 0, 0, 0, 0, 0, 0, 0, 0, 0, 0, 0, 0
0, 0, 0, 0, 0, 0, 0, 0, 0, 0, 0, 0, 0, 0, 0, 0, 0, 0, 0, 0, 0, 0, 0, 0, 0, 0, 0
0, 0, 0, 0, 0, 0, 0, 0, 0, 0, 0, 0, 0, 0, 0, 0, 0, 0, 0, 0, 0, 0, 0, 0, 0, 0, 0
8, 416, 1, 1461, 1461, 1461, 1461.0, 0.0, 2134521.0, 0, 0, 8, 88293, 2948, 23220, 11036.625, 57029056.734375, 178836148.125, 8, 416, 9, 89754, 1461, 23220, 9972.666666666666, 58750812.934256054, 159202634.0
0, 0, 0, 0, 0, 0, 0, 0, 0, 0, 0, 0, 0, 0, 0, 0, 0, 0, 0, 0, 0, 0, 0, 0, 0, 0, 0
2, 104, 0, 0, 0, 0, 0, 0, 0, 2, 104, 0, 0, 0, 0, 0, 0, 0, 4, 208, 0, 0, 0, 0, 0, 0, 0
0, 0, 0, 0, 0, 0, 0, 0, 0, 0, 0, 0, 0, 0, 0, 0, 0, 0, 0, 0, 0, 0, 0, 0, 0, 0, 0
0, 0, 0, 0, 0, 0, 0, 0, 0, 0, 0, 0, 0, 0, 0, 0, 0, 0, 0, 0, 0, 0, 0, 0, 0, 0, 0
0, 0, 0, 0, 0, 0, 0, 0, 0, 0, 0, 0, 0, 0, 0, 0, 0, 0, 0, 0, 0, 0, 0, 0, 0, 0, 0
0, 0, 0, 0, 0, 0, 0, 0, 0, 0, 0, 0, 0, 0, 0, 0, 0, 0, 0, 0, 0, 0, 0, 0, 0, 0, 0
0, 0, 0, 0, 0, 0, 0, 0, 0, 0, 0, 0, 0, 0, 0, 0, 0, 0, 0, 0, 0, 0, 0, 0, 0, 0, 0
1, 52, 0, 0, 0, 0, 0, 0, 0, 1, 52, 0, 0, 0, 0, 0, 0, 0, 2, 104, 0, 0, 0, 0, 0, 0, 0
0, 0, 0, 0, 0, 0, 0, 0, 0, 0, 0, 0, 0, 0, 0, 0, 0, 0, 0, 0, 0, 0, 0, 0, 0, 0, 0
7, 364, 1, 1461, 1461, 1461, 1461.0, 0.0, 2134521.0, 0, 0, 7, 86702, 2948, 25574, 12386.0, 102671393.14285715, 256084389.14285713, 7, 364, 8, 88163, 1461, 25574, 11020.375, 103253205.82222222, 224340655.625
0, 0, 0, 0, 0, 0, 0, 0, 0, 0, 0, 0, 0, 0, 0, 0, 0, 0, 0, 0, 0, 0, 0, 0, 0, 0, 0
0, 0, 0, 0, 0, 0, 0, 0, 0, 0, 0, 0, 0, 0, 0, 0, 0, 0, 0, 0, 0, 0, 0, 0, 0, 0, 0
0, 0, 0, 0, 0, 0, 0, 0, 0, 0, 0, 0, 0, 0, 0, 0, 0, 0, 0, 0, 0, 0, 0, 0, 0, 0, 0
2, 104, 1, 157, 157, 157, 157.0, 0.0, 24649.0, 2, 104, 0, 0, 0, 0, 0, 0, 0, 4, 208, 1, 157, 157, 157, 157.0, 0.0, 24649.0
0, 0, 1, 195, 195, 195, 195.0, 0.0, 38025.0, 0, 0, 0, 0, 0, 0, 0, 0, 0, 0, 0, 1, 195, 195, 195, 195.0, 0.0, 38025.0
12, 624, 1, 1461, 1461, 1461, 1461.0, 0.0, 2134521.0, 0, 0, 15, 93359, 1407, 11636, 6223.933333333333, 14447240.595555555, 53184586.733333334, 12, 624, 16, 94820, 1407, 11636, 5926.25, 14689385.818938604, 49993957.625
0, 0, 2, 352, 157, 195, 176.0, 361.0, 31337.0, 0, 0, 0, 0, 0, 0, 0, 0, 0, 0, 0, 2, 352, 157, 195, 176.0, 361.0, 31337.0
0, 0, 0, 0, 0, 0, 0, 0, 0, 0, 0, 0, 0, 0, 0, 0, 0, 0, 0, 0, 0, 0, 0, 0, 0, 0, 0
1, 52, 1, 172, 172, 172, 172.0, 0.0, 29584.0, 1, 52, 0, 0, 0, 0, 0, 0, 0, 2, 104, 1, 172, 172, 172, 172.0, 0.0, 29584.0
32, 1664, 2, 1585, 195, 1390, 792.5, 357006.25, 985062.5, 0, 0, 53, 649771, 2948, 23220, 12259.830188679245, 47783340.065503724, 198086776.3207547, 32, 1664, 55, 651356, 195, 23220, 11842.836363636363, 49295157.63811728, 190919441.27272728
0, 0, 0, 0, 0, 0, 0, 0, 0, 0, 0, 0, 0, 0, 0, 0, 0, 0, 0, 0, 0, 0, 0, 0, 0, 0, 0
0, 0, 1, 172, 172, 172, 172.0, 0.0, 29584.0, 0, 0, 0, 0, 0, 0, 0, 0, 0, 0, 0, 1, 172, 172, 172, 172.0, 0.0, 29584.0
9, 468, 2, 1656, 195, 1461, 828.0, 400689.0, 1086273.0, 0, 0, 9, 87568, 2948, 23220, 9729.777777777777, 69087036.83950616, 163755612.44444445, 9, 468, 11, 89224, 195, 23220, 8111.272727272727, 69350150.34, 134179368.9090909
0, 0, 0, 0, 0, 0, 0, 0, 0, 0, 0, 0, 0, 0, 0, 0, 0, 0, 0, 0, 0, 0, 0, 0, 0, 0, 0
0, 0, 0, 0, 0, 0, 0, 0, 0, 0, 0, 0, 0, 0, 0, 0, 0, 0, 0, 0, 0, 0, 0, 0, 0, 0, 0
0, 0, 0, 0, 0, 0, 0, 0, 0, 0, 0, 0, 0, 0, 0, 0, 0, 0, 0, 0, 0, 0, 0, 0, 0, 0, 0
0, 0, 0, 0, 0, 0, 0, 0, 0, 0, 0, 0, 0, 0, 0, 0, 0, 0, 0, 0, 0, 0, 0, 0, 0, 0, 0
0, 0, 0, 0, 0, 0, 0, 0, 0, 0, 0, 0, 0, 0, 0, 0, 0, 0, 0, 0, 0, 0, 0, 0, 0, 0, 0
0, 0, 0, 0, 0, 0, 0, 0, 0, 0, 0, 0, 0, 0, 0, 0, 0, 0, 0, 0, 0, 0, 0, 0, 0, 0, 0
0, 0, 0, 0, 0, 0, 0, 0, 0, 0, 0, 0, 0, 0, 0, 0, 0, 0, 0, 0, 0, 0, 0, 0, 0, 0, 0
13, 676, 4, 2366, 91, 1461, 591.5, 318580.75, 668453.0, 3, 156, 13, 87437, 83, 26116, 6725.923076923077, 66918717.76331361, 112156759.0, 16, 832, 17, 89803, 83, 26116, 5282.529411764706, 62387187.53333333, 85924216.41176471
0, 0, 0, 0, 0, 0, 0, 0, 0, 0, 0, 0, 0, 0, 0, 0, 0, 0, 0, 0, 0, 0, 0, 0, 0, 0, 0
0, 0, 2, 744, 184, 560, 372.0, 35344.0, 173728.0, 2, 104, 0, 0, 0, 0, 0, 0, 0, 2, 104, 2, 744, 184, 560, 372.0, 35344.0, 173728.0
1, 52, 1, 91, 91, 91, 91.0, 0.0, 8281.0, 1, 52, 4, 411, 83, 123, 102.75, 266.1875, 10823.75, 2, 104, 5, 502, 83, 123, 100.4, 250.2469135802469, 10315.2
0, 0, 0, 0, 0, 0, 0, 0, 0, 0, 0, 0, 0, 0, 0, 0, 0, 0, 0, 0, 0, 0, 0, 0, 0, 0, 0
0, 0, 0, 0, 0, 0, 0, 0, 0, 0, 0, 0, 0, 0, 0, 0, 0, 0, 0, 0, 0, 0, 0, 0, 0, 0, 0
0, 0, 0, 0, 0, 0, 0, 0, 0, 0, 0, 0, 0, 0, 0, 0, 0, 0, 0, 0, 0, 0, 0, 0, 0, 0, 0
0, 0, 0, 0, 0, 0, 0, 0, 0, 0, 0, 0, 0, 0, 0, 0, 0, 0, 0, 0, 0, 0, 0, 0, 0, 0, 0
6, 312, 1, 1461, 1461, 1461, 1461.0, 0.0, 2134521.0, 0, 0, 6, 94955, 5844, 23220, 15825.833333333334, 43703154.13888889, 294160154.8333333, 6, 312, 7, 96416, 1461, 23220, 13773.714285714286, 54993333.05325443, 252442207.14285713
0, 0, 0, 0, 0, 0, 0, 0, 0, 0, 0, 0, 0, 0, 0, 0, 0, 0, 0, 0, 0, 0, 0, 0, 0, 0, 0
0, 0, 0, 0, 0, 0, 0, 0, 0, 0, 0, 0, 0, 0, 0, 0, 0, 0, 0, 0, 0, 0, 0, 0, 0, 0, 0
1, 52, 0, 0, 0, 0, 0, 0, 0, 0, 0, 0, 0, 0, 0, 0, 0, 0, 1, 52, 0, 0, 0, 0, 0, 0, 0
0, 0, 0, 0, 0, 0, 0, 0, 0, 1, 52, 0, 0, 0, 0, 0, 0, 0, 1, 52, 0, 0, 0, 0, 0, 0, 0
0, 0, 0, 0, 0, 0, 0, 0, 0, 0, 0, 0, 0, 0, 0, 0, 0, 0, 0, 0, 0, 0, 0, 0, 0, 0, 0
9, 468, 1, 1461, 1461, 1461, 1461.0, 0.0, 2134521.0, 0, 0, 9, 87723, 2948, 20324, 9747.0, 52118077.333333336, 147122086.33333334, 9, 468, 10, 89184, 1461, 20324, 8918.4, 52798401.041551255, 132623329.8
0, 0, 1, 168, 168, 168, 168.0, 0.0, 28224.0, 0, 0, 0, 0, 0, 0, 0, 0, 0, 0, 0, 1, 168, 168, 168, 168.0, 0.0, 28224.0
0, 0, 0, 0, 0, 0, 0, 0, 0, 0, 0, 0, 0, 0, 0, 0, 0, 0, 0, 0, 0, 0, 0, 0, 0, 0, 0
0, 0, 0, 0, 0, 0, 0, 0, 0, 0, 0, 0, 0, 0, 0, 0, 0, 0, 0, 0, 0, 0, 0, 0, 0, 0, 0
0, 0, 0, 0, 0, 0, 0, 0, 0, 0, 0, 0, 0, 0, 0, 0, 0, 0, 0, 0, 0, 0, 0, 0, 0, 0, 0
0, 0, 0, 0, 0, 0, 0, 0, 0, 0, 0, 0, 0, 0, 0, 0, 0, 0, 0, 0, 0, 0, 0, 0, 0, 0, 0
0, 0, 0, 0, 0, 0, 0, 0, 0, 0, 0, 0, 0, 0, 0, 0, 0, 0, 0, 0, 0, 0, 0, 0, 0, 0, 0
0, 0, 0, 0, 0, 0, 0, 0, 0, 0, 0, 0, 0, 0, 0, 0, 0, 0, 0, 0, 0, 0, 0, 0, 0, 0, 0
0, 0, 0, 0, 0, 0, 0, 0, 0, 0, 0, 0, 0, 0, 0, 0, 0, 0, 0, 0, 0, 0, 0, 0, 0, 0, 0
0, 0, 2, 645, 317, 328, 322.5, 30.25, 104036.5, 0, 0, 1, 317, 317, 317, 317.0, 0.0, 100489.0, 0, 0, 2, 645, 317, 328, 322.5, 26.88888888888889, 104036.5
0, 0, 0, 0, 0, 0, 0, 0, 0, 0, 0, 0, 0, 0, 0, 0, 0, 0, 0, 0, 0, 0, 0, 0, 0, 0, 0
0, 0, 1, 195, 195, 195, 195.0, 0.0, 38025.0, 0, 0, 0, 0, 0, 0, 0, 0, 0, 0, 0, 1, 195, 195, 195, 195.0, 0.0, 38025.0
0, 0, 0, 0, 0, 0, 0, 0, 0, 0, 0, 0, 0, 0, 0, 0, 0, 0, 0, 0, 0, 0, 0, 0, 0, 0, 0
11, 572, 1, 1461, 1461, 1461, 1461.0, 0.0, 2134521.0, 0, 0, 11, 87751, 2948, 20324, 7977.363636363636, 41045718.95867769, 104684049.54545455, 11, 572, 12, 89212, 1461, 20324, 7434.333333333333, 41027069.34593573, 96138255.5
0, 0, 1, 195, 195, 195, 195.0, 0.0, 38025.0, 0, 0, 0, 0, 0, 0, 0, 0, 0, 0, 0, 1, 195, 195, 195, 195.0, 0.0, 38025.0
0, 0, 0, 0, 0, 0, 0, 0, 0, 0, 0, 0, 0, 0, 0, 0, 0, 0, 0, 0, 0, 0, 0, 0, 0, 0, 0
0, 0, 1, 195, 195, 195, 195.0, 0.0, 38025.0, 0, 0, 0, 0, 0, 0, 0, 0, 0, 0, 0, 1, 195, 195, 195, 195.0, 0.0, 38025.0
0, 0, 0, 0, 0, 0, 0, 0, 0, 0, 0, 0, 0, 0, 0, 0, 0, 0, 0, 0, 0, 0, 0, 0, 0, 0, 0
0, 0, 0, 0, 0, 0, 0, 0, 0, 0, 0, 0, 0, 0, 0, 0, 0, 0, 0, 0, 0, 0, 0, 0, 0, 0, 0
0, 0, 1, 195, 195, 195, 195.0, 0.0, 38025.0, 0, 0, 0, 0, 0, 0, 0, 0, 0, 0, 0, 1, 195, 195, 195, 195.0, 0.0, 38025.0
0, 0, 0, 0, 0, 0, 0, 0, 0, 0, 0, 0, 0, 0, 0, 0, 0, 0, 0, 0, 0, 0, 0, 0, 0, 0, 0
0, 0, 0, 0, 0, 0, 0, 0, 0, 0, 0, 0, 0, 0, 0, 0, 0, 0, 0, 0, 0, 0, 0, 0, 0, 0, 0
0, 0, 0, 0, 0, 0, 0, 0, 0, 0, 0, 0, 0, 0, 0, 0, 0, 0, 0, 0, 0, 0, 0, 0, 0, 0, 0
0, 0, 0, 0, 0, 0, 0, 0, 0, 0, 0, 0, 0, 0, 0, 0, 0, 0, 0, 0, 0, 0, 0, 0, 0, 0, 0
0, 0, 0, 0, 0, 0, 0, 0, 0, 0, 0, 0, 0, 0, 0, 0, 0, 0, 0, 0, 0, 0, 0, 0, 0, 0, 0
0, 0, 0, 0, 0, 0, 0, 0, 0, 0, 0, 0, 0, 0, 0, 0, 0, 0, 0, 0, 0, 0, 0, 0, 0, 0, 0
0, 0, 0, 0, 0, 0, 0, 0, 0, 0, 0, 0, 0, 0, 0, 0, 0, 0, 0, 0, 0, 0, 0, 0, 0, 0, 0
0, 0, 0, 0, 0, 0, 0, 0, 0, 0, 0, 0, 0, 0, 0, 0, 0, 0, 0, 0, 0, 0, 0, 0, 0, 0, 0
0, 0, 0, 0, 0, 0, 0, 0, 0, 0, 0, 0, 0, 0, 0, 0, 0, 0, 0, 0, 0, 0, 0, 0, 0, 0, 0
0, 0, 1, 200, 200, 200, 200.0, 0.0, 40000.0, 0, 0, 0, 0, 0, 0, 0, 0, 0, 0, 0, 1, 200, 200, 200, 200.0, 0.0, 40000.0
8, 416, 1, 1461, 1461, 1461, 1461.0, 0.0, 2134521.0, 0, 0, 8, 88281, 2948, 29012, 11035.125, 98262599.359375, 220036583.125, 8, 416, 9, 89742, 1461, 29012, 9971.333333333334, 97557262.76124565, 195825242.8888889
0, 0, 0, 0, 0, 0, 0, 0, 0, 0, 0, 0, 0, 0, 0, 0, 0, 0, 0, 0, 0, 0, 0, 0, 0, 0, 0
0, 0, 1, 200, 200, 200, 200.0, 0.0, 40000.0, 0, 0, 0, 0, 0, 0, 0, 0, 0, 0, 0, 1, 200, 200, 200, 200.0, 0.0, 40000.0
0, 0, 0, 0, 0, 0, 0, 0, 0, 0, 0, 0, 0, 0, 0, 0, 0, 0, 0, 0, 0, 0, 0, 0, 0, 0, 0
0, 0, 0, 0, 0, 0, 0, 0, 0, 0, 0, 0, 0, 0, 0, 0, 0, 0, 0, 0, 0, 0, 0, 0, 0, 0, 0
0, 0, 1, 200, 200, 200, 200.0, 0.0, 40000.0, 0, 0, 0, 0, 0, 0, 0, 0, 0, 0, 0, 1, 200, 200, 200, 200.0, 0.0, 40000.0
0, 0, 0, 0, 0, 0, 0, 0, 0, 0, 0, 0, 0, 0, 0, 0, 0, 0, 0, 0, 0, 0, 0, 0, 0, 0, 0
0, 0, 2, 395, 195, 200, 197.5, 6.25, 39012.5, 0, 0, 0, 0, 0, 0, 0, 0, 0, 0, 0, 2, 395, 195, 200, 197.5, 6.25, 39012.5
0, 0, 1, 200, 200, 200, 200.0, 0.0, 40000.0, 0, 0, 0, 0, 0, 0, 0, 0, 0, 0, 0, 1, 200, 200, 200, 200.0, 0.0, 40000.0
0, 0, 0, 0, 0, 0, 0, 0, 0, 0, 0, 0, 0, 0, 0, 0, 0, 0, 0, 0, 0, 0, 0, 0, 0, 0, 0
0, 0, 2, 395, 195, 200, 197.5, 6.25, 39012.5, 0, 0, 0, 0, 0, 0, 0, 0, 0, 0, 0, 2, 395, 195, 200, 197.5, 6.25, 39012.5
0, 0, 1, 195, 195, 195, 195.0, 0.0, 38025.0, 0, 0, 0, 0, 0, 0, 0, 0, 0, 0, 0, 1, 195, 195, 195, 195.0, 0.0, 38025.0
0, 0, 0, 0, 0, 0, 0, 0, 0, 0, 0, 0, 0, 0, 0, 0, 0, 0, 0, 0, 0, 0, 0, 0, 0, 0, 0
12, 624, 3, 1856, 195, 1461, 618.6666666666666, 354766.8888888888, 737515.3333333334, 0, 0, 12, 92290, 494, 17428, 7690.833333333333, 48771134.97222223, 107920052.33333333, 12, 624, 15, 94146, 195, 17428, 6276.4, 48331345.07270234, 86483544.93333334
0, 0, 1, 195, 195, 195, 195.0, 0.0, 38025.0, 0, 0, 0, 0, 0, 0, 0, 0, 0, 0, 0, 1, 195, 195, 195, 195.0, 0.0, 38025.0
0, 0, 0, 0, 0, 0, 0, 0, 0, 0, 0, 0, 0, 0, 0, 0, 0, 0, 0, 0, 0, 0, 0, 0, 0, 0, 0
1, 52, 2, 395, 195, 200, 197.5, 6.25, 39012.5, 1, 52, 0, 0, 0, 0, 0, 0, 0, 2, 104, 2, 395, 195, 200, 197.5, 6.25, 39012.5
0, 0, 1, 195, 195, 195, 195.0, 0.0, 38025.0, 0, 0, 0, 0, 0, 0, 0, 0, 0, 0, 0, 1, 195, 195, 195, 195.0, 0.0, 38025.0
0, 0, 0, 0, 0, 0, 0, 0, 0, 0, 0, 0, 0, 0, 0, 0, 0, 0, 0, 0, 0, 0, 0, 0, 0, 0, 0
0, 0, 0, 0, 0, 0, 0, 0, 0, 0, 0, 0, 0, 0, 0, 0, 0, 0, 0, 0, 0, 0, 0, 0, 0, 0, 0
0, 0, 1, 195, 195, 195, 195.0, 0.0, 38025.0, 0, 0, 0, 0, 0, 0, 0, 0, 0, 0, 0, 1, 195, 195, 195, 195.0, 0.0, 38025.0
0, 0, 0, 0, 0, 0, 0, 0, 0, 0, 0, 0, 0, 0, 0, 0, 0, 0, 0, 0, 0, 0, 0, 0, 0, 0, 0
0, 0, 0, 0, 0, 0, 0, 0, 0, 0, 0, 0, 0, 0, 0, 0, 0, 0, 0, 0, 0, 0, 0, 0, 0, 0, 0
0, 0, 0, 0, 0, 0, 0, 0, 0, 0, 0, 0, 0, 0, 0, 0, 0, 0, 0, 0, 0, 0, 0, 0, 0, 0, 0
0, 0, 0, 0, 0, 0, 0, 0, 0, 0, 0, 0, 0, 0, 0, 0, 0, 0, 0, 0, 0, 0, 0, 0, 0, 0, 0
0, 0, 0, 0, 0, 0, 0, 0, 0, 0, 0, 0, 0, 0, 0, 0, 0, 0, 0, 0, 0, 0, 0, 0, 0, 0, 0
1, 52, 2, 1590, 200, 1390, 795.0, 354025.0, 986050.0, 0, 0, 0, 0, 0, 0, 0, 0, 0, 1, 52, 2, 1590, 200, 1390, 795.0, 354025.0, 986050.0
31, 1612, 1, 195, 195, 195, 195.0, 0.0, 38025.0, 1, 52, 71, 650602, 2602, 20324, 9163.408450704226, 48398365.45288634, 132366419.88732395, 32, 1664, 72, 650797, 195, 20324, 9038.847222222223, 48618446.01721355, 130528525.5138889
0, 0, 0, 0, 0, 0, 0, 0, 0, 0, 0, 0, 0, 0, 0, 0, 0, 0, 0, 0, 0, 0, 0, 0, 0, 0, 0
0, 0, 1, 200, 200, 200, 200.0, 0.0, 40000.0, 0, 0, 0, 0, 0, 0, 0, 0, 0, 0, 0, 1, 200, 200, 200, 200.0, 0.0, 40000.0
9, 468, 2, 1656, 195, 1461, 828.0, 400689.0, 1086273.0, 0, 0, 9, 87273, 2948, 24668, 9697.0, 69513243.55555555, 163545052.55555555, 9, 468, 11, 88929, 195, 24668, 8084.454545454545, 69681312.59, 134007092.63636364
4, 208, 3, 640, 91, 458, 213.33333333333334, 29930.88888888889, 75442.0, 3, 156, 4, 387, 83, 122, 96.75, 223.1875, 9583.75, 7, 364, 7, 1027, 83, 458, 146.71428571428572, 11021.157024793392, 37808.71428571428
0, 0, 1, 200, 200, 200, 200.0, 0.0, 40000.0, 0, 0, 0, 0, 0, 0, 0, 0, 0, 0, 0, 1, 200, 200, 200, 200.0, 0.0, 40000.0
0, 0, 1, 195, 195, 195, 195.0, 0.0, 38025.0, 0, 0, 0, 0, 0, 0, 0, 0, 0, 0, 0, 1, 195, 195, 195, 195.0, 0.0, 38025.0
0, 0, 0, 0, 0, 0, 0, 0, 0, 0, 0, 0, 0, 0, 0, 0, 0, 0, 0, 0, 0, 0, 0, 0, 0, 0, 0
0, 0, 2, 395, 195, 200, 197.5, 6.25, 39012.5, 0, 0, 0, 0, 0, 0, 0, 0, 0, 0, 0, 2, 395, 195, 200, 197.5, 6.25, 39012.5
0, 0, 0, 0, 0, 0, 0, 0, 0, 0, 0, 0, 0, 0, 0, 0, 0, 0, 0, 0, 0, 0, 0, 0, 0, 0, 0
0, 0, 0, 0, 0, 0, 0, 0, 0, 0, 0, 0, 0, 0, 0, 0, 0, 0, 0, 0, 0, 0, 0, 0, 0, 0, 0
0, 0, 0, 0, 0, 0, 0, 0, 0, 0, 0, 0, 0, 0, 0, 0, 0, 0, 0, 0, 0, 0, 0, 0, 0, 0, 0
1, 52, 2, 814, 91, 723, 407.0, 99856.0, 265505.0, 2, 104, 3, 298, 83, 124, 99.33333333333333, 314.88888888888886, 10182.0, 3, 156, 5, 1112, 83, 723, 222.4, 42948.6875, 112311.2
0, 0, 0, 0, 0, 0, 0, 0, 0, 0, 0, 0, 0, 0, 0, 0, 0, 0, 0, 0, 0, 0, 0, 0, 0, 0, 0
0, 0, 0, 0, 0, 0, 0, 0, 0, 0, 0, 0, 0, 0, 0, 0, 0, 0, 0, 0, 0, 0, 0, 0, 0, 0, 0
0, 0, 0, 0, 0, 0, 0, 0, 0, 0, 0, 0, 0, 0, 0, 0, 0, 0, 0, 0, 0, 0, 0, 0, 0, 0, 0
9, 468, 1, 1461, 1461, 1461, 1461.0, 0.0, 2134521.0, 1, 52, 9, 87313, 1500, 20324, 9701.444444444445, 57362587.35802469, 151480611.66666666, 10, 520, 10, 88774, 1461, 20324, 8877.4, 57729344.930747926, 136546002.6
0, 0, 0, 0, 0, 0, 0, 0, 0, 0, 0, 0, 0, 0, 0, 0, 0, 0, 0, 0, 0, 0, 0, 0, 0, 0, 0
0, 0, 0, 0, 0, 0, 0, 0, 0, 0, 0, 0, 0, 0, 0, 0, 0, 0, 0, 0, 0, 0, 0, 0, 0, 0, 0
0, 0, 0, 0, 0, 0, 0, 0, 0, 0, 0, 0, 0, 0, 0, 0, 0, 0, 0, 0, 0, 0, 0, 0, 0, 0, 0
0, 0, 0, 0, 0, 0, 0, 0, 0, 0, 0, 0, 0, 0, 0, 0, 0, 0, 0, 0, 0, 0, 0, 0, 0, 0, 0
0, 0, 0, 0, 0, 0, 0, 0, 0, 0, 0, 0, 0, 0, 0, 0, 0, 0, 0, 0, 0, 0, 0, 0, 0, 0, 0
0, 0, 0, 0, 0, 0, 0, 0, 0, 0, 0, 0, 0, 0, 0, 0, 0, 0, 0, 0, 0, 0, 0, 0, 0, 0, 0
0, 0, 0, 0, 0, 0, 0, 0, 0, 0, 0, 0, 0, 0, 0, 0, 0, 0, 0, 0, 0, 0, 0, 0, 0, 0, 0
0, 0, 0, 0, 0, 0, 0, 0, 0, 0, 0, 0, 0, 0, 0, 0, 0, 0, 0, 0, 0, 0, 0, 0, 0, 0, 0
2, 104, 0, 0, 0, 0, 0, 0, 0, 2, 104, 0, 0, 0, 0, 0, 0, 0, 4, 208, 0, 0, 0, 0, 0, 0, 0
0, 0, 0, 0, 0, 0, 0, 0, 0, 0, 0, 0, 0, 0, 0, 0, 0, 0, 0, 0, 0, 0, 0, 0, 0, 0, 0
0, 0, 1, 195, 195, 195, 195.0, 0.0, 38025.0, 0, 0, 0, 0, 0, 0, 0, 0, 0, 0, 0, 1, 195, 195, 195, 195.0, 0.0, 38025.0
0, 0, 0, 0, 0, 0, 0, 0, 0, 0, 0, 0, 0, 0, 0, 0, 0, 0, 0, 0, 0, 0, 0, 0, 0, 0, 0
0, 0, 0, 0, 0, 0, 0, 0, 0, 0, 0, 0, 0, 0, 0, 0, 0, 0, 0, 0, 0, 0, 0, 0, 0, 0, 0
9, 468, 2, 1656, 195, 1461, 828.0, 400689.0, 1086273.0, 1, 52, 9, 94984, 1500, 20324, 10553.777777777777, 59439548.83950618, 170821774.2222222, 10, 520, 11, 96640, 195, 20324, 8785.454545454546, 62048830.660000004, 139960774.0
0, 0, 1, 68, 68, 68, 68.0, 0.0, 4624.0, 0, 0, 0, 0, 0, 0, 0, 0, 0, 0, 0, 1, 68, 68, 68, 68.0, 0.0, 4624.0
0, 0, 0, 0, 0, 0, 0, 0, 0, 0, 0, 0, 0, 0, 0, 0, 0, 0, 0, 0, 0, 0, 0, 0, 0, 0, 0
0, 0, 2, 263, 68, 195, 131.5, 4032.25, 21324.5, 0, 0, 0, 0, 0, 0, 0, 0, 0, 0, 0, 2, 263, 68, 195, 131.5, 4032.25, 21324.5
0, 0, 0, 0, 0, 0, 0, 0, 0, 0, 0, 0, 0, 0, 0, 0, 0, 0, 0, 0, 0, 0, 0, 0, 0, 0, 0
0, 0, 0, 0, 0, 0, 0, 0, 0, 0, 0, 0, 0, 0, 0, 0, 0, 0, 0, 0, 0, 0, 0, 0, 0, 0, 0
0, 0, 1, 195, 195, 195, 195.0, 0.0, 38025.0, 0, 0, 0, 0, 0, 0, 0, 0, 0, 0, 0, 1, 195, 195, 195, 195.0, 0.0, 38025.0
2, 104, 0, 0, 0, 0, 0, 0, 0, 2, 104, 0, 0, 0, 0, 0, 0, 0, 4, 208, 0, 0, 0, 0, 0, 0, 0
0, 0, 0, 0, 0, 0, 0, 0, 0, 0, 0, 0, 0, 0, 0, 0, 0, 0, 0, 0, 0, 0, 0, 0, 0, 0, 0
0, 0, 2, 263, 68, 195, 131.5, 4032.25, 21324.5, 0, 0, 0, 0, 0, 0, 0, 0, 0, 0, 0, 2, 263, 68, 195, 131.5, 4032.25, 21324.5
0, 0, 0, 0, 0, 0, 0, 0, 0, 0, 0, 0, 0, 0, 0, 0, 0, 0, 0, 0, 0, 0, 0, 0, 0, 0, 0
0, 0, 0, 0, 0, 0, 0, 0, 0, 0, 0, 0, 0, 0, 0, 0, 0, 0, 0, 0, 0, 0, 0, 0, 0, 0, 0
1, 52, 1, 195, 195, 195, 195.0, 0.0, 38025.0, 1, 52, 0, 0, 0, 0, 0, 0, 0, 2, 104, 1, 195, 195, 195, 195.0, 0.0, 38025.0
0, 0, 0, 0, 0, 0, 0, 0, 0, 0, 0, 0, 0, 0, 0, 0, 0, 0, 0, 0, 0, 0, 0, 0, 0, 0, 0
0, 0, 1, 195, 195, 195, 195.0, 0.0, 38025.0, 0, 0, 0, 0, 0, 0, 0, 0, 0, 0, 0, 1, 195, 195, 195, 195.0, 0.0, 38025.0
0, 0, 1, 195, 195, 195, 195.0, 0.0, 38025.0, 0, 0, 0, 0, 0, 0, 0, 0, 0, 0, 0, 1, 195, 195, 195, 195.0, 0.0, 38025.0
0, 0, 1, 195, 195, 195, 195.0, 0.0, 38025.0, 0, 0, 0, 0, 0, 0, 0, 0, 0, 0, 0, 1, 195, 195, 195, 195.0, 0.0, 38025.0
6, 312, 2, 1656, 195, 1461, 828.0, 400689.0, 1086273.0, 0, 0, 6, 87419, 2948, 27791, 14569.833333333334, 120505372.80555557, 332785416.1666667, 6, 312, 8, 89075, 195, 27791, 11134.375, 126470579.20408162, 249860630.375
0, 0, 1, 195, 195, 195, 195.0, 0.0, 38025.0, 0, 0, 0, 0, 0, 0, 0, 0, 0, 0, 0, 1, 195, 195, 195, 195.0, 0.0, 38025.0
0, 0, 2, 395, 195, 200, 197.5, 6.25, 39012.5, 0, 0, 0, 0, 0, 0, 0, 0, 0, 0, 0, 2, 395, 195, 200, 197.5, 6.25, 39012.5
0, 0, 1, 195, 195, 195, 195.0, 0.0, 38025.0, 0, 0, 0, 0, 0, 0, 0, 0, 0, 0, 0, 1, 195, 195, 195, 195.0, 0.0, 38025.0
0, 0, 2, 390, 195, 195, 195.0, 0.0, 38025.0, 0, 0, 0, 0, 0, 0, 0, 0, 0, 0, 0, 2, 390, 195, 195, 195.0, 0.0, 38025.0
0, 0, 1, 200, 200, 200, 200.0, 0.0, 40000.0, 0, 0, 0, 0, 0, 0, 0, 0, 0, 0, 0, 1, 200, 200, 200, 200.0, 0.0, 40000.0
0, 0, 1, 195, 195, 195, 195.0, 0.0, 38025.0, 0, 0, 0, 0, 0, 0, 0, 0, 0, 0, 0, 1, 195, 195, 195, 195.0, 0.0, 38025.0
0, 0, 3, 590, 195, 200, 196.66666666666666, 5.555555555555556, 38683.333333333336, 0, 0, 0, 0, 0, 0, 0, 0, 0, 0, 0, 3, 590, 195, 200, 196.66666666666666, 5.555555555555556, 38683.333333333336
0, 0, 0, 0, 0, 0, 0, 0, 0, 0, 0, 0, 0, 0, 0, 0, 0, 0, 0, 0, 0, 0, 0, 0, 0, 0, 0
0, 0, 0, 0, 0, 0, 0, 0, 0, 0, 0, 0, 0, 0, 0, 0, 0, 0, 0, 0, 0, 0, 0, 0, 0, 0, 0
0, 0, 2, 395, 195, 200, 197.5, 6.25, 39012.5, 0, 0, 0, 0, 0, 0, 0, 0, 0, 0, 0, 2, 395, 195, 200, 197.5, 6.25, 39012.5
0, 0, 0, 0, 0, 0, 0, 0, 0, 0, 0, 0, 0, 0, 0, 0, 0, 0, 0, 0, 0, 0, 0, 0, 0, 0, 0
0, 0, 1, 195, 195, 195, 195.0, 0.0, 38025.0, 0, 0, 0, 0, 0, 0, 0, 0, 0, 0, 0, 1, 195, 195, 195, 195.0, 0.0, 38025.0
6, 312, 1, 1461, 1461, 1461, 1461.0, 0.0, 2134521.0, 0, 0, 6, 88822, 5844, 17428, 14803.666666666666, 18364757.888888888, 237513304.66666666, 6, 312, 7, 90283, 1461, 17428, 12897.57142857143, 29593037.136094682, 203887764.14285713
0, 0, 0, 0, 0, 0, 0, 0, 0, 0, 0, 0, 0, 0, 0, 0, 0, 0, 0, 0, 0, 0, 0, 0, 0, 0, 0
0, 0, 0, 0, 0, 0, 0, 0, 0, 0, 0, 0, 0, 0, 0, 0, 0, 0, 0, 0, 0, 0, 0, 0, 0, 0, 0
0, 0, 0, 0, 0, 0, 0, 0, 0, 0, 0, 0, 0, 0, 0, 0, 0, 0, 0, 0, 0, 0, 0, 0, 0, 0, 0
0, 0, 0, 0, 0, 0, 0, 0, 0, 0, 0, 0, 0, 0, 0, 0, 0, 0, 0, 0, 0, 0, 0, 0, 0, 0, 0
0, 0, 0, 0, 0, 0, 0, 0, 0, 0, 0, 0, 0, 0, 0, 0, 0, 0, 0, 0, 0, 0, 0, 0, 0, 0, 0
0, 0, 0, 0, 0, 0, 0, 0, 0, 0, 0, 0, 0, 0, 0, 0, 0, 0, 0, 0, 0, 0, 0, 0, 0, 0, 0
0, 0, 0, 0, 0, 0, 0, 0, 0, 0, 0, 0, 0, 0, 0, 0, 0, 0, 0, 0, 0, 0, 0, 0, 0, 0, 0
0, 0, 0, 0, 0, 0, 0, 0, 0, 0, 0, 0, 0, 0, 0, 0, 0, 0, 0, 0, 0, 0, 0, 0, 0, 0, 0
0, 0, 0, 0, 0, 0, 0, 0, 0, 0, 0, 0, 0, 0, 0, 0, 0, 0, 0, 0, 0, 0, 0, 0, 0, 0, 0
0, 0, 0, 0, 0, 0, 0, 0, 0, 0, 0, 0, 0, 0, 0, 0, 0, 0, 0, 0, 0, 0, 0, 0, 0, 0, 0
1, 52, 0, 0, 0, 0, 0, 0, 0, 1, 52, 0, 0, 0, 0, 0, 0, 0, 2, 104, 0, 0, 0, 0, 0, 0, 0
0, 0, 0, 0, 0, 0, 0, 0, 0, 0, 0, 0, 0, 0, 0, 0, 0, 0, 0, 0, 0, 0, 0, 0, 0, 0, 0
0, 0, 0, 0, 0, 0, 0, 0, 0, 0, 0, 0, 0, 0, 0, 0, 0, 0, 0, 0, 0, 0, 0, 0, 0, 0, 0
0, 0, 0, 0, 0, 0, 0, 0, 0, 0, 0, 0, 0, 0, 0, 0, 0, 0, 0, 0, 0, 0, 0, 0, 0, 0, 0
0, 0, 0, 0, 0, 0, 0, 0, 0, 0, 0, 0, 0, 0, 0, 0, 0, 0, 0, 0, 0, 0, 0, 0, 0, 0, 0
8, 416, 1, 1461, 1461, 1461, 1461.0, 0.0, 2134521.0, 0, 0, 8, 88228, 2432, 24668, 11028.5, 97495449.75, 219123262.0, 8, 416, 9, 89689, 1461, 24668, 9965.444444444445, 96828218.79584777, 195013401.8888889
0, 0, 0, 0, 0, 0, 0, 0, 0, 0, 0, 0, 0, 0, 0, 0, 0, 0, 0, 0, 0, 0, 0, 0, 0, 0, 0
0, 0, 0, 0, 0, 0, 0, 0, 0, 0, 0, 0, 0, 0, 0, 0, 0, 0, 0, 0, 0, 0, 0, 0, 0, 0, 0
0, 0, 0, 0, 0, 0, 0, 0, 0, 0, 0, 0, 0, 0, 0, 0, 0, 0, 0, 0, 0, 0, 0, 0, 0, 0, 0
0, 0, 0, 0, 0, 0, 0, 0, 0, 0, 0, 0, 0, 0, 0, 0, 0, 0, 0, 0, 0, 0, 0, 0, 0, 0, 0
0, 0, 0, 0, 0, 0, 0, 0, 0, 0, 0, 0, 0, 0, 0, 0, 0, 0, 0, 0, 0, 0, 0, 0, 0, 0, 0
0, 0, 1, 157, 157, 157, 157.0, 0.0, 24649.0, 0, 0, 0, 0, 0, 0, 0, 0, 0, 0, 0, 1, 157, 157, 157, 157.0, 0.0, 24649.0
0, 0, 0, 0, 0, 0, 0, 0, 0, 0, 0, 0, 0, 0, 0, 0, 0, 0, 0, 0, 0, 0, 0, 0, 0, 0, 0
0, 0, 0, 0, 0, 0, 0, 0, 0, 0, 0, 0, 0, 0, 0, 0, 0, 0, 0, 0, 0, 0, 0, 0, 0, 0, 0
0, 0, 1, 157, 157, 157, 157.0, 0.0, 24649.0, 0, 0, 0, 0, 0, 0, 0, 0, 0, 0, 0, 1, 157, 157, 157, 157.0, 0.0, 24649.0
0, 0, 0, 0, 0, 0, 0, 0, 0, 0, 0, 0, 0, 0, 0, 0, 0, 0, 0, 0, 0, 0, 0, 0, 0, 0, 0
0, 0, 0, 0, 0, 0, 0, 0, 0, 0, 0, 0, 0, 0, 0, 0, 0, 0, 0, 0, 0, 0, 0, 0, 0, 0, 0
0, 0, 1, 172, 172, 172, 172.0, 0.0, 29584.0, 0, 0, 0, 0, 0, 0, 0, 0, 0, 0, 0, 1, 172, 172, 172, 172.0, 0.0, 29584.0
0, 0, 0, 0, 0, 0, 0, 0, 0, 0, 0, 0, 0, 0, 0, 0, 0, 0, 0, 0, 0, 0, 0, 0, 0, 0, 0
0, 0, 0, 0, 0, 0, 0, 0, 0, 0, 0, 0, 0, 0, 0, 0, 0, 0, 0, 0, 0, 0, 0, 0, 0, 0, 0
0, 0, 1, 172, 172, 172, 172.0, 0.0, 29584.0, 0, 0, 0, 0, 0, 0, 0, 0, 0, 0, 0, 1, 172, 172, 172, 172.0, 0.0, 29584.0
10, 520, 1, 1461, 1461, 1461, 1461.0, 0.0, 2134521.0, 0, 0, 10, 92140, 448, 23220, 9214.0, 58020298.4, 142918094.4, 10, 520, 11, 93601, 448, 23220, 8509.181818181818, 57983459.20181406, 130119587.72727273
0, 0, 0, 0, 0, 0, 0, 0, 0, 0, 0, 0, 0, 0, 0, 0, 0, 0, 0, 0, 0, 0, 0, 0, 0, 0, 0
0, 0, 1, 157, 157, 157, 157.0, 0.0, 24649.0, 0, 0, 0, 0, 0, 0, 0, 0, 0, 0, 0, 1, 157, 157, 157, 157.0, 0.0, 24649.0
4, 208, 3, 905, 91, 723, 301.6666666666667, 88760.88888888888, 179763.66666666666, 2, 104, 4, 389, 83, 124, 97.25, 249.1875, 9706.75, 6, 312, 7, 1294, 83, 723, 184.85714285714286, 32676.909090909092, 82588.28571428571
0, 0, 1, 157, 157, 157, 157.0, 0.0, 24649.0, 1, 52, 0, 0, 0, 0, 0, 0, 0, 1, 52, 1, 157, 157, 157, 157.0, 0.0, 24649.0
0, 0, 0, 0, 0, 0, 0, 0, 0, 0, 0, 0, 0, 0, 0, 0, 0, 0, 0, 0, 0, 0, 0, 0, 0, 0, 0
0, 0, 0, 0, 0, 0, 0, 0, 0, 0, 0, 0, 0, 0, 0, 0, 0, 0, 0, 0, 0, 0, 0, 0, 0, 0, 0
0, 0, 0, 0, 0, 0, 0, 0, 0, 0, 0, 0, 0, 0, 0, 0, 0, 0, 0, 0, 0, 0, 0, 0, 0, 0, 0
0, 0, 0, 0, 0, 0, 0, 0, 0, 0, 0, 0, 0, 0, 0, 0, 0, 0, 0, 0, 0, 0, 0, 0, 0, 0, 0
0, 0, 0, 0, 0, 0, 0, 0, 0, 0, 0, 0, 0, 0, 0, 0, 0, 0, 0, 0, 0, 0, 0, 0, 0, 0, 0
0, 0, 0, 0, 0, 0, 0, 0, 0, 0, 0, 0, 0, 0, 0, 0, 0, 0, 0, 0, 0, 0, 0, 0, 0, 0, 0
0, 0, 0, 0, 0, 0, 0, 0, 0, 0, 0, 0, 0, 0, 0, 0, 0, 0, 0, 0, 0, 0, 0, 0, 0, 0, 0
0, 0, 0, 0, 0, 0, 0, 0, 0, 0, 0, 0, 0, 0, 0, 0, 0, 0, 0, 0, 0, 0, 0, 0, 0, 0, 0
0, 0, 1, 195, 195, 195, 195.0, 0.0, 38025.0, 0, 0, 0, 0, 0, 0, 0, 0, 0, 0, 0, 1, 195, 195, 195, 195.0, 0.0, 38025.0
7, 364, 1, 1461, 1461, 1461, 1461.0, 0.0, 2134521.0, 0, 0, 7, 88962, 2948, 23220, 12708.857142857143, 86062916.40816326, 247577966.2857143, 7, 364, 8, 90423, 1461, 23220, 11302.875, 88197388.93333334, 216897535.625
0, 0, 0, 0, 0, 0, 0, 0, 0, 0, 0, 0, 0, 0, 0, 0, 0, 0, 0, 0, 0, 0, 0, 0, 0, 0, 0
0, 0, 1, 195, 195, 195, 195.0, 0.0, 38025.0, 0, 0, 0, 0, 0, 0, 0, 0, 0, 0, 0, 1, 195, 195, 195, 195.0, 0.0, 38025.0
0, 0, 0, 0, 0, 0, 0, 0, 0, 0, 0, 0, 0, 0, 0, 0, 0, 0, 0, 0, 0, 0, 0, 0, 0, 0, 0
0, 0, 0, 0, 0, 0, 0, 0, 0, 0, 0, 0, 0, 0, 0, 0, 0, 0, 0, 0, 0, 0, 0, 0, 0, 0, 0
0, 0, 2, 390, 195, 195, 195.0, 0.0, 38025.0, 0, 0, 0, 0, 0, 0, 0, 0, 0, 0, 0, 2, 390, 195, 195, 195.0, 0.0, 38025.0
33, 1716, 1, 1390, 1390, 1390, 1390.0, 0.0, 1932100.0, 0, 0, 73, 648154, 1500, 26116, 8878.82191780822, 57050732.69431412, 135884211.34246576, 33, 1716, 74, 649544, 1390, 26116, 8777.621621621622, 57041550.43398584, 134074047.67567568
0, 0, 0, 0, 0, 0, 0, 0, 0, 0, 0, 0, 0, 0, 0, 0, 0, 0, 0, 0, 0, 0, 0, 0, 0, 0, 0
0, 0, 2, 390, 195, 195, 195.0, 0.0, 38025.0, 0, 0, 0, 0, 0, 0, 0, 0, 0, 0, 0, 2, 390, 195, 195, 195.0, 0.0, 38025.0
1, 52, 2, 550, 91, 459, 275.0, 33856.0, 109481.0, 2, 104, 3, 296, 83, 122, 98.66666666666667, 282.88888888888886, 10018.0, 3, 156, 5, 846, 83, 459, 169.2, 14506.1875, 49803.2
0, 0, 0, 0, 0, 0, 0, 0, 0, 0, 0, 0, 0, 0, 0, 0, 0, 0, 0, 0, 0, 0, 0, 0, 0, 0, 0
0, 0, 1, 195, 195, 195, 195.0, 0.0, 38025.0, 0, 0, 0, 0, 0, 0, 0, 0, 0, 0, 0, 1, 195, 195, 195, 195.0, 0.0, 38025.0
0, 0, 0, 0, 0, 0, 0, 0, 0, 0, 0, 0, 0, 0, 0, 0, 0, 0, 0, 0, 0, 0, 0, 0, 0, 0, 0
0, 0, 0, 0, 0, 0, 0, 0, 0, 0, 0, 0, 0, 0, 0, 0, 0, 0, 0, 0, 0, 0, 0, 0, 0, 0, 0
0, 0, 1, 195, 195, 195, 195.0, 0.0, 38025.0, 0, 0, 0, 0, 0, 0, 0, 0, 0, 0, 0, 1, 195, 195, 195, 195.0, 0.0, 38025.0
0, 0, 0, 0, 0, 0, 0, 0, 0, 0, 0, 0, 0, 0, 0, 0, 0, 0, 0, 0, 0, 0, 0, 0, 0, 0, 0
9, 468, 1, 1461, 1461, 1461, 1461.0, 0.0, 2134521.0, 0, 0, 9, 87061, 2948, 23220, 9673.444444444445, 53098036.24691358, 146673563.66666666, 9, 468, 10, 88522, 1461, 23220, 8852.2, 53666273.63988919, 132219659.4
0, 0, 0, 0, 0, 0, 0, 0, 0, 0, 0, 0, 0, 0, 0, 0, 0, 0, 0, 0, 0, 0, 0, 0, 0, 0, 0
0, 0, 0, 0, 0, 0, 0, 0, 0, 0, 0, 0, 0, 0, 0, 0, 0, 0, 0, 0, 0, 0, 0, 0, 0, 0, 0
0, 0, 0, 0, 0, 0, 0, 0, 0, 0, 0, 0, 0, 0, 0, 0, 0, 0, 0, 0, 0, 0, 0, 0, 0, 0, 0
0, 0, 1, 195, 195, 195, 195.0, 0.0, 38025.0, 0, 0, 0, 0, 0, 0, 0, 0, 0, 0, 0, 1, 195, 195, 195, 195.0, 0.0, 38025.0
0, 0, 0, 0, 0, 0, 0, 0, 0, 0, 0, 0, 0, 0, 0, 0, 0, 0, 0, 0, 0, 0, 0, 0, 0, 0, 0
0, 0, 0, 0, 0, 0, 0, 0, 0, 0, 0, 0, 0, 0, 0, 0, 0, 0, 0, 0, 0, 0, 0, 0, 0, 0, 0
0, 0, 1, 195, 195, 195, 195.0, 0.0, 38025.0, 0, 0, 0, 0, 0, 0, 0, 0, 0, 0, 0, 1, 195, 195, 195, 195.0, 0.0, 38025.0
0, 0, 0, 0, 0, 0, 0, 0, 0, 0, 0, 0, 0, 0, 0, 0, 0, 0, 0, 0, 0, 0, 0, 0, 0, 0, 0
0, 0, 0, 0, 0, 0, 0, 0, 0, 0, 0, 0, 0, 0, 0, 0, 0, 0, 0, 0, 0, 0, 0, 0, 0, 0, 0
0, 0, 1, 195, 195, 195, 195.0, 0.0, 38025.0, 0, 0, 0, 0, 0, 0, 0, 0, 0, 0, 0, 1, 195, 195, 195, 195.0, 0.0, 38025.0
0, 0, 0, 0, 0, 0, 0, 0, 0, 0, 0, 0, 0, 0, 0, 0, 0, 0, 0, 0, 0, 0, 0, 0, 0, 0, 0
0, 0, 1, 195, 195, 195, 195.0, 0.0, 38025.0, 0, 0, 0, 0, 0, 0, 0, 0, 0, 0, 0, 1, 195, 195, 195, 195.0, 0.0, 38025.0
10, 520, 1, 1461, 1461, 1461, 1461.0, 0.0, 2134521.0, 0, 0, 10, 95597, 2948, 23220, 9559.7, 64477737.61, 155865601.7, 10, 520, 11, 97058, 1461, 23220, 8823.454545454546, 64381924.331065744, 141890048.9090909
0, 0, 0, 0, 0, 0, 0, 0, 0, 0, 0, 0, 0, 0, 0, 0, 0, 0, 0, 0, 0, 0, 0, 0, 0, 0, 0
0, 0, 0, 0, 0, 0, 0, 0, 0, 0, 0, 0, 0, 0, 0, 0, 0, 0, 0, 0, 0, 0, 0, 0, 0, 0, 0
0, 0, 0, 0, 0, 0, 0, 0, 0, 0, 0, 0, 0, 0, 0, 0, 0, 0, 0, 0, 0, 0, 0, 0, 0, 0, 0
