addr1_packet_ctrl, addr1_bytes_ctrl, addr1_packet, addr1_bytes, addr1_pkt_len_min, addr1_pkt_len_max, addr1_pkt_len_avg,addr1_pkt_len_var, addr1_pkt_len_mom2, addr2_packet_ctrl, addr2_bytes_ctrl, addr2_packet, addr2_bytes, addr2_pkt_len_min, addr2_pkt_len_max, addr2_pkt_len_avg,addr2_pkt_len_var, addr2_pkt_len_mom2, addra_packet_ctrl, addra_bytes_ctrl, addra_packet, addra_bytes, addra_pkt_len_min, addra_pkt_len_max, addra_pkt_len_avg,addra_pkt_len_var, addra_pkt_len_mom2 
2, 104, 0, 0, 0, 0, 0, 0, 0, 2, 104, 0, 0, 0, 0, 0, 0, 0, 4, 208, 0, 0, 0, 0, 0, 0, 0
18, 960, 7, 3324, 72, 1612, 474.85714285714283, 273483.55102040817, 498972.85714285716, 8, 440, 7, 2307, 164, 707, 329.57142857142856, 28189.38775510204, 136806.7142857143, 26, 1400, 14, 5631, 72, 1612, 402.2142857142857, 114644.76190476191, 317889.78571428574
6, 320, 9, 2144, 72, 651, 238.22222222222223, 43995.50617283951, 100745.33333333333, 6, 320, 7, 1951, 122, 665, 278.7142857142857, 29833.061224489797, 107514.71428571429, 12, 640, 16, 4095, 72, 665, 255.9375, 35765.41776937618, 103706.9375
28, 1480, 33, 11598, 80, 2163, 351.45454545454544, 158313.94490358126, 281834.24242424243, 22, 1168, 42, 29371, 83, 3349, 699.3095238095239, 626555.7851473922, 1115589.5952380951, 50, 2648, 75, 40969, 80, 3349, 546.2533333333333, 518990.49981737166, 748737.24
35, 1852, 42, 14944, 83, 1679, 355.8095238095238, 103090.77324263037, 229691.19047619047, 29, 1540, 52, 13277, 83, 1454, 255.32692307692307, 77289.79696745562, 142481.63461538462, 64, 3392, 94, 28221, 83, 1679, 300.22340425531917, 86780.98686432726, 181447.60638297873
19, 1012, 16, 4305, 81, 915, 269.0625, 63316.55859375, 135711.1875, 14, 744, 28, 22266, 83, 4396, 795.2142857142857, 1214662.168367347, 1847027.9285714286, 33, 1756, 44, 26571, 81, 4396, 603.8863636363636, 1006655.7343750002, 1224730.9318181819
232, 12100, 26, 14228, 73, 1816, 547.2307692307693, 214705.1775147929, 514166.6923076923, 18, 968, 381, 3113184, 83, 24668, 8171.086614173229, 45739990.21034575, 112506646.66666667, 250, 13068, 407, 3127412, 73, 24668, 7684.058968058968, 46092380.058195256, 105352335.90663391
67, 3484, 3, 1506, 178, 751, 502.0, 57534.0, 309538.0, 0, 0, 102, 967446, 103, 20370, 9484.764705882353, 49170174.80738178, 139130936.33333334, 67, 3484, 105, 968952, 103, 20370, 9228.114285714286, 49610870.456206664, 135164610.66666666
25, 1324, 9, 5664, 79, 1238, 629.3333333333334, 82372.22222222222, 478432.6666666667, 3, 164, 25, 134707, 87, 18544, 5388.28, 34650410.281600006, 63683971.64, 28, 1488, 34, 140371, 79, 18544, 4128.558823529412, 32305043.952887103, 46953093.676470585
5, 268, 6, 3154, 103, 767, 525.6666666666666, 40859.555555555555, 317185.0, 4, 232, 1, 197, 197, 197, 197.0, 0.0, 38809.0, 9, 500, 7, 3351, 103, 767, 478.7142857142857, 50898.75, 277417.0
90, 4680, 7, 5469, 178, 1967, 781.2857142857143, 476953.0612244899, 1087360.4285714286, 2, 104, 179, 1399091, 103, 23220, 7816.150837988826, 47758511.345962994, 108850725.26815642, 92, 4784, 186, 1404560, 103, 23220, 7551.397849462365, 47782650.004758865, 104795114.76344086
7, 364, 3, 2738, 577, 1584, 912.6666666666666, 225344.22222222225, 1058304.6666666667, 2, 104, 17, 133808, 103, 20438, 7871.058823529412, 46466025.46712802, 108419592.47058824, 9, 468, 20, 136546, 103, 20438, 6827.3, 46324349.03579255, 92315399.3
5, 260, 9, 3501, 87, 1269, 389.0, 129622.88888888889, 280943.8888888889, 6, 312, 10, 1782, 83, 346, 178.2, 10131.759999999998, 41887.0, 11, 572, 19, 5283, 83, 1269, 278.05263157894734, 56726.02853745541, 155124.47368421053
49, 2548, 8, 4420, 91, 1248, 552.5, 120736.25, 425992.5, 3, 156, 152, 1716956, 83, 26116, 11295.763157894737, 66286758.54916897, 193881023.86842105, 52, 2704, 160, 1721376, 83, 26116, 10758.6, 67473739.3874096, 184208272.3
6, 312, 3, 1311, 157, 577, 437.0, 39200.0, 230169.0, 0, 0, 20, 132538, 537, 20324, 6626.9, 30243244.290000003, 74159047.9, 6, 312, 23, 133849, 157, 20324, 5819.521739130435, 30622617.858301785, 64516150.652173914
0, 0, 0, 0, 0, 0, 0, 0, 0, 0, 0, 0, 0, 0, 0, 0, 0, 0, 0, 0, 0, 0, 0, 0, 0, 0, 0
144, 7476, 7, 4310, 157, 1271, 615.7142857142857, 92506.77551020407, 471610.85714285716, 0, 0, 237, 2626339, 346, 23220, 11081.599156118144, 51404515.80978832, 174206355.66666666, 144, 7476, 244, 2630649, 157, 23220, 10781.348360655738, 52228633.760564655, 169222162.1680328
15, 768, 3, 2082, 157, 1239, 694.0, 195152.66666666666, 676788.6666666666, 0, 0, 46, 505484, 301, 26116, 10988.782608695652, 56371059.82230625, 177124403.04347825, 15, 768, 49, 507566, 157, 26116, 10358.489795918367, 57838212.17396123, 166321487.87755102
15, 780, 2, 1152, 576, 576, 576.0, 0.0, 331776.0, 0, 0, 19, 132370, 537, 17428, 6966.8421052631575, 28824301.290858727, 77361190.21052632, 15, 780, 21, 133522, 537, 17428, 6358.190476190476, 29323122.21, 70025055.52380952
24, 1248, 4, 1557, 157, 652, 389.25, 51262.6875, 202778.25, 0, 0, 40, 427775, 1261, 23220, 10694.375, 56143111.084375, 170512767.725, 24, 1248, 44, 429332, 157, 23220, 9757.545454545454, 58288197.72604875, 155030041.4090909
34, 1768, 7, 5437, 576, 1243, 776.7142857142857, 41211.34693877551, 644496.4285714285, 0, 0, 68, 656017, 87, 17428, 9647.308823529413, 46758915.94874567, 139829483.4852941, 34, 1768, 75, 661454, 87, 17428, 8819.386666666667, 48135317.12582523, 126838884.69333333
16, 832, 2, 1152, 576, 576, 576.0, 0.0, 331776.0, 0, 0, 19, 133157, 301, 17428, 7008.263157894737, 37122128.299168974, 86237880.78947368, 16, 832, 21, 134309, 301, 17428, 6395.666666666667, 37231287.3275, 78056347.0
0, 0, 2, 344, 172, 172, 172.0, 0.0, 29584.0, 0, 0, 0, 0, 0, 0, 0, 0, 0, 0, 0, 2, 344, 172, 172, 172.0, 0.0, 29584.0
30, 1560, 2, 1152, 576, 576, 576.0, 0.0, 331776.0, 0, 0, 101, 893055, 1500, 20324, 8842.128712871287, 45968901.2804627, 124152141.45544554, 30, 1560, 103, 894207, 576, 20324, 8681.621359223302, 46181549.23731258, 121747862.51456311
5, 260, 2, 1152, 576, 576, 576.0, 0.0, 331776.0, 0, 0, 14, 132275, 2602, 20324, 9448.214285714286, 33887552.02551021, 123156305.21428572, 5, 260, 16, 133427, 576, 20324, 8339.1875, 36526277.92888888, 107803239.0625
3, 156, 7, 2710, 91, 1274, 387.14285714285717, 142510.12244897962, 292389.71428571426, 3, 156, 6, 996, 87, 346, 166.0, 8447.333333333334, 36003.333333333336, 6, 312, 13, 3706, 87, 1274, 285.0769230769231, 69218.24930747923, 174057.53846153847
11, 572, 6, 1551, 87, 576, 258.5, 36497.25, 103319.5, 5, 260, 45, 435182, 83, 23220, 9670.711111111112, 63948578.472098775, 157471231.86666667, 16, 832, 51, 436733, 83, 23220, 8563.392156862745, 65144877.18478733, 138957359.82352942
5, 260, 4, 1400, 91, 576, 350.0, 51620.5, 174120.5, 1, 52, 18, 133215, 83, 17428, 7400.833333333333, 42547666.02777778, 97320000.05555555, 6, 312, 22, 134615, 83, 17428, 6118.863636363636, 42772344.0375, 79657112.86363636
0, 0, 1, 157, 157, 157, 157.0, 0.0, 24649.0, 0, 0, 0, 0, 0, 0, 0, 0, 0, 0, 0, 1, 157, 157, 157, 157.0, 0.0, 24649.0
77, 4004, 2, 1152, 576, 576, 576.0, 0.0, 331776.0, 2, 104, 160, 1579137, 76, 26116, 9869.60625, 53073600.28871094, 150482727.81875, 79, 4108, 162, 1580289, 76, 26116, 9754.87037037037, 53277085.07302959, 148629012.36419752
18, 936, 3, 1310, 157, 577, 436.6666666666667, 39106.88888888888, 229784.66666666666, 3, 156, 18, 132435, 537, 17428, 7357.5, 25640411.361111112, 79773217.6111111, 21, 1092, 21, 133745, 157, 17428, 6368.809523809524, 27072116.98356345, 68409870.04761904
0, 0, 0, 0, 0, 0, 0, 0, 0, 0, 0, 0, 0, 0, 0, 0, 0, 0, 0, 0, 0, 0, 0, 0, 0, 0, 0
75, 3900, 2, 1154, 577, 577, 577.0, 0.0, 332929.0, 0, 0, 146, 1541895, 1026, 26116, 10560.924657534246, 49538058.16555639, 161071187.78767124, 75, 3900, 148, 1543049, 577, 26116, 10426.006756756757, 49874538.482946925, 158899049.1554054
7, 364, 2, 1154, 577, 577, 577.0, 0.0, 332929.0, 1, 52, 14, 132797, 2948, 17428, 9485.5, 33300796.67857143, 123275506.92857143, 8, 416, 16, 133951, 577, 17428, 8371.9375, 36018784.50666666, 107907684.6875
0, 0, 0, 0, 0, 0, 0, 0, 0, 0, 0, 0, 0, 0, 0, 0, 0, 0, 0, 0, 0, 0, 0, 0, 0, 0, 0
0, 0, 0, 0, 0, 0, 0, 0, 0, 0, 0, 0, 0, 0, 0, 0, 0, 0, 0, 0, 0, 0, 0, 0, 0, 0, 0
5, 260, 2, 1154, 577, 577, 577.0, 0.0, 332929.0, 0, 0, 12, 132170, 2948, 19905, 11014.166666666666, 32874985.805555556, 154186853.16666666, 5, 260, 14, 133324, 577, 19905, 9523.142857142857, 38081131.136094674, 132207721.14285715
2, 80, 0, 0, 0, 0, 0, 0, 0, 0, 0, 2, 351, 83, 268, 175.5, 8556.25, 39356.5, 2, 80, 2, 351, 83, 268, 175.5, 8556.25, 39356.5
2, 104, 1, 577, 577, 577, 577.0, 0.0, 332929.0, 0, 0, 8, 51583, 537, 15980, 6447.875, 29164038.359375, 70739130.375, 2, 104, 9, 52160, 537, 15980, 5795.555555555556, 29356723.896193773, 62916219.11111111
4, 208, 2, 1154, 577, 577, 577.0, 0.0, 332929.0, 0, 0, 14, 132674, 1500, 20324, 9476.714285714286, 35862466.34693878, 125670580.0, 4, 208, 16, 133828, 577, 20324, 8364.25, 38399941.04, 110003373.625
0, 0, 0, 0, 0, 0, 0, 0, 0, 0, 0, 0, 0, 0, 0, 0, 0, 0, 0, 0, 0, 0, 0, 0, 0, 0, 0
0, 0, 1, 226, 226, 226, 226.0, 0.0, 51076.0, 0, 0, 0, 0, 0, 0, 0, 0, 0, 0, 0, 1, 226, 226, 226, 226.0, 0.0, 51076.0
3, 144, 2, 803, 226, 577, 401.5, 30800.25, 192002.5, 0, 0, 5, 66056, 4881, 23220, 13211.2, 38781514.16, 213317319.6, 3, 144, 7, 66859, 226, 23220, 9551.285714285714, 55113119.354166664, 152424371.85714287
0, 0, 0, 0, 0, 0, 0, 0, 0, 0, 0, 0, 0, 0, 0, 0, 0, 0, 0, 0, 0, 0, 0, 0, 0, 0, 0
1, 40, 0, 0, 0, 0, 0, 0, 0, 0, 0, 0, 0, 0, 0, 0, 0, 0, 1, 40, 0, 0, 0, 0, 0, 0, 0
0, 0, 0, 0, 0, 0, 0, 0, 0, 0, 0, 0, 0, 0, 0, 0, 0, 0, 0, 0, 0, 0, 0, 0, 0, 0, 0
0, 0, 1, 195, 195, 195, 195.0, 0.0, 38025.0, 0, 0, 0, 0, 0, 0, 0, 0, 0, 0, 0, 1, 195, 195, 195, 195.0, 0.0, 38025.0
0, 0, 0, 0, 0, 0, 0, 0, 0, 0, 0, 0, 0, 0, 0, 0, 0, 0, 0, 0, 0, 0, 0, 0, 0, 0, 0
4, 208, 0, 0, 0, 0, 0, 0, 0, 2, 104, 2, 166, 83, 83, 83.0, 0.0, 6889.0, 6, 312, 2, 166, 83, 83, 83.0, 0.0, 6889.0
2, 104, 1, 195, 195, 195, 195.0, 0.0, 38025.0, 1, 52, 1, 83, 83, 83, 83.0, 0.0, 6889.0, 3, 156, 2, 278, 83, 195, 139.0, 2787.555555555556, 22457.0
0, 0, 0, 0, 0, 0, 0, 0, 0, 0, 0, 0, 0, 0, 0, 0, 0, 0, 0, 0, 0, 0, 0, 0, 0, 0, 0
0, 0, 0, 0, 0, 0, 0, 0, 0, 0, 0, 0, 0, 0, 0, 0, 0, 0, 0, 0, 0, 0, 0, 0, 0, 0, 0
0, 0, 1, 195, 195, 195, 195.0, 0.0, 38025.0, 0, 0, 0, 0, 0, 0, 0, 0, 0, 0, 0, 1, 195, 195, 195, 195.0, 0.0, 38025.0
0, 0, 0, 0, 0, 0, 0, 0, 0, 0, 0, 0, 0, 0, 0, 0, 0, 0, 0, 0, 0, 0, 0, 0, 0, 0, 0
6, 312, 2, 772, 195, 577, 386.0, 36481.0, 185477.0, 0, 0, 7, 66709, 83, 19060, 9529.857142857143, 39945143.26530612, 130763320.42857143, 6, 312, 9, 67481, 83, 19060, 7497.888888888889, 44101417.734375, 101746021.8888889
0, 0, 0, 0, 0, 0, 0, 0, 0, 0, 0, 0, 0, 0, 0, 0, 0, 0, 0, 0, 0, 0, 0, 0, 0, 0, 0
0, 0, 0, 0, 0, 0, 0, 0, 0, 0, 0, 0, 0, 0, 0, 0, 0, 0, 0, 0, 0, 0, 0, 0, 0, 0, 0
0, 0, 0, 0, 0, 0, 0, 0, 0, 0, 0, 0, 0, 0, 0, 0, 0, 0, 0, 0, 0, 0, 0, 0, 0, 0, 0
0, 0, 0, 0, 0, 0, 0, 0, 0, 0, 0, 0, 0, 0, 0, 0, 0, 0, 0, 0, 0, 0, 0, 0, 0, 0, 0
0, 0, 0, 0, 0, 0, 0, 0, 0, 0, 0, 0, 0, 0, 0, 0, 0, 0, 0, 0, 0, 0, 0, 0, 0, 0, 0
2, 104, 2, 730, 91, 639, 365.0, 75076.0, 208301.0, 1, 52, 2, 422, 91, 331, 211.0, 14400.0, 58921.0, 3, 156, 4, 1152, 91, 639, 288.0, 39895.555555555555, 133611.0
0, 0, 0, 0, 0, 0, 0, 0, 0, 0, 0, 0, 0, 0, 0, 0, 0, 0, 0, 0, 0, 0, 0, 0, 0, 0, 0
4, 224, 1, 569, 569, 569, 569.0, 0.0, 323761.0, 1, 60, 0, 0, 0, 0, 0, 0, 0, 5, 284, 1, 569, 569, 569, 569.0, 0.0, 323761.0
2, 104, 3, 1456, 103, 784, 485.3333333333333, 80793.55555555556, 316342.0, 1, 60, 1, 189, 189, 189, 189.0, 0.0, 35721.0, 3, 164, 4, 1645, 103, 784, 411.25, 69551.36, 246186.75
2, 104, 1, 103, 103, 103, 103.0, 0.0, 10609.0, 1, 52, 2, 490, 189, 301, 245.0, 3136.0, 63161.0, 3, 156, 3, 593, 103, 301, 197.66666666666666, 5735.039999999999, 45643.666666666664
4, 208, 2, 1154, 577, 577, 577.0, 0.0, 332929.0, 1, 52, 17, 191347, 1989, 26116, 11255.70588235294, 54439484.089965396, 181130399.0, 5, 260, 19, 192501, 577, 26116, 10131.631578947368, 57398373.58024691, 162099086.36842105
0, 0, 0, 0, 0, 0, 0, 0, 0, 0, 0, 0, 0, 0, 0, 0, 0, 0, 0, 0, 0, 0, 0, 0, 0, 0, 0
0, 0, 0, 0, 0, 0, 0, 0, 0, 0, 0, 0, 0, 0, 0, 0, 0, 0, 0, 0, 0, 0, 0, 0, 0, 0, 0
0, 0, 0, 0, 0, 0, 0, 0, 0, 0, 0, 0, 0, 0, 0, 0, 0, 0, 0, 0, 0, 0, 0, 0, 0, 0, 0
1, 52, 0, 0, 0, 0, 0, 0, 0, 1, 52, 0, 0, 0, 0, 0, 0, 0, 2, 104, 0, 0, 0, 0, 0, 0, 0
0, 0, 0, 0, 0, 0, 0, 0, 0, 0, 0, 0, 0, 0, 0, 0, 0, 0, 0, 0, 0, 0, 0, 0, 0, 0, 0
0, 0, 0, 0, 0, 0, 0, 0, 0, 0, 0, 0, 0, 0, 0, 0, 0, 0, 0, 0, 0, 0, 0, 0, 0, 0, 0
0, 0, 0, 0, 0, 0, 0, 0, 0, 0, 0, 0, 0, 0, 0, 0, 0, 0, 0, 0, 0, 0, 0, 0, 0, 0, 0
0, 0, 0, 0, 0, 0, 0, 0, 0, 0, 0, 0, 0, 0, 0, 0, 0, 0, 0, 0, 0, 0, 0, 0, 0, 0, 0
0, 0, 0, 0, 0, 0, 0, 0, 0, 0, 0, 0, 0, 0, 0, 0, 0, 0, 0, 0, 0, 0, 0, 0, 0, 0, 0
0, 0, 1, 195, 195, 195, 195.0, 0.0, 38025.0, 0, 0, 0, 0, 0, 0, 0, 0, 0, 0, 0, 1, 195, 195, 195, 195.0, 0.0, 38025.0
31, 1612, 2, 1154, 577, 577, 577.0, 0.0, 332929.0, 0, 0, 98, 1038025, 2948, 26116, 10592.091836734693, 56038051.73646399, 168230461.2142857, 31, 1612, 100, 1039179, 577, 26116, 10391.79, 56474929.116212636, 164872510.57
0, 0, 0, 0, 0, 0, 0, 0, 0, 0, 0, 0, 0, 0, 0, 0, 0, 0, 0, 0, 0, 0, 0, 0, 0, 0, 0
0, 0, 1, 195, 195, 195, 195.0, 0.0, 38025.0, 0, 0, 0, 0, 0, 0, 0, 0, 0, 0, 0, 1, 195, 195, 195, 195.0, 0.0, 38025.0
0, 0, 0, 0, 0, 0, 0, 0, 0, 0, 0, 0, 0, 0, 0, 0, 0, 0, 0, 0, 0, 0, 0, 0, 0, 0, 0
1, 52, 1, 195, 195, 195, 195.0, 0.0, 38025.0, 1, 52, 0, 0, 0, 0, 0, 0, 0, 2, 104, 1, 195, 195, 195, 195.0, 0.0, 38025.0
0, 0, 0, 0, 0, 0, 0, 0, 0, 0, 0, 0, 0, 0, 0, 0, 0, 0, 0, 0, 0, 0, 0, 0, 0, 0, 0
0, 0, 1, 195, 195, 195, 195.0, 0.0, 38025.0, 0, 0, 0, 0, 0, 0, 0, 0, 0, 0, 0, 1, 195, 195, 195, 195.0, 0.0, 38025.0
0, 0, 1, 195, 195, 195, 195.0, 0.0, 38025.0, 0, 0, 0, 0, 0, 0, 0, 0, 0, 0, 0, 1, 195, 195, 195, 195.0, 0.0, 38025.0
0, 0, 0, 0, 0, 0, 0, 0, 0, 0, 0, 0, 0, 0, 0, 0, 0, 0, 0, 0, 0, 0, 0, 0, 0, 0, 0
0, 0, 1, 195, 195, 195, 195.0, 0.0, 38025.0, 0, 0, 0, 0, 0, 0, 0, 0, 0, 0, 0, 1, 195, 195, 195, 195.0, 0.0, 38025.0
0, 0, 0, 0, 0, 0, 0, 0, 0, 0, 0, 0, 0, 0, 0, 0, 0, 0, 0, 0, 0, 0, 0, 0, 0, 0, 0
33, 1716, 2, 1154, 577, 577, 577.0, 0.0, 332929.0, 0, 0, 90, 1012578, 600, 26116, 11250.866666666667, 54067714.760000005, 180649715.5111111, 33, 1716, 92, 1013732, 577, 26116, 11018.826086956522, 54711799.60753531, 176729785.36956522
0, 0, 1, 195, 195, 195, 195.0, 0.0, 38025.0, 0, 0, 0, 0, 0, 0, 0, 0, 0, 0, 0, 1, 195, 195, 195, 195.0, 0.0, 38025.0
0, 0, 0, 0, 0, 0, 0, 0, 0, 0, 0, 0, 0, 0, 0, 0, 0, 0, 0, 0, 0, 0, 0, 0, 0, 0, 0
0, 0, 0, 0, 0, 0, 0, 0, 0, 0, 0, 0, 0, 0, 0, 0, 0, 0, 0, 0, 0, 0, 0, 0, 0, 0, 0
1, 52, 1, 195, 195, 195, 195.0, 0.0, 38025.0, 0, 0, 0, 0, 0, 0, 0, 0, 0, 1, 52, 1, 195, 195, 195, 195.0, 0.0, 38025.0
2, 104, 0, 0, 0, 0, 0, 0, 0, 2, 104, 1, 83, 83, 83, 83.0, 0.0, 6889.0, 4, 208, 1, 83, 83, 83, 83.0, 0.0, 6889.0
1, 52, 0, 0, 0, 0, 0, 0, 0, 0, 0, 2, 376, 83, 293, 188.0, 11025.0, 46369.0, 1, 52, 2, 376, 83, 293, 188.0, 11025.0, 46369.0
0, 0, 0, 0, 0, 0, 0, 0, 0, 0, 0, 0, 0, 0, 0, 0, 0, 0, 0, 0, 0, 0, 0, 0, 0, 0, 0
0, 0, 0, 0, 0, 0, 0, 0, 0, 0, 0, 0, 0, 0, 0, 0, 0, 0, 0, 0, 0, 0, 0, 0, 0, 0, 0
0, 0, 0, 0, 0, 0, 0, 0, 0, 0, 0, 0, 0, 0, 0, 0, 0, 0, 0, 0, 0, 0, 0, 0, 0, 0, 0
0, 0, 0, 0, 0, 0, 0, 0, 0, 0, 0, 0, 0, 0, 0, 0, 0, 0, 0, 0, 0, 0, 0, 0, 0, 0, 0
3, 164, 2, 670, 93, 577, 335.0, 58564.0, 170789.0, 2, 112, 0, 0, 0, 0, 0, 0, 0, 5, 276, 2, 670, 93, 577, 335.0, 58564.0, 170789.0
24, 1248, 2, 1709, 577, 1132, 854.5, 77006.25, 807176.5, 3, 156, 91, 1001997, 73, 23220, 11010.956043956045, 65305471.99806788, 186546625.0, 27, 1404, 93, 1003706, 73, 23220, 10792.537634408602, 65705514.37686083, 182552228.2580645
2, 104, 0, 0, 0, 0, 0, 0, 0, 0, 0, 2, 592, 100, 492, 296.0, 38416.0, 126032.0, 2, 104, 2, 592, 100, 492, 296.0, 38416.0, 126032.0
1, 52, 1, 332, 332, 332, 332.0, 0.0, 110224.0, 1, 52, 1, 68, 68, 68, 68.0, 0.0, 4624.0, 2, 104, 2, 400, 68, 332, 200.0, 15488.0, 57424.0
1, 52, 1, 104, 104, 104, 104.0, 0.0, 10816.0, 0, 0, 1, 104, 104, 104, 104.0, 0.0, 10816.0, 1, 52, 2, 208, 104, 104, 104.0, 0.0, 10816.0
2, 112, 1, 104, 104, 104, 104.0, 0.0, 10816.0, 2, 104, 2, 240, 104, 136, 120.0, 256.0, 14656.0, 4, 216, 3, 344, 104, 136, 114.66666666666667, 245.76, 13376.0
2, 112, 1, 569, 569, 569, 569.0, 0.0, 323761.0, 2, 112, 0, 0, 0, 0, 0, 0, 0, 4, 224, 1, 569, 569, 569, 569.0, 0.0, 323761.0
2, 104, 3, 1454, 103, 782, 484.6666666666667, 80396.22222222222, 315298.0, 1, 60, 1, 189, 189, 189, 189.0, 0.0, 35721.0, 3, 164, 4, 1643, 103, 782, 410.75, 69218.23999999999, 245403.75
2, 104, 1, 103, 103, 103, 103.0, 0.0, 10609.0, 1, 52, 2, 490, 189, 301, 245.0, 3136.0, 63161.0, 3, 156, 3, 593, 103, 301, 197.66666666666666, 5735.039999999999, 45643.666666666664
0, 0, 0, 0, 0, 0, 0, 0, 0, 1, 52, 0, 0, 0, 0, 0, 0, 0, 1, 52, 0, 0, 0, 0, 0, 0, 0
0, 0, 0, 0, 0, 0, 0, 0, 0, 0, 0, 0, 0, 0, 0, 0, 0, 0, 0, 0, 0, 0, 0, 0, 0, 0, 0
2, 104, 1, 577, 577, 577, 577.0, 0.0, 332929.0, 1, 52, 5, 66296, 3433, 17334, 13259.2, 26173760.56, 201980145.2, 3, 156, 6, 66873, 577, 17334, 11145.5, 37086740.74380165, 168372275.83333334
24, 1248, 1, 577, 577, 577, 577.0, 0.0, 332929.0, 0, 0, 74, 915006, 2252, 29012, 12364.945945945947, 71475597.40248357, 224367485.64864865, 24, 1248, 75, 915583, 577, 29012, 12207.773333333333, 71922224.81077427, 221380358.22666666
0, 0, 1, 195, 195, 195, 195.0, 0.0, 38025.0, 0, 0, 0, 0, 0, 0, 0, 0, 0, 0, 0, 1, 195, 195, 195, 195.0, 0.0, 38025.0
0, 0, 0, 0, 0, 0, 0, 0, 0, 0, 0, 0, 0, 0, 0, 0, 0, 0, 0, 0, 0, 0, 0, 0, 0, 0, 0
0, 0, 0, 0, 0, 0, 0, 0, 0, 0, 0, 0, 0, 0, 0, 0, 0, 0, 0, 0, 0, 0, 0, 0, 0, 0, 0
0, 0, 1, 195, 195, 195, 195.0, 0.0, 38025.0, 0, 0, 0, 0, 0, 0, 0, 0, 0, 0, 0, 1, 195, 195, 195, 195.0, 0.0, 38025.0
0, 0, 0, 0, 0, 0, 0, 0, 0, 0, 0, 0, 0, 0, 0, 0, 0, 0, 0, 0, 0, 0, 0, 0, 0, 0, 0
2, 104, 2, 730, 91, 639, 365.0, 75076.0, 208301.0, 1, 52, 2, 422, 91, 331, 211.0, 14400.0, 58921.0, 3, 156, 4, 1152, 91, 639, 288.0, 39895.555555555555, 133611.0
0, 0, 2, 395, 195, 200, 197.5, 6.25, 39012.5, 0, 0, 0, 0, 0, 0, 0, 0, 0, 0, 0, 2, 395, 195, 200, 197.5, 6.25, 39012.5
0, 0, 0, 0, 0, 0, 0, 0, 0, 0, 0, 0, 0, 0, 0, 0, 0, 0, 0, 0, 0, 0, 0, 0, 0, 0, 0
0, 0, 2, 395, 195, 200, 197.5, 6.25, 39012.5, 0, 0, 0, 0, 0, 0, 0, 0, 0, 0, 0, 2, 395, 195, 200, 197.5, 6.25, 39012.5
3, 156, 1, 577, 577, 577, 577.0, 0.0, 332929.0, 0, 0, 10, 66086, 936, 17428, 6608.6, 21999636.640000004, 65673230.6, 3, 156, 11, 66663, 577, 17428, 6060.272727272727, 22601930.52154195, 59733203.18181818
40, 2080, 1, 577, 577, 577, 577.0, 0.0, 332929.0, 0, 0, 105, 997119, 337, 20324, 9496.371428571429, 48208345.35727891, 138389415.66666666, 40, 2080, 106, 997696, 337, 20324, 9412.22641509434, 48355121.672559015, 137086995.9811321
0, 0, 2, 395, 195, 200, 197.5, 6.25, 39012.5, 0, 0, 0, 0, 0, 0, 0, 0, 0, 0, 0, 2, 395, 195, 200, 197.5, 6.25, 39012.5
0, 0, 0, 0, 0, 0, 0, 0, 0, 0, 0, 0, 0, 0, 0, 0, 0, 0, 0, 0, 0, 0, 0, 0, 0, 0, 0
0, 0, 0, 0, 0, 0, 0, 0, 0, 0, 0, 0, 0, 0, 0, 0, 0, 0, 0, 0, 0, 0, 0, 0, 0, 0, 0
0, 0, 2, 395, 195, 200, 197.5, 6.25, 39012.5, 0, 0, 0, 0, 0, 0, 0, 0, 0, 0, 0, 2, 395, 195, 200, 197.5, 6.25, 39012.5
0, 0, 0, 0, 0, 0, 0, 0, 0, 0, 0, 0, 0, 0, 0, 0, 0, 0, 0, 0, 0, 0, 0, 0, 0, 0, 0
0, 0, 0, 0, 0, 0, 0, 0, 0, 0, 0, 0, 0, 0, 0, 0, 0, 0, 0, 0, 0, 0, 0, 0, 0, 0, 0
0, 0, 1, 195, 195, 195, 195.0, 0.0, 38025.0, 0, 0, 0, 0, 0, 0, 0, 0, 0, 0, 0, 1, 195, 195, 195, 195.0, 0.0, 38025.0
0, 0, 0, 0, 0, 0, 0, 0, 0, 0, 0, 0, 0, 0, 0, 0, 0, 0, 0, 0, 0, 0, 0, 0, 0, 0, 0
0, 0, 0, 0, 0, 0, 0, 0, 0, 0, 0, 0, 0, 0, 0, 0, 0, 0, 0, 0, 0, 0, 0, 0, 0, 0, 0
9, 468, 2, 772, 195, 577, 386.0, 36481.0, 185477.0, 8, 416, 0, 0, 0, 0, 0, 0, 0, 17, 884, 2, 772, 195, 577, 386.0, 36481.0, 185477.0
32, 1664, 2, 772, 195, 577, 386.0, 36481.0, 185477.0, 2, 104, 86, 1061074, 1037, 26116, 12338.06976744186, 48944480.46024878, 201172446.04651162, 34, 1768, 88, 1061846, 195, 26116, 12066.431818181818, 50005422.93816883, 196604560.38636363
1, 52, 0, 0, 0, 0, 0, 0, 0, 0, 0, 0, 0, 0, 0, 0, 0, 0, 1, 52, 0, 0, 0, 0, 0, 0, 0
3, 156, 0, 0, 0, 0, 0, 0, 0, 2, 104, 3, 459, 83, 293, 153.0, 9800.0, 33209.0, 5, 260, 3, 459, 83, 293, 153.0, 9800.0, 33209.0
0, 0, 1, 195, 195, 195, 195.0, 0.0, 38025.0, 0, 0, 0, 0, 0, 0, 0, 0, 0, 0, 0, 1, 195, 195, 195, 195.0, 0.0, 38025.0
2, 104, 0, 0, 0, 0, 0, 0, 0, 2, 104, 1, 76, 76, 76, 76.0, 0.0, 5776.0, 4, 208, 1, 76, 76, 76, 76.0, 0.0, 5776.0
2, 104, 1, 195, 195, 195, 195.0, 0.0, 38025.0, 2, 104, 0, 0, 0, 0, 0, 0, 0, 4, 208, 1, 195, 195, 195, 195.0, 0.0, 38025.0
0, 0, 0, 0, 0, 0, 0, 0, 0, 0, 0, 0, 0, 0, 0, 0, 0, 0, 0, 0, 0, 0, 0, 0, 0, 0, 0
0, 0, 0, 0, 0, 0, 0, 0, 0, 0, 0, 0, 0, 0, 0, 0, 0, 0, 0, 0, 0, 0, 0, 0, 0, 0, 0
0, 0, 1, 195, 195, 195, 195.0, 0.0, 38025.0, 0, 0, 0, 0, 0, 0, 0, 0, 0, 0, 0, 1, 195, 195, 195, 195.0, 0.0, 38025.0
0, 0, 0, 0, 0, 0, 0, 0, 0, 0, 0, 0, 0, 0, 0, 0, 0, 0, 0, 0, 0, 0, 0, 0, 0, 0, 0
34, 1768, 1, 577, 577, 577, 577.0, 0.0, 332929.0, 0, 0, 83, 947532, 115, 26116, 11416.048192771084, 53406756.91334012, 183732913.25301206, 34, 1768, 84, 948109, 115, 26116, 11287.011904761905, 53786246.170963444, 181549580.10714287
2, 104, 2, 645, 68, 577, 322.5, 64770.25, 168776.5, 1, 52, 6, 66581, 2948, 23220, 11096.833333333334, 63411703.80555556, 186551413.83333334, 3, 156, 8, 67226, 68, 23220, 8403.25, 68576785.80102041, 139955754.5
0, 0, 0, 0, 0, 0, 0, 0, 0, 0, 0, 0, 0, 0, 0, 0, 0, 0, 0, 0, 0, 0, 0, 0, 0, 0, 0
1, 60, 0, 0, 0, 0, 0, 0, 0, 0, 0, 0, 0, 0, 0, 0, 0, 0, 1, 60, 0, 0, 0, 0, 0, 0, 0
2, 112, 2, 637, 68, 569, 318.5, 62750.25, 164192.5, 1, 60, 0, 0, 0, 0, 0, 0, 0, 3, 172, 2, 637, 68, 569, 318.5, 62750.25, 164192.5
3, 156, 4, 1559, 103, 784, 389.75, 88003.6875, 239908.75, 1, 60, 2, 378, 189, 189, 189.0, 0.0, 35721.0, 4, 216, 6, 1937, 103, 784, 322.8333333333333, 54076.984375, 171846.16666666666
1, 52, 0, 0, 0, 0, 0, 0, 0, 2, 104, 1, 301, 301, 301, 301.0, 0.0, 90601.0, 3, 156, 1, 301, 301, 301, 301.0, 0.0, 90601.0
0, 0, 0, 0, 0, 0, 0, 0, 0, 0, 0, 0, 0, 0, 0, 0, 0, 0, 0, 0, 0, 0, 0, 0, 0, 0, 0
1, 52, 0, 0, 0, 0, 0, 0, 0, 0, 0, 0, 0, 0, 0, 0, 0, 0, 1, 52, 0, 0, 0, 0, 0, 0, 0
0, 0, 0, 0, 0, 0, 0, 0, 0, 1, 52, 0, 0, 0, 0, 0, 0, 0, 1, 52, 0, 0, 0, 0, 0, 0, 0
0, 0, 1, 68, 68, 68, 68.0, 0.0, 4624.0, 0, 0, 0, 0, 0, 0, 0, 0, 0, 0, 0, 1, 68, 68, 68, 68.0, 0.0, 4624.0
0, 0, 0, 0, 0, 0, 0, 0, 0, 0, 0, 0, 0, 0, 0, 0, 0, 0, 0, 0, 0, 0, 0, 0, 0, 0, 0
38, 1976, 2, 1154, 577, 577, 577.0, 0.0, 332929.0, 5, 260, 103, 1051638, 600, 24668, 10210.077669902912, 57861649.15901592, 162107335.18446603, 43, 2236, 105, 1052792, 577, 24668, 10026.590476190477, 58188978.63230399, 159025917.92380953
0, 0, 0, 0, 0, 0, 0, 0, 0, 0, 0, 0, 0, 0, 0, 0, 0, 0, 0, 0, 0, 0, 0, 0, 0, 0, 0
0, 0, 0, 0, 0, 0, 0, 0, 0, 0, 0, 0, 0, 0, 0, 0, 0, 0, 0, 0, 0, 0, 0, 0, 0, 0, 0
0, 0, 0, 0, 0, 0, 0, 0, 0, 0, 0, 0, 0, 0, 0, 0, 0, 0, 0, 0, 0, 0, 0, 0, 0, 0, 0
0, 0, 0, 0, 0, 0, 0, 0, 0, 0, 0, 0, 0, 0, 0, 0, 0, 0, 0, 0, 0, 0, 0, 0, 0, 0, 0
0, 0, 0, 0, 0, 0, 0, 0, 0, 0, 0, 0, 0, 0, 0, 0, 0, 0, 0, 0, 0, 0, 0, 0, 0, 0, 0
0, 0, 0, 0, 0, 0, 0, 0, 0, 0, 0, 0, 0, 0, 0, 0, 0, 0, 0, 0, 0, 0, 0, 0, 0, 0, 0
0, 0, 0, 0, 0, 0, 0, 0, 0, 0, 0, 0, 0, 0, 0, 0, 0, 0, 0, 0, 0, 0, 0, 0, 0, 0, 0
0, 0, 0, 0, 0, 0, 0, 0, 0, 0, 0, 0, 0, 0, 0, 0, 0, 0, 0, 0, 0, 0, 0, 0, 0, 0, 0
0, 0, 0, 0, 0, 0, 0, 0, 0, 0, 0, 0, 0, 0, 0, 0, 0, 0, 0, 0, 0, 0, 0, 0, 0, 0, 0
0, 0, 0, 0, 0, 0, 0, 0, 0, 0, 0, 0, 0, 0, 0, 0, 0, 0, 0, 0, 0, 0, 0, 0, 0, 0, 0
31, 1612, 2, 1154, 577, 577, 577.0, 0.0, 332929.0, 0, 0, 96, 1040980, 537, 26116, 10843.541666666666, 57348069.435763896, 174930465.3125, 31, 1612, 98, 1042134, 537, 26116, 10634.020408163266, 57832267.28175151, 171367250.2857143
0, 0, 0, 0, 0, 0, 0, 0, 0, 0, 0, 0, 0, 0, 0, 0, 0, 0, 0, 0, 0, 0, 0, 0, 0, 0, 0
0, 0, 0, 0, 0, 0, 0, 0, 0, 0, 0, 0, 0, 0, 0, 0, 0, 0, 0, 0, 0, 0, 0, 0, 0, 0, 0
0, 0, 0, 0, 0, 0, 0, 0, 0, 0, 0, 0, 0, 0, 0, 0, 0, 0, 0, 0, 0, 0, 0, 0, 0, 0, 0
0, 0, 0, 0, 0, 0, 0, 0, 0, 0, 0, 0, 0, 0, 0, 0, 0, 0, 0, 0, 0, 0, 0, 0, 0, 0, 0
0, 0, 0, 0, 0, 0, 0, 0, 0, 0, 0, 0, 0, 0, 0, 0, 0, 0, 0, 0, 0, 0, 0, 0, 0, 0, 0
2, 104, 2, 730, 91, 639, 365.0, 75076.0, 208301.0, 1, 52, 2, 422, 91, 331, 211.0, 14400.0, 58921.0, 3, 156, 4, 1152, 91, 639, 288.0, 39895.555555555555, 133611.0
0, 0, 0, 0, 0, 0, 0, 0, 0, 0, 0, 0, 0, 0, 0, 0, 0, 0, 0, 0, 0, 0, 0, 0, 0, 0, 0
0, 0, 0, 0, 0, 0, 0, 0, 0, 0, 0, 0, 0, 0, 0, 0, 0, 0, 0, 0, 0, 0, 0, 0, 0, 0, 0
1, 52, 0, 0, 0, 0, 0, 0, 0, 0, 0, 1, 83, 83, 83, 83.0, 0.0, 6889.0, 1, 52, 1, 83, 83, 83, 83.0, 0.0, 6889.0
2, 104, 0, 0, 0, 0, 0, 0, 0, 1, 52, 1, 83, 83, 83, 83.0, 0.0, 6889.0, 3, 156, 1, 83, 83, 83, 83.0, 0.0, 6889.0
4, 208, 1, 577, 577, 577, 577.0, 0.0, 332929.0, 1, 52, 2, 376, 83, 293, 188.0, 11025.0, 46369.0, 5, 260, 3, 953, 83, 577, 317.6666666666667, 33031.36, 141889.0
25, 1308, 2, 649, 72, 577, 324.5, 63756.25, 169056.5, 1, 52, 95, 988265, 164, 39148, 10402.78947368421, 59753198.881994456, 167971227.71578947, 26, 1360, 97, 988914, 72, 39148, 10194.98969072165, 60178453.415988505, 164511389.13402063
5, 260, 6, 4161, 83, 2948, 693.5, 1052518.25, 1533460.5, 6, 328, 4, 1103, 122, 346, 275.75, 8030.1875, 84068.25, 11, 588, 10, 5264, 83, 2948, 526.4, 498406.3112244899, 953703.6
0, 0, 0, 0, 0, 0, 0, 0, 0, 0, 0, 0, 0, 0, 0, 0, 0, 0, 0, 0, 0, 0, 0, 0, 0, 0, 0
0, 0, 0, 0, 0, 0, 0, 0, 0, 0, 0, 0, 0, 0, 0, 0, 0, 0, 0, 0, 0, 0, 0, 0, 0, 0, 0
0, 0, 0, 0, 0, 0, 0, 0, 0, 0, 0, 0, 0, 0, 0, 0, 0, 0, 0, 0, 0, 0, 0, 0, 0, 0, 0
0, 0, 0, 0, 0, 0, 0, 0, 0, 0, 0, 0, 0, 0, 0, 0, 0, 0, 0, 0, 0, 0, 0, 0, 0, 0, 0
0, 0, 0, 0, 0, 0, 0, 0, 0, 0, 0, 0, 0, 0, 0, 0, 0, 0, 0, 0, 0, 0, 0, 0, 0, 0, 0
0, 0, 0, 0, 0, 0, 0, 0, 0, 0, 0, 0, 0, 0, 0, 0, 0, 0, 0, 0, 0, 0, 0, 0, 0, 0, 0
0, 0, 0, 0, 0, 0, 0, 0, 0, 0, 0, 0, 0, 0, 0, 0, 0, 0, 0, 0, 0, 0, 0, 0, 0, 0, 0
2, 104, 2, 1394, 695, 699, 697.0, 4.0, 485813.0, 0, 0, 2, 508, 217, 291, 254.0, 1369.0, 65885.0, 2, 104, 4, 1902, 217, 699, 475.5, 44524.8888888889, 275849.0
2, 120, 0, 0, 0, 0, 0, 0, 0, 0, 0, 0, 0, 0, 0, 0, 0, 0, 2, 120, 0, 0, 0, 0, 0, 0, 0
28, 1456, 6, 3177, 103, 782, 529.5, 42215.25, 322585.5, 2, 120, 87, 1019363, 100, 24668, 11716.816091954022, 56166530.49491347, 193450309.8275862, 30, 1576, 93, 1022540, 100, 24668, 10995.053763440861, 58328525.76330246, 180990456.6451613
2, 104, 1, 103, 103, 103, 103.0, 0.0, 10609.0, 1, 52, 2, 490, 189, 301, 245.0, 3136.0, 63161.0, 3, 156, 3, 593, 103, 301, 197.66666666666666, 5735.039999999999, 45643.666666666664
0, 0, 0, 0, 0, 0, 0, 0, 0, 1, 52, 0, 0, 0, 0, 0, 0, 0, 1, 52, 0, 0, 0, 0, 0, 0, 0
0, 0, 0, 0, 0, 0, 0, 0, 0, 0, 0, 0, 0, 0, 0, 0, 0, 0, 0, 0, 0, 0, 0, 0, 0, 0, 0
0, 0, 0, 0, 0, 0, 0, 0, 0, 0, 0, 0, 0, 0, 0, 0, 0, 0, 0, 0, 0, 0, 0, 0, 0, 0, 0
0, 0, 0, 0, 0, 0, 0, 0, 0, 0, 0, 0, 0, 0, 0, 0, 0, 0, 0, 0, 0, 0, 0, 0, 0, 0, 0
1, 52, 0, 0, 0, 0, 0, 0, 0, 1, 52, 0, 0, 0, 0, 0, 0, 0, 2, 104, 0, 0, 0, 0, 0, 0, 0
0, 0, 0, 0, 0, 0, 0, 0, 0, 0, 0, 0, 0, 0, 0, 0, 0, 0, 0, 0, 0, 0, 0, 0, 0, 0, 0
0, 0, 0, 0, 0, 0, 0, 0, 0, 0, 0, 0, 0, 0, 0, 0, 0, 0, 0, 0, 0, 0, 0, 0, 0, 0, 0
2, 104, 0, 0, 0, 0, 0, 0, 0, 1, 52, 1, 83, 83, 83, 83.0, 0.0, 6889.0, 3, 156, 1, 83, 83, 83, 83.0, 0.0, 6889.0
37, 1924, 2, 1154, 577, 577, 577.0, 0.0, 332929.0, 0, 0, 82, 1067901, 1431, 26116, 13023.182926829268, 49742294.198245086, 219345587.74390244, 37, 1924, 84, 1069055, 577, 26116, 12726.845238095239, 50986858.29699521, 214131000.6309524
0, 0, 0, 0, 0, 0, 0, 0, 0, 0, 0, 0, 0, 0, 0, 0, 0, 0, 0, 0, 0, 0, 0, 0, 0, 0, 0
0, 0, 0, 0, 0, 0, 0, 0, 0, 0, 0, 0, 0, 0, 0, 0, 0, 0, 0, 0, 0, 0, 0, 0, 0, 0, 0
0, 0, 0, 0, 0, 0, 0, 0, 0, 0, 0, 0, 0, 0, 0, 0, 0, 0, 0, 0, 0, 0, 0, 0, 0, 0, 0
0, 0, 0, 0, 0, 0, 0, 0, 0, 0, 0, 0, 0, 0, 0, 0, 0, 0, 0, 0, 0, 0, 0, 0, 0, 0, 0
0, 0, 0, 0, 0, 0, 0, 0, 0, 0, 0, 0, 0, 0, 0, 0, 0, 0, 0, 0, 0, 0, 0, 0, 0, 0, 0
0, 0, 0, 0, 0, 0, 0, 0, 0, 0, 0, 0, 0, 0, 0, 0, 0, 0, 0, 0, 0, 0, 0, 0, 0, 0, 0
1, 52, 0, 0, 0, 0, 0, 0, 0, 1, 52, 0, 0, 0, 0, 0, 0, 0, 2, 104, 0, 0, 0, 0, 0, 0, 0
1, 52, 0, 0, 0, 0, 0, 0, 0, 2, 104, 1, 91, 91, 91, 91.0, 0.0, 8281.0, 3, 156, 1, 91, 91, 91, 91.0, 0.0, 8281.0
0, 0, 0, 0, 0, 0, 0, 0, 0, 0, 0, 0, 0, 0, 0, 0, 0, 0, 0, 0, 0, 0, 0, 0, 0, 0, 0
0, 0, 0, 0, 0, 0, 0, 0, 0, 0, 0, 0, 0, 0, 0, 0, 0, 0, 0, 0, 0, 0, 0, 0, 0, 0, 0
26, 1352, 2, 1154, 577, 577, 577.0, 0.0, 332929.0, 0, 0, 87, 1068581, 269, 26116, 12282.540229885057, 54034784.27137007, 204895578.77011493, 26, 1352, 89, 1069735, 269, 26116, 12019.494382022473, 54960100.70402892, 200298665.29213482
0, 0, 0, 0, 0, 0, 0, 0, 0, 0, 0, 0, 0, 0, 0, 0, 0, 0, 0, 0, 0, 0, 0, 0, 0, 0, 0
0, 0, 0, 0, 0, 0, 0, 0, 0, 0, 0, 0, 0, 0, 0, 0, 0, 0, 0, 0, 0, 0, 0, 0, 0, 0, 0
0, 0, 0, 0, 0, 0, 0, 0, 0, 0, 0, 0, 0, 0, 0, 0, 0, 0, 0, 0, 0, 0, 0, 0, 0, 0, 0
0, 0, 0, 0, 0, 0, 0, 0, 0, 0, 0, 0, 0, 0, 0, 0, 0, 0, 0, 0, 0, 0, 0, 0, 0, 0, 0
0, 0, 0, 0, 0, 0, 0, 0, 0, 0, 0, 0, 0, 0, 0, 0, 0, 0, 0, 0, 0, 0, 0, 0, 0, 0, 0
0, 0, 0, 0, 0, 0, 0, 0, 0, 0, 0, 0, 0, 0, 0, 0, 0, 0, 0, 0, 0, 0, 0, 0, 0, 0, 0
0, 0, 0, 0, 0, 0, 0, 0, 0, 0, 0, 0, 0, 0, 0, 0, 0, 0, 0, 0, 0, 0, 0, 0, 0, 0, 0
3, 156, 0, 0, 0, 0, 0, 0, 0, 2, 104, 1, 83, 83, 83, 83.0, 0.0, 6889.0, 5, 260, 1, 83, 83, 83, 83.0, 0.0, 6889.0
1, 52, 0, 0, 0, 0, 0, 0, 0, 0, 0, 2, 376, 83, 293, 188.0, 11025.0, 46369.0, 1, 52, 2, 376, 83, 293, 188.0, 11025.0, 46369.0
0, 0, 0, 0, 0, 0, 0, 0, 0, 0, 0, 0, 0, 0, 0, 0, 0, 0, 0, 0, 0, 0, 0, 0, 0, 0, 0
4, 208, 2, 1154, 577, 577, 577.0, 0.0, 332929.0, 0, 0, 6, 66673, 1985, 23220, 11112.166666666666, 56677308.47222223, 180157556.5, 4, 208, 8, 67827, 577, 23220, 8478.375, 62171130.12244899, 135201399.625
23, 1196, 0, 0, 0, 0, 0, 0, 0, 1, 52, 99, 993723, 1148, 20324, 10037.60606060606, 47513424.48117539, 148266959.9090909, 24, 1248, 99, 993723, 1148, 20324, 10037.60606060606, 47513424.48117539, 148266959.9090909
0, 0, 0, 0, 0, 0, 0, 0, 0, 0, 0, 0, 0, 0, 0, 0, 0, 0, 0, 0, 0, 0, 0, 0, 0, 0, 0
0, 0, 0, 0, 0, 0, 0, 0, 0, 0, 0, 0, 0, 0, 0, 0, 0, 0, 0, 0, 0, 0, 0, 0, 0, 0, 0
0, 0, 0, 0, 0, 0, 0, 0, 0, 0, 0, 0, 0, 0, 0, 0, 0, 0, 0, 0, 0, 0, 0, 0, 0, 0, 0
0, 0, 0, 0, 0, 0, 0, 0, 0, 0, 0, 0, 0, 0, 0, 0, 0, 0, 0, 0, 0, 0, 0, 0, 0, 0, 0
0, 0, 0, 0, 0, 0, 0, 0, 0, 0, 0, 0, 0, 0, 0, 0, 0, 0, 0, 0, 0, 0, 0, 0, 0, 0, 0
2, 104, 2, 730, 91, 639, 365.0, 75076.0, 208301.0, 1, 52, 2, 422, 91, 331, 211.0, 14400.0, 58921.0, 3, 156, 4, 1152, 91, 639, 288.0, 39895.555555555555, 133611.0
1, 60, 0, 0, 0, 0, 0, 0, 0, 0, 0, 0, 0, 0, 0, 0, 0, 0, 1, 60, 0, 0, 0, 0, 0, 0, 0
2, 112, 1, 569, 569, 569, 569.0, 0.0, 323761.0, 1, 60, 0, 0, 0, 0, 0, 0, 0, 3, 172, 1, 569, 569, 569, 569.0, 0.0, 323761.0
2, 104, 3, 1455, 103, 783, 485.0, 80594.66666666667, 315819.6666666667, 1, 60, 1, 189, 189, 189, 189.0, 0.0, 35721.0, 3, 164, 4, 1644, 103, 783, 411.0, 69384.63999999998, 245795.0
2, 104, 1, 103, 103, 103, 103.0, 0.0, 10609.0, 1, 52, 2, 490, 189, 301, 245.0, 3136.0, 63161.0, 3, 156, 3, 593, 103, 301, 197.66666666666666, 5735.039999999999, 45643.666666666664
30, 1560, 2, 1154, 577, 577, 577.0, 0.0, 332929.0, 1, 52, 100, 1067331, 1289, 26116, 10673.31, 66523620.1339, 180443166.49, 31, 1612, 102, 1068485, 577, 26116, 10475.343137254902, 66864239.87001274, 176911593.20588234
0, 0, 0, 0, 0, 0, 0, 0, 0, 0, 0, 0, 0, 0, 0, 0, 0, 0, 0, 0, 0, 0, 0, 0, 0, 0, 0
0, 0, 0, 0, 0, 0, 0, 0, 0, 0, 0, 0, 0, 0, 0, 0, 0, 0, 0, 0, 0, 0, 0, 0, 0, 0, 0
0, 0, 0, 0, 0, 0, 0, 0, 0, 0, 0, 0, 0, 0, 0, 0, 0, 0, 0, 0, 0, 0, 0, 0, 0, 0, 0
0, 0, 0, 0, 0, 0, 0, 0, 0, 0, 0, 0, 0, 0, 0, 0, 0, 0, 0, 0, 0, 0, 0, 0, 0, 0, 0
0, 0, 0, 0, 0, 0, 0, 0, 0, 0, 0, 0, 0, 0, 0, 0, 0, 0, 0, 0, 0, 0, 0, 0, 0, 0, 0
1, 60, 0, 0, 0, 0, 0, 0, 0, 1, 60, 0, 0, 0, 0, 0, 0, 0, 2, 120, 0, 0, 0, 0, 0, 0, 0
0, 0, 1, 93, 93, 93, 93.0, 0.0, 8649.0, 1, 52, 0, 0, 0, 0, 0, 0, 0, 1, 52, 1, 93, 93, 93, 93.0, 0.0, 8649.0
1, 52, 1, 1132, 1132, 1132, 1132.0, 0.0, 1281424.0, 1, 52, 2, 565, 73, 492, 282.5, 43890.25, 123696.5, 2, 104, 3, 1697, 73, 1132, 565.6666666666666, 150576.24000000002, 509605.6666666667
2, 104, 1, 332, 332, 332, 332.0, 0.0, 110224.0, 0, 0, 1, 100, 100, 100, 100.0, 0.0, 10000.0, 2, 104, 2, 432, 100, 332, 216.0, 11960.888888888889, 60112.0
0, 0, 0, 0, 0, 0, 0, 0, 0, 1, 52, 0, 0, 0, 0, 0, 0, 0, 1, 52, 0, 0, 0, 0, 0, 0, 0
46, 2392, 2, 1154, 577, 577, 577.0, 0.0, 332929.0, 0, 0, 96, 1099907, 68, 23220, 11457.364583333334, 56498119.18999567, 187769322.38541666, 46, 2392, 98, 1101061, 68, 23220, 11235.316326530612, 57123518.96163248, 183944089.86734694
1, 52, 1, 104, 104, 104, 104.0, 0.0, 10816.0, 0, 0, 1, 104, 104, 104, 104.0, 0.0, 10816.0, 1, 52, 2, 208, 104, 104, 104.0, 0.0, 10816.0
1, 52, 1, 104, 104, 104, 104.0, 0.0, 10816.0, 2, 104, 2, 240, 104, 136, 120.0, 256.0, 14656.0, 3, 156, 3, 344, 104, 136, 114.66666666666667, 245.76, 13376.0
0, 0, 0, 0, 0, 0, 0, 0, 0, 1, 52, 0, 0, 0, 0, 0, 0, 0, 1, 52, 0, 0, 0, 0, 0, 0, 0
0, 0, 0, 0, 0, 0, 0, 0, 0, 0, 0, 0, 0, 0, 0, 0, 0, 0, 0, 0, 0, 0, 0, 0, 0, 0, 0
0, 0, 0, 0, 0, 0, 0, 0, 0, 0, 0, 0, 0, 0, 0, 0, 0, 0, 0, 0, 0, 0, 0, 0, 0, 0, 0
0, 0, 0, 0, 0, 0, 0, 0, 0, 0, 0, 0, 0, 0, 0, 0, 0, 0, 0, 0, 0, 0, 0, 0, 0, 0, 0
0, 0, 1, 195, 195, 195, 195.0, 0.0, 38025.0, 0, 0, 0, 0, 0, 0, 0, 0, 0, 0, 0, 1, 195, 195, 195, 195.0, 0.0, 38025.0
0, 0, 0, 0, 0, 0, 0, 0, 0, 0, 0, 0, 0, 0, 0, 0, 0, 0, 0, 0, 0, 0, 0, 0, 0, 0, 0
0, 0, 0, 0, 0, 0, 0, 0, 0, 0, 0, 0, 0, 0, 0, 0, 0, 0, 0, 0, 0, 0, 0, 0, 0, 0, 0
0, 0, 1, 195, 195, 195, 195.0, 0.0, 38025.0, 0, 0, 0, 0, 0, 0, 0, 0, 0, 0, 0, 1, 195, 195, 195, 195.0, 0.0, 38025.0
2, 104, 2, 1154, 577, 577, 577.0, 0.0, 332929.0, 0, 0, 8, 65989, 537, 17428, 8248.625, 43045995.984375, 111085810.375, 2, 104, 10, 67143, 537, 17428, 6714.3, 44075831.50617284, 88935234.1
26, 1352, 1, 200, 200, 200, 200.0, 0.0, 40000.0, 0, 0, 73, 876894, 269, 23220, 12012.246575342466, 56323364.130981416, 200617431.9178082, 26, 1352, 74, 877094, 200, 23220, 11852.621621621622, 56882933.022166684, 197906926.0810811
8, 416, 1, 195, 195, 195, 195.0, 0.0, 38025.0, 8, 416, 0, 0, 0, 0, 0, 0, 0, 16, 832, 1, 195, 195, 195, 195.0, 0.0, 38025.0
1, 52, 1, 200, 200, 200, 200.0, 0.0, 40000.0, 1, 52, 0, 0, 0, 0, 0, 0, 0, 2, 104, 1, 200, 200, 200, 200.0, 0.0, 40000.0
0, 0, 1, 195, 195, 195, 195.0, 0.0, 38025.0, 0, 0, 0, 0, 0, 0, 0, 0, 0, 0, 0, 1, 195, 195, 195, 195.0, 0.0, 38025.0
3, 156, 0, 0, 0, 0, 0, 0, 0, 1, 52, 3, 459, 83, 293, 153.0, 9800.0, 33209.0, 4, 208, 3, 459, 83, 293, 153.0, 9800.0, 33209.0
0, 0, 1, 200, 200, 200, 200.0, 0.0, 40000.0, 0, 0, 0, 0, 0, 0, 0, 0, 0, 0, 0, 1, 200, 200, 200, 200.0, 0.0, 40000.0
0, 0, 0, 0, 0, 0, 0, 0, 0, 0, 0, 0, 0, 0, 0, 0, 0, 0, 0, 0, 0, 0, 0, 0, 0, 0, 0
2, 104, 0, 0, 0, 0, 0, 0, 0, 2, 104, 0, 0, 0, 0, 0, 0, 0, 4, 208, 0, 0, 0, 0, 0, 0, 0
0, 0, 1, 200, 200, 200, 200.0, 0.0, 40000.0, 0, 0, 0, 0, 0, 0, 0, 0, 0, 0, 0, 1, 200, 200, 200, 200.0, 0.0, 40000.0
0, 0, 1, 195, 195, 195, 195.0, 0.0, 38025.0, 0, 0, 0, 0, 0, 0, 0, 0, 0, 0, 0, 1, 195, 195, 195, 195.0, 0.0, 38025.0
0, 0, 0, 0, 0, 0, 0, 0, 0, 0, 0, 0, 0, 0, 0, 0, 0, 0, 0, 0, 0, 0, 0, 0, 0, 0, 0
33, 1716, 3, 1349, 195, 577, 449.6666666666667, 32427.55555555556, 234627.66666666666, 1, 52, 106, 1002931, 1500, 23220, 9461.61320754717, 48819535.82208972, 138341660.31132075, 34, 1768, 109, 1004280, 195, 23220, 9213.577981651377, 49256207.967852905, 134540549.32110092
0, 0, 0, 0, 0, 0, 0, 0, 0, 0, 0, 0, 0, 0, 0, 0, 0, 0, 0, 0, 0, 0, 0, 0, 0, 0, 0
0, 0, 0, 0, 0, 0, 0, 0, 0, 0, 0, 0, 0, 0, 0, 0, 0, 0, 0, 0, 0, 0, 0, 0, 0, 0, 0
0, 0, 1, 195, 195, 195, 195.0, 0.0, 38025.0, 0, 0, 0, 0, 0, 0, 0, 0, 0, 0, 0, 1, 195, 195, 195, 195.0, 0.0, 38025.0
1, 60, 0, 0, 0, 0, 0, 0, 0, 0, 0, 0, 0, 0, 0, 0, 0, 0, 1, 60, 0, 0, 0, 0, 0, 0, 0
2, 112, 1, 569, 569, 569, 569.0, 0.0, 323761.0, 1, 60, 0, 0, 0, 0, 0, 0, 0, 3, 172, 1, 569, 569, 569, 569.0, 0.0, 323761.0
3, 156, 5, 1753, 103, 783, 350.6, 76298.23999999999, 199218.6, 1, 60, 2, 378, 189, 189, 189.0, 0.0, 35721.0, 4, 216, 7, 2131, 103, 783, 304.42857142857144, 48835.950617283954, 152505.0
1, 52, 0, 0, 0, 0, 0, 0, 0, 2, 104, 1, 301, 301, 301, 301.0, 0.0, 90601.0, 3, 156, 1, 301, 301, 301, 301.0, 0.0, 90601.0
0, 0, 0, 0, 0, 0, 0, 0, 0, 0, 0, 0, 0, 0, 0, 0, 0, 0, 0, 0, 0, 0, 0, 0, 0, 0, 0
0, 0, 1, 195, 195, 195, 195.0, 0.0, 38025.0, 0, 0, 0, 0, 0, 0, 0, 0, 0, 0, 0, 1, 195, 195, 195, 195.0, 0.0, 38025.0
28, 1456, 2, 1154, 577, 577, 577.0, 0.0, 332929.0, 0, 0, 92, 1001973, 115, 26116, 10891.010869565218, 55284721.29336011, 173898839.0543478, 28, 1456, 94, 1003127, 115, 26116, 10671.563829787234, 55821820.655104645, 170205947.35106382
0, 0, 0, 0, 0, 0, 0, 0, 0, 0, 0, 0, 0, 0, 0, 0, 0, 0, 0, 0, 0, 0, 0, 0, 0, 0, 0
0, 0, 1, 195, 195, 195, 195.0, 0.0, 38025.0, 0, 0, 0, 0, 0, 0, 0, 0, 0, 0, 0, 1, 195, 195, 195, 195.0, 0.0, 38025.0
3, 156, 0, 0, 0, 0, 0, 0, 0, 3, 156, 0, 0, 0, 0, 0, 0, 0, 6, 312, 0, 0, 0, 0, 0, 0, 0
0, 0, 0, 0, 0, 0, 0, 0, 0, 0, 0, 0, 0, 0, 0, 0, 0, 0, 0, 0, 0, 0, 0, 0, 0, 0, 0
0, 0, 1, 195, 195, 195, 195.0, 0.0, 38025.0, 0, 0, 0, 0, 0, 0, 0, 0, 0, 0, 0, 1, 195, 195, 195, 195.0, 0.0, 38025.0
2, 104, 2, 730, 91, 639, 365.0, 75076.0, 208301.0, 1, 52, 2, 422, 91, 331, 211.0, 14400.0, 58921.0, 3, 156, 4, 1152, 91, 639, 288.0, 39895.555555555555, 133611.0
0, 0, 0, 0, 0, 0, 0, 0, 0, 0, 0, 0, 0, 0, 0, 0, 0, 0, 0, 0, 0, 0, 0, 0, 0, 0, 0
0, 0, 1, 195, 195, 195, 195.0, 0.0, 38025.0, 0, 0, 0, 0, 0, 0, 0, 0, 0, 0, 0, 1, 195, 195, 195, 195.0, 0.0, 38025.0
0, 0, 0, 0, 0, 0, 0, 0, 0, 0, 0, 0, 0, 0, 0, 0, 0, 0, 0, 0, 0, 0, 0, 0, 0, 0, 0
0, 0, 0, 0, 0, 0, 0, 0, 0, 0, 0, 0, 0, 0, 0, 0, 0, 0, 0, 0, 0, 0, 0, 0, 0, 0, 0
38, 1976, 2, 1154, 577, 577, 577.0, 0.0, 332929.0, 0, 0, 91, 923541, 269, 23220, 10148.802197802197, 54286642.400434725, 157284828.45054945, 38, 1976, 93, 924695, 269, 23220, 9942.956989247312, 54681608.616729684, 153909518.78494623
0, 0, 0, 0, 0, 0, 0, 0, 0, 0, 0, 0, 0, 0, 0, 0, 0, 0, 0, 0, 0, 0, 0, 0, 0, 0, 0
2, 104, 0, 0, 0, 0, 0, 0, 0, 2, 104, 1, 76, 76, 76, 76.0, 0.0, 5776.0, 4, 208, 1, 76, 76, 76, 76.0, 0.0, 5776.0
0, 0, 0, 0, 0, 0, 0, 0, 0, 0, 0, 0, 0, 0, 0, 0, 0, 0, 0, 0, 0, 0, 0, 0, 0, 0, 0
0, 0, 0, 0, 0, 0, 0, 0, 0, 0, 0, 0, 0, 0, 0, 0, 0, 0, 0, 0, 0, 0, 0, 0, 0, 0, 0
0, 0, 0, 0, 0, 0, 0, 0, 0, 0, 0, 0, 0, 0, 0, 0, 0, 0, 0, 0, 0, 0, 0, 0, 0, 0, 0
0, 0, 0, 0, 0, 0, 0, 0, 0, 0, 0, 0, 0, 0, 0, 0, 0, 0, 0, 0, 0, 0, 0, 0, 0, 0, 0
0, 0, 0, 0, 0, 0, 0, 0, 0, 0, 0, 0, 0, 0, 0, 0, 0, 0, 0, 0, 0, 0, 0, 0, 0, 0, 0
0, 0, 0, 0, 0, 0, 0, 0, 0, 0, 0, 0, 0, 0, 0, 0, 0, 0, 0, 0, 0, 0, 0, 0, 0, 0, 0
0, 0, 0, 0, 0, 0, 0, 0, 0, 0, 0, 0, 0, 0, 0, 0, 0, 0, 0, 0, 0, 0, 0, 0, 0, 0, 0
0, 0, 0, 0, 0, 0, 0, 0, 0, 0, 0, 0, 0, 0, 0, 0, 0, 0, 0, 0, 0, 0, 0, 0, 0, 0, 0
22, 1144, 2, 1154, 577, 577, 577.0, 0.0, 332929.0, 0, 0, 85, 904110, 537, 26116, 10636.588235294117, 69215701.81868511, 182352711.10588235, 22, 1144, 87, 905264, 537, 26116, 10405.333333333334, 69573875.35275826, 178168348.29885057
0, 0, 0, 0, 0, 0, 0, 0, 0, 0, 0, 0, 0, 0, 0, 0, 0, 0, 0, 0, 0, 0, 0, 0, 0, 0, 0
2, 104, 0, 0, 0, 0, 0, 0, 0, 1, 52, 1, 83, 83, 83, 83.0, 0.0, 6889.0, 3, 156, 1, 83, 83, 83, 83.0, 0.0, 6889.0
1, 52, 0, 0, 0, 0, 0, 0, 0, 0, 0, 2, 376, 83, 293, 188.0, 11025.0, 46369.0, 1, 52, 2, 376, 83, 293, 188.0, 11025.0, 46369.0
0, 0, 0, 0, 0, 0, 0, 0, 0, 0, 0, 0, 0, 0, 0, 0, 0, 0, 0, 0, 0, 0, 0, 0, 0, 0, 0
0, 0, 0, 0, 0, 0, 0, 0, 0, 0, 0, 0, 0, 0, 0, 0, 0, 0, 0, 0, 0, 0, 0, 0, 0, 0, 0
0, 0, 0, 0, 0, 0, 0, 0, 0, 0, 0, 0, 0, 0, 0, 0, 0, 0, 0, 0, 0, 0, 0, 0, 0, 0, 0
0, 0, 0, 0, 0, 0, 0, 0, 0, 0, 0, 0, 0, 0, 0, 0, 0, 0, 0, 0, 0, 0, 0, 0, 0, 0, 0
0, 0, 0, 0, 0, 0, 0, 0, 0, 0, 0, 0, 0, 0, 0, 0, 0, 0, 0, 0, 0, 0, 0, 0, 0, 0, 0
0, 0, 0, 0, 0, 0, 0, 0, 0, 0, 0, 0, 0, 0, 0, 0, 0, 0, 0, 0, 0, 0, 0, 0, 0, 0, 0
0, 0, 0, 0, 0, 0, 0, 0, 0, 0, 0, 0, 0, 0, 0, 0, 0, 0, 0, 0, 0, 0, 0, 0, 0, 0, 0
4, 208, 1, 577, 577, 577, 577.0, 0.0, 332929.0, 0, 0, 5, 66606, 2948, 20324, 13321.2, 36983899.76, 214438269.2, 4, 208, 6, 67183, 577, 20324, 11197.166666666666, 47044424.04958678, 178754045.83333334
24, 1248, 1, 577, 577, 577, 577.0, 0.0, 332929.0, 1, 52, 88, 961060, 326, 31908, 10921.136363636364, 70328868.66322313, 189600088.13636363, 25, 1300, 89, 961637, 326, 31908, 10804.91011235955, 70532641.33065212, 187473490.84269664
0, 0, 0, 0, 0, 0, 0, 0, 0, 0, 0, 0, 0, 0, 0, 0, 0, 0, 0, 0, 0, 0, 0, 0, 0, 0, 0
2, 120, 0, 0, 0, 0, 0, 0, 0, 0, 0, 0, 0, 0, 0, 0, 0, 0, 2, 120, 0, 0, 0, 0, 0, 0, 0
3, 156, 4, 2026, 103, 785, 506.5, 62046.75, 318589.0, 2, 120, 1, 189, 189, 189, 189.0, 0.0, 35721.0, 5, 276, 5, 2215, 103, 785, 443.0, 63765.8888888889, 262015.4
2, 104, 1, 103, 103, 103, 103.0, 0.0, 10609.0, 1, 52, 2, 490, 189, 301, 245.0, 3136.0, 63161.0, 3, 156, 3, 593, 103, 301, 197.66666666666666, 5735.039999999999, 45643.666666666664
0, 0, 0, 0, 0, 0, 0, 0, 0, 1, 52, 0, 0, 0, 0, 0, 0, 0, 1, 52, 0, 0, 0, 0, 0, 0, 0
0, 0, 0, 0, 0, 0, 0, 0, 0, 0, 0, 0, 0, 0, 0, 0, 0, 0, 0, 0, 0, 0, 0, 0, 0, 0, 0
0, 0, 0, 0, 0, 0, 0, 0, 0, 0, 0, 0, 0, 0, 0, 0, 0, 0, 0, 0, 0, 0, 0, 0, 0, 0, 0
0, 0, 0, 0, 0, 0, 0, 0, 0, 0, 0, 0, 0, 0, 0, 0, 0, 0, 0, 0, 0, 0, 0, 0, 0, 0, 0
1, 52, 0, 0, 0, 0, 0, 0, 0, 1, 52, 0, 0, 0, 0, 0, 0, 0, 2, 104, 0, 0, 0, 0, 0, 0, 0
0, 0, 0, 0, 0, 0, 0, 0, 0, 0, 0, 0, 0, 0, 0, 0, 0, 0, 0, 0, 0, 0, 0, 0, 0, 0, 0
28, 1456, 2, 1154, 577, 577, 577.0, 0.0, 332929.0, 0, 0, 83, 780154, 269, 23220, 9399.44578313253, 56682776.10248222, 145032357.13253012, 28, 1456, 85, 781308, 269, 23220, 9191.858823529412, 56923563.71924602, 141627664.70588234
0, 0, 0, 0, 0, 0, 0, 0, 0, 0, 0, 0, 0, 0, 0, 0, 0, 0, 0, 0, 0, 0, 0, 0, 0, 0, 0
0, 0, 0, 0, 0, 0, 0, 0, 0, 0, 0, 0, 0, 0, 0, 0, 0, 0, 0, 0, 0, 0, 0, 0, 0, 0, 0
0, 0, 0, 0, 0, 0, 0, 0, 0, 0, 0, 0, 0, 0, 0, 0, 0, 0, 0, 0, 0, 0, 0, 0, 0, 0, 0
0, 0, 0, 0, 0, 0, 0, 0, 0, 0, 0, 0, 0, 0, 0, 0, 0, 0, 0, 0, 0, 0, 0, 0, 0, 0, 0
0, 0, 0, 0, 0, 0, 0, 0, 0, 0, 0, 0, 0, 0, 0, 0, 0, 0, 0, 0, 0, 0, 0, 0, 0, 0, 0
0, 0, 0, 0, 0, 0, 0, 0, 0, 0, 0, 0, 0, 0, 0, 0, 0, 0, 0, 0, 0, 0, 0, 0, 0, 0, 0
0, 0, 0, 0, 0, 0, 0, 0, 0, 0, 0, 0, 0, 0, 0, 0, 0, 0, 0, 0, 0, 0, 0, 0, 0, 0, 0
0, 0, 0, 0, 0, 0, 0, 0, 0, 0, 0, 0, 0, 0, 0, 0, 0, 0, 0, 0, 0, 0, 0, 0, 0, 0, 0
1, 52, 0, 0, 0, 0, 0, 0, 0, 1, 52, 0, 0, 0, 0, 0, 0, 0, 2, 104, 0, 0, 0, 0, 0, 0, 0
0, 0, 0, 0, 0, 0, 0, 0, 0, 0, 0, 0, 0, 0, 0, 0, 0, 0, 0, 0, 0, 0, 0, 0, 0, 0, 0
34, 1768, 2, 1154, 577, 577, 577.0, 0.0, 332929.0, 0, 0, 91, 1024780, 269, 26116, 11261.318681318682, 59072871.95338727, 185890170.3956044, 34, 1768, 93, 1025934, 269, 26116, 11031.548387096775, 59658100.02020322, 181899692.0860215
0, 0, 0, 0, 0, 0, 0, 0, 0, 0, 0, 0, 0, 0, 0, 0, 0, 0, 0, 0, 0, 0, 0, 0, 0, 0, 0
0, 0, 0, 0, 0, 0, 0, 0, 0, 0, 0, 0, 0, 0, 0, 0, 0, 0, 0, 0, 0, 0, 0, 0, 0, 0, 0
0, 0, 0, 0, 0, 0, 0, 0, 0, 0, 0, 0, 0, 0, 0, 0, 0, 0, 0, 0, 0, 0, 0, 0, 0, 0, 0
0, 0, 0, 0, 0, 0, 0, 0, 0, 0, 0, 0, 0, 0, 0, 0, 0, 0, 0, 0, 0, 0, 0, 0, 0, 0, 0
0, 0, 0, 0, 0, 0, 0, 0, 0, 0, 0, 0, 0, 0, 0, 0, 0, 0, 0, 0, 0, 0, 0, 0, 0, 0, 0
2, 104, 2, 730, 91, 639, 365.0, 75076.0, 208301.0, 1, 52, 2, 422, 91, 331, 211.0, 14400.0, 58921.0, 3, 156, 4, 1152, 91, 639, 288.0, 39895.555555555555, 133611.0
0, 0, 0, 0, 0, 0, 0, 0, 0, 0, 0, 0, 0, 0, 0, 0, 0, 0, 0, 0, 0, 0, 0, 0, 0, 0, 0
0, 0, 0, 0, 0, 0, 0, 0, 0, 0, 0, 0, 0, 0, 0, 0, 0, 0, 0, 0, 0, 0, 0, 0, 0, 0, 0
0, 0, 0, 0, 0, 0, 0, 0, 0, 0, 0, 0, 0, 0, 0, 0, 0, 0, 0, 0, 0, 0, 0, 0, 0, 0, 0
3, 156, 0, 0, 0, 0, 0, 0, 0, 2, 104, 1, 83, 83, 83, 83.0, 0.0, 6889.0, 5, 260, 1, 83, 83, 83, 83.0, 0.0, 6889.0
3, 156, 1, 577, 577, 577, 577.0, 0.0, 332929.0, 0, 0, 2, 376, 83, 293, 188.0, 11025.0, 46369.0, 3, 156, 3, 953, 83, 577, 317.6666666666667, 33031.36, 141889.0
29, 1508, 0, 0, 0, 0, 0, 0, 0, 1, 52, 91, 956204, 263, 23220, 10507.736263736264, 59338316.61176187, 169750838.0, 30, 1560, 91, 956204, 263, 23220, 10507.736263736264, 59338316.61176187, 169750838.0
0, 0, 0, 0, 0, 0, 0, 0, 0, 0, 0, 0, 0, 0, 0, 0, 0, 0, 0, 0, 0, 0, 0, 0, 0, 0, 0
0, 0, 0, 0, 0, 0, 0, 0, 0, 0, 0, 0, 0, 0, 0, 0, 0, 0, 0, 0, 0, 0, 0, 0, 0, 0, 0
1, 52, 0, 0, 0, 0, 0, 0, 0, 0, 0, 0, 0, 0, 0, 0, 0, 0, 1, 52, 0, 0, 0, 0, 0, 0, 0
0, 0, 0, 0, 0, 0, 0, 0, 0, 1, 52, 0, 0, 0, 0, 0, 0, 0, 1, 52, 0, 0, 0, 0, 0, 0, 0
0, 0, 0, 0, 0, 0, 0, 0, 0, 0, 0, 0, 0, 0, 0, 0, 0, 0, 0, 0, 0, 0, 0, 0, 0, 0, 0
0, 0, 0, 0, 0, 0, 0, 0, 0, 0, 0, 0, 0, 0, 0, 0, 0, 0, 0, 0, 0, 0, 0, 0, 0, 0, 0
0, 0, 0, 0, 0, 0, 0, 0, 0, 0, 0, 0, 0, 0, 0, 0, 0, 0, 0, 0, 0, 0, 0, 0, 0, 0, 0
0, 0, 0, 0, 0, 0, 0, 0, 0, 0, 0, 0, 0, 0, 0, 0, 0, 0, 0, 0, 0, 0, 0, 0, 0, 0, 0
3, 164, 2, 1396, 696, 700, 698.0, 4.0, 487208.0, 0, 0, 2, 508, 217, 291, 254.0, 1369.0, 65885.0, 3, 164, 4, 1904, 217, 700, 476.0, 44722.0, 276546.5
5, 276, 7, 4721, 72, 2948, 674.4285714285714, 905665.3877551019, 1360519.2857142857, 3, 172, 2, 476, 164, 312, 238.0, 5476.0, 62120.0, 8, 448, 9, 5197, 72, 2948, 577.4444444444445, 622399.4710743801, 1071986.111111111
4, 208, 4, 1540, 83, 785, 385.0, 91146.0, 239371.0, 4, 216, 4, 980, 122, 346, 245.0, 8637.5, 68662.5, 8, 424, 8, 2520, 83, 785, 315.0, 40495.88888888889, 154016.75
2, 104, 1, 103, 103, 103, 103.0, 0.0, 10609.0, 1, 52, 2, 490, 189, 301, 245.0, 3136.0, 63161.0, 3, 156, 3, 593, 103, 301, 197.66666666666666, 5735.039999999999, 45643.666666666664
0, 0, 0, 0, 0, 0, 0, 0, 0, 1, 52, 0, 0, 0, 0, 0, 0, 0, 1, 52, 0, 0, 0, 0, 0, 0, 0
0, 0, 0, 0, 0, 0, 0, 0, 0, 0, 0, 0, 0, 0, 0, 0, 0, 0, 0, 0, 0, 0, 0, 0, 0, 0, 0
0, 0, 0, 0, 0, 0, 0, 0, 0, 0, 0, 0, 0, 0, 0, 0, 0, 0, 0, 0, 0, 0, 0, 0, 0, 0, 0
0, 0, 0, 0, 0, 0, 0, 0, 0, 0, 0, 0, 0, 0, 0, 0, 0, 0, 0, 0, 0, 0, 0, 0, 0, 0, 0
0, 0, 0, 0, 0, 0, 0, 0, 0, 0, 0, 0, 0, 0, 0, 0, 0, 0, 0, 0, 0, 0, 0, 0, 0, 0, 0
0, 0, 0, 0, 0, 0, 0, 0, 0, 0, 0, 0, 0, 0, 0, 0, 0, 0, 0, 0, 0, 0, 0, 0, 0, 0, 0
0, 0, 0, 0, 0, 0, 0, 0, 0, 0, 0, 0, 0, 0, 0, 0, 0, 0, 0, 0, 0, 0, 0, 0, 0, 0, 0
0, 0, 0, 0, 0, 0, 0, 0, 0, 0, 0, 0, 0, 0, 0, 0, 0, 0, 0, 0, 0, 0, 0, 0, 0, 0, 0
0, 0, 0, 0, 0, 0, 0, 0, 0, 0, 0, 0, 0, 0, 0, 0, 0, 0, 0, 0, 0, 0, 0, 0, 0, 0, 0
0, 0, 0, 0, 0, 0, 0, 0, 0, 0, 0, 0, 0, 0, 0, 0, 0, 0, 0, 0, 0, 0, 0, 0, 0, 0, 0
0, 0, 0, 0, 0, 0, 0, 0, 0, 0, 0, 0, 0, 0, 0, 0, 0, 0, 0, 0, 0, 0, 0, 0, 0, 0, 0
0, 0, 0, 0, 0, 0, 0, 0, 0, 0, 0, 0, 0, 0, 0, 0, 0, 0, 0, 0, 0, 0, 0, 0, 0, 0, 0
0, 0, 0, 0, 0, 0, 0, 0, 0, 0, 0, 0, 0, 0, 0, 0, 0, 0, 0, 0, 0, 0, 0, 0, 0, 0, 0
0, 0, 0, 0, 0, 0, 0, 0, 0, 0, 0, 0, 0, 0, 0, 0, 0, 0, 0, 0, 0, 0, 0, 0, 0, 0, 0
0, 0, 0, 0, 0, 0, 0, 0, 0, 0, 0, 0, 0, 0, 0, 0, 0, 0, 0, 0, 0, 0, 0, 0, 0, 0, 0
0, 0, 0, 0, 0, 0, 0, 0, 0, 0, 0, 0, 0, 0, 0, 0, 0, 0, 0, 0, 0, 0, 0, 0, 0, 0, 0
0, 0, 0, 0, 0, 0, 0, 0, 0, 0, 0, 0, 0, 0, 0, 0, 0, 0, 0, 0, 0, 0, 0, 0, 0, 0, 0
0, 0, 0, 0, 0, 0, 0, 0, 0, 0, 0, 0, 0, 0, 0, 0, 0, 0, 0, 0, 0, 0, 0, 0, 0, 0, 0
0, 0, 0, 0, 0, 0, 0, 0, 0, 0, 0, 0, 0, 0, 0, 0, 0, 0, 0, 0, 0, 0, 0, 0, 0, 0, 0
0, 0, 0, 0, 0, 0, 0, 0, 0, 0, 0, 0, 0, 0, 0, 0, 0, 0, 0, 0, 0, 0, 0, 0, 0, 0, 0
0, 0, 0, 0, 0, 0, 0, 0, 0, 0, 0, 0, 0, 0, 0, 0, 0, 0, 0, 0, 0, 0, 0, 0, 0, 0, 0
0, 0, 0, 0, 0, 0, 0, 0, 0, 0, 0, 0, 0, 0, 0, 0, 0, 0, 0, 0, 0, 0, 0, 0, 0, 0, 0
0, 0, 1, 195, 195, 195, 195.0, 0.0, 38025.0, 0, 0, 0, 0, 0, 0, 0, 0, 0, 0, 0, 1, 195, 195, 195, 195.0, 0.0, 38025.0
0, 0, 0, 0, 0, 0, 0, 0, 0, 0, 0, 0, 0, 0, 0, 0, 0, 0, 0, 0, 0, 0, 0, 0, 0, 0, 0
0, 0, 0, 0, 0, 0, 0, 0, 0, 0, 0, 0, 0, 0, 0, 0, 0, 0, 0, 0, 0, 0, 0, 0, 0, 0, 0
9, 468, 1, 195, 195, 195, 195.0, 0.0, 38025.0, 9, 468, 0, 0, 0, 0, 0, 0, 0, 18, 936, 1, 195, 195, 195, 195.0, 0.0, 38025.0
0, 0, 0, 0, 0, 0, 0, 0, 0, 0, 0, 0, 0, 0, 0, 0, 0, 0, 0, 0, 0, 0, 0, 0, 0, 0, 0
3, 156, 0, 0, 0, 0, 0, 0, 0, 1, 52, 3, 459, 83, 293, 153.0, 9800.0, 33209.0, 4, 208, 3, 459, 83, 293, 153.0, 9800.0, 33209.0
0, 0, 1, 195, 195, 195, 195.0, 0.0, 38025.0, 0, 0, 0, 0, 0, 0, 0, 0, 0, 0, 0, 1, 195, 195, 195, 195.0, 0.0, 38025.0
0, 0, 0, 0, 0, 0, 0, 0, 0, 0, 0, 0, 0, 0, 0, 0, 0, 0, 0, 0, 0, 0, 0, 0, 0, 0, 0
2, 104, 0, 0, 0, 0, 0, 0, 0, 2, 104, 0, 0, 0, 0, 0, 0, 0, 4, 208, 0, 0, 0, 0, 0, 0, 0
0, 0, 1, 195, 195, 195, 195.0, 0.0, 38025.0, 0, 0, 0, 0, 0, 0, 0, 0, 0, 0, 0, 1, 195, 195, 195, 195.0, 0.0, 38025.0
0, 0, 0, 0, 0, 0, 0, 0, 0, 0, 0, 0, 0, 0, 0, 0, 0, 0, 0, 0, 0, 0, 0, 0, 0, 0, 0
0, 0, 0, 0, 0, 0, 0, 0, 0, 0, 0, 0, 0, 0, 0, 0, 0, 0, 0, 0, 0, 0, 0, 0, 0, 0, 0
0, 0, 0, 0, 0, 0, 0, 0, 0, 0, 0, 0, 0, 0, 0, 0, 0, 0, 0, 0, 0, 0, 0, 0, 0, 0, 0
0, 0, 0, 0, 0, 0, 0, 0, 0, 0, 0, 0, 0, 0, 0, 0, 0, 0, 0, 0, 0, 0, 0, 0, 0, 0, 0
2, 104, 2, 730, 91, 639, 365.0, 75076.0, 208301.0, 1, 52, 2, 422, 91, 331, 211.0, 14400.0, 58921.0, 3, 156, 4, 1152, 91, 639, 288.0, 39895.555555555555, 133611.0
0, 0, 0, 0, 0, 0, 0, 0, 0, 0, 0, 0, 0, 0, 0, 0, 0, 0, 0, 0, 0, 0, 0, 0, 0, 0, 0
3, 164, 0, 0, 0, 0, 0, 0, 0, 0, 0, 0, 0, 0, 0, 0, 0, 0, 3, 164, 0, 0, 0, 0, 0, 0, 0
2, 112, 1, 569, 569, 569, 569.0, 0.0, 323761.0, 2, 112, 0, 0, 0, 0, 0, 0, 0, 4, 224, 1, 569, 569, 569, 569.0, 0.0, 323761.0
3, 156, 4, 1560, 103, 785, 390.0, 88201.0, 240301.0, 2, 112, 3, 679, 189, 301, 226.33333333333334, 2787.555555555555, 54014.333333333336, 5, 268, 7, 2239, 103, 785, 319.85714285714283, 43381.76, 160463.85714285713
1, 52, 0, 0, 0, 0, 0, 0, 0, 1, 52, 0, 0, 0, 0, 0, 0, 0, 2, 104, 0, 0, 0, 0, 0, 0, 0
0, 0, 0, 0, 0, 0, 0, 0, 0, 0, 0, 0, 0, 0, 0, 0, 0, 0, 0, 0, 0, 0, 0, 0, 0, 0, 0
0, 0, 0, 0, 0, 0, 0, 0, 0, 0, 0, 0, 0, 0, 0, 0, 0, 0, 0, 0, 0, 0, 0, 0, 0, 0, 0
0, 0, 0, 0, 0, 0, 0, 0, 0, 0, 0, 0, 0, 0, 0, 0, 0, 0, 0, 0, 0, 0, 0, 0, 0, 0, 0
0, 0, 0, 0, 0, 0, 0, 0, 0, 0, 0, 0, 0, 0, 0, 0, 0, 0, 0, 0, 0, 0, 0, 0, 0, 0, 0
0, 0, 0, 0, 0, 0, 0, 0, 0, 0, 0, 0, 0, 0, 0, 0, 0, 0, 0, 0, 0, 0, 0, 0, 0, 0, 0
3, 156, 0, 0, 0, 0, 0, 0, 0, 3, 156, 0, 0, 0, 0, 0, 0, 0, 6, 312, 0, 0, 0, 0, 0, 0, 0
0, 0, 0, 0, 0, 0, 0, 0, 0, 0, 0, 0, 0, 0, 0, 0, 0, 0, 0, 0, 0, 0, 0, 0, 0, 0, 0
0, 0, 0, 0, 0, 0, 0, 0, 0, 0, 0, 0, 0, 0, 0, 0, 0, 0, 0, 0, 0, 0, 0, 0, 0, 0, 0
0, 0, 0, 0, 0, 0, 0, 0, 0, 0, 0, 0, 0, 0, 0, 0, 0, 0, 0, 0, 0, 0, 0, 0, 0, 0, 0
0, 0, 1, 195, 195, 195, 195.0, 0.0, 38025.0, 0, 0, 0, 0, 0, 0, 0, 0, 0, 0, 0, 1, 195, 195, 195, 195.0, 0.0, 38025.0
0, 0, 0, 0, 0, 0, 0, 0, 0, 0, 0, 0, 0, 0, 0, 0, 0, 0, 0, 0, 0, 0, 0, 0, 0, 0, 0
0, 0, 0, 0, 0, 0, 0, 0, 0, 0, 0, 0, 0, 0, 0, 0, 0, 0, 0, 0, 0, 0, 0, 0, 0, 0, 0
0, 0, 1, 195, 195, 195, 195.0, 0.0, 38025.0, 0, 0, 0, 0, 0, 0, 0, 0, 0, 0, 0, 1, 195, 195, 195, 195.0, 0.0, 38025.0
0, 0, 0, 0, 0, 0, 0, 0, 0, 0, 0, 0, 0, 0, 0, 0, 0, 0, 0, 0, 0, 0, 0, 0, 0, 0, 0
0, 0, 0, 0, 0, 0, 0, 0, 0, 0, 0, 0, 0, 0, 0, 0, 0, 0, 0, 0, 0, 0, 0, 0, 0, 0, 0
0, 0, 1, 195, 195, 195, 195.0, 0.0, 38025.0, 0, 0, 0, 0, 0, 0, 0, 0, 0, 0, 0, 1, 195, 195, 195, 195.0, 0.0, 38025.0
0, 0, 0, 0, 0, 0, 0, 0, 0, 0, 0, 0, 0, 0, 0, 0, 0, 0, 0, 0, 0, 0, 0, 0, 0, 0, 0
0, 0, 1, 195, 195, 195, 195.0, 0.0, 38025.0, 0, 0, 0, 0, 0, 0, 0, 0, 0, 0, 0, 1, 195, 195, 195, 195.0, 0.0, 38025.0
0, 0, 1, 195, 195, 195, 195.0, 0.0, 38025.0, 0, 0, 0, 0, 0, 0, 0, 0, 0, 0, 0, 1, 195, 195, 195, 195.0, 0.0, 38025.0
0, 0, 1, 195, 195, 195, 195.0, 0.0, 38025.0, 0, 0, 0, 0, 0, 0, 0, 0, 0, 0, 0, 1, 195, 195, 195, 195.0, 0.0, 38025.0
0, 0, 0, 0, 0, 0, 0, 0, 0, 0, 0, 0, 0, 0, 0, 0, 0, 0, 0, 0, 0, 0, 0, 0, 0, 0, 0
0, 0, 0, 0, 0, 0, 0, 0, 0, 0, 0, 0, 0, 0, 0, 0, 0, 0, 0, 0, 0, 0, 0, 0, 0, 0, 0
0, 0, 1, 195, 195, 195, 195.0, 0.0, 38025.0, 0, 0, 0, 0, 0, 0, 0, 0, 0, 0, 0, 1, 195, 195, 195, 195.0, 0.0, 38025.0
0, 0, 0, 0, 0, 0, 0, 0, 0, 0, 0, 0, 0, 0, 0, 0, 0, 0, 0, 0, 0, 0, 0, 0, 0, 0, 0
0, 0, 0, 0, 0, 0, 0, 0, 0, 0, 0, 0, 0, 0, 0, 0, 0, 0, 0, 0, 0, 0, 0, 0, 0, 0, 0
0, 0, 2, 390, 195, 195, 195.0, 0.0, 38025.0, 0, 0, 0, 0, 0, 0, 0, 0, 0, 0, 0, 2, 390, 195, 195, 195.0, 0.0, 38025.0
2, 104, 0, 0, 0, 0, 0, 0, 0, 1, 52, 1, 83, 83, 83, 83.0, 0.0, 6889.0, 3, 156, 1, 83, 83, 83, 83.0, 0.0, 6889.0
1, 52, 0, 0, 0, 0, 0, 0, 0, 0, 0, 2, 376, 83, 293, 188.0, 11025.0, 46369.0, 1, 52, 2, 376, 83, 293, 188.0, 11025.0, 46369.0
0, 0, 1, 195, 195, 195, 195.0, 0.0, 38025.0, 0, 0, 0, 0, 0, 0, 0, 0, 0, 0, 0, 1, 195, 195, 195, 195.0, 0.0, 38025.0
0, 0, 0, 0, 0, 0, 0, 0, 0, 0, 0, 0, 0, 0, 0, 0, 0, 0, 0, 0, 0, 0, 0, 0, 0, 0, 0
0, 0, 0, 0, 0, 0, 0, 0, 0, 0, 0, 0, 0, 0, 0, 0, 0, 0, 0, 0, 0, 0, 0, 0, 0, 0, 0
0, 0, 2, 263, 68, 195, 131.5, 4032.25, 21324.5, 0, 0, 0, 0, 0, 0, 0, 0, 0, 0, 0, 2, 263, 68, 195, 131.5, 4032.25, 21324.5
4, 208, 1, 577, 577, 577, 577.0, 0.0, 332929.0, 0, 0, 8, 66661, 1985, 20324, 8332.625, 43621570.984375, 113054210.375, 4, 208, 9, 67238, 577, 20324, 7470.888888888889, 44385684.47750866, 100529623.55555555
0, 0, 0, 0, 0, 0, 0, 0, 0, 1, 52, 0, 0, 0, 0, 0, 0, 0, 1, 52, 0, 0, 0, 0, 0, 0, 0
0, 0, 2, 263, 68, 195, 131.5, 4032.25, 21324.5, 0, 0, 0, 0, 0, 0, 0, 0, 0, 0, 0, 2, 263, 68, 195, 131.5, 4032.25, 21324.5
0, 0, 0, 0, 0, 0, 0, 0, 0, 0, 0, 0, 0, 0, 0, 0, 0, 0, 0, 0, 0, 0, 0, 0, 0, 0, 0
0, 0, 0, 0, 0, 0, 0, 0, 0, 0, 0, 0, 0, 0, 0, 0, 0, 0, 0, 0, 0, 0, 0, 0, 0, 0, 0
0, 0, 0, 0, 0, 0, 0, 0, 0, 0, 0, 0, 0, 0, 0, 0, 0, 0, 0, 0, 0, 0, 0, 0, 0, 0, 0
2, 120, 0, 0, 0, 0, 0, 0, 0, 0, 0, 0, 0, 0, 0, 0, 0, 0, 2, 120, 0, 0, 0, 0, 0, 0, 0
3, 156, 5, 2093, 68, 784, 418.6, 80256.23999999999, 255482.2, 2, 120, 1, 189, 189, 189, 189.0, 0.0, 35721.0, 5, 276, 6, 2282, 68, 784, 380.3333333333333, 68084.28571428571, 218855.33333333334
2, 104, 1, 103, 103, 103, 103.0, 0.0, 10609.0, 1, 52, 2, 490, 189, 301, 245.0, 3136.0, 63161.0, 3, 156, 3, 593, 103, 301, 197.66666666666666, 5735.039999999999, 45643.666666666664
0, 0, 0, 0, 0, 0, 0, 0, 0, 1, 52, 0, 0, 0, 0, 0, 0, 0, 1, 52, 0, 0, 0, 0, 0, 0, 0
0, 0, 0, 0, 0, 0, 0, 0, 0, 0, 0, 0, 0, 0, 0, 0, 0, 0, 0, 0, 0, 0, 0, 0, 0, 0, 0
0, 0, 0, 0, 0, 0, 0, 0, 0, 0, 0, 0, 0, 0, 0, 0, 0, 0, 0, 0, 0, 0, 0, 0, 0, 0, 0
35, 1820, 2, 1154, 577, 577, 577.0, 0.0, 332929.0, 0, 0, 81, 983525, 1500, 26116, 12142.283950617284, 59203318.72184118, 206638378.25925925, 35, 1820, 83, 984679, 577, 26116, 11863.602409638554, 60092602.9405116, 201667162.61445785
1, 52, 1, 195, 195, 195, 195.0, 0.0, 38025.0, 1, 52, 0, 0, 0, 0, 0, 0, 0, 2, 104, 1, 195, 195, 195, 195.0, 0.0, 38025.0
0, 0, 0, 0, 0, 0, 0, 0, 0, 0, 0, 0, 0, 0, 0, 0, 0, 0, 0, 0, 0, 0, 0, 0, 0, 0, 0
0, 0, 0, 0, 0, 0, 0, 0, 0, 0, 0, 0, 0, 0, 0, 0, 0, 0, 0, 0, 0, 0, 0, 0, 0, 0, 0
0, 0, 1, 195, 195, 195, 195.0, 0.0, 38025.0, 0, 0, 0, 0, 0, 0, 0, 0, 0, 0, 0, 1, 195, 195, 195, 195.0, 0.0, 38025.0
0, 0, 0, 0, 0, 0, 0, 0, 0, 0, 0, 0, 0, 0, 0, 0, 0, 0, 0, 0, 0, 0, 0, 0, 0, 0, 0
2, 104, 2, 730, 91, 639, 365.0, 75076.0, 208301.0, 1, 52, 2, 422, 91, 331, 211.0, 14400.0, 58921.0, 3, 156, 4, 1152, 91, 639, 288.0, 39895.555555555555, 133611.0
0, 0, 2, 395, 195, 200, 197.5, 6.25, 39012.5, 0, 0, 0, 0, 0, 0, 0, 0, 0, 0, 0, 2, 395, 195, 200, 197.5, 6.25, 39012.5
0, 0, 0, 0, 0, 0, 0, 0, 0, 0, 0, 0, 0, 0, 0, 0, 0, 0, 0, 0, 0, 0, 0, 0, 0, 0, 0
0, 0, 0, 0, 0, 0, 0, 0, 0, 0, 0, 0, 0, 0, 0, 0, 0, 0, 0, 0, 0, 0, 0, 0, 0, 0, 0
0, 0, 2, 395, 195, 200, 197.5, 6.25, 39012.5, 0, 0, 0, 0, 0, 0, 0, 0, 0, 0, 0, 2, 395, 195, 200, 197.5, 6.25, 39012.5
2, 104, 2, 1154, 577, 577, 577.0, 0.0, 332929.0, 0, 0, 8, 66027, 1985, 20324, 8253.375, 43812246.484375, 111930445.375, 2, 104, 10, 67181, 577, 20324, 6718.1, 44764143.35802469, 89610942.1
22, 1144, 1, 200, 200, 200, 200.0, 0.0, 40000.0, 0, 0, 71, 795225, 2703, 23220, 11200.352112676057, 51614827.55207301, 177062715.0, 22, 1144, 72, 795425, 200, 23220, 11047.569444444445, 52094175.18167148, 174604066.18055555
1, 52, 1, 195, 195, 195, 195.0, 0.0, 38025.0, 1, 52, 0, 0, 0, 0, 0, 0, 0, 2, 104, 1, 195, 195, 195, 195.0, 0.0, 38025.0
0, 0, 0, 0, 0, 0, 0, 0, 0, 0, 0, 0, 0, 0, 0, 0, 0, 0, 0, 0, 0, 0, 0, 0, 0, 0, 0
0, 0, 2, 395, 195, 200, 197.5, 6.25, 39012.5, 0, 0, 0, 0, 0, 0, 0, 0, 0, 0, 0, 2, 395, 195, 200, 197.5, 6.25, 39012.5
0, 0, 0, 0, 0, 0, 0, 0, 0, 0, 0, 0, 0, 0, 0, 0, 0, 0, 0, 0, 0, 0, 0, 0, 0, 0, 0
0, 0, 0, 0, 0, 0, 0, 0, 0, 0, 0, 0, 0, 0, 0, 0, 0, 0, 0, 0, 0, 0, 0, 0, 0, 0, 0
0, 0, 1, 195, 195, 195, 195.0, 0.0, 38025.0, 0, 0, 0, 0, 0, 0, 0, 0, 0, 0, 0, 1, 195, 195, 195, 195.0, 0.0, 38025.0
0, 0, 0, 0, 0, 0, 0, 0, 0, 0, 0, 0, 0, 0, 0, 0, 0, 0, 0, 0, 0, 0, 0, 0, 0, 0, 0
0, 0, 0, 0, 0, 0, 0, 0, 0, 0, 0, 0, 0, 0, 0, 0, 0, 0, 0, 0, 0, 0, 0, 0, 0, 0, 0
0, 0, 1, 195, 195, 195, 195.0, 0.0, 38025.0, 0, 0, 0, 0, 0, 0, 0, 0, 0, 0, 0, 1, 195, 195, 195, 195.0, 0.0, 38025.0
3, 156, 1, 577, 577, 577, 577.0, 0.0, 332929.0, 0, 0, 12, 66370, 537, 20324, 5530.833333333333, 29548608.138888896, 60138725.5, 3, 156, 13, 66947, 537, 20324, 5149.7692307692305, 29309017.657599997, 55538279.615384616
24, 1248, 1, 577, 577, 577, 577.0, 0.0, 332929.0, 2, 104, 71, 730568, 76, 20324, 10289.69014084507, 45347190.8899028, 151224914.08450705, 26, 1352, 72, 731145, 76, 20324, 10154.791666666666, 45685159.17052178, 149129192.06944445
3, 156, 0, 0, 0, 0, 0, 0, 0, 2, 104, 1, 83, 83, 83, 83.0, 0.0, 6889.0, 5, 260, 1, 83, 83, 83, 83.0, 0.0, 6889.0
1, 52, 0, 0, 0, 0, 0, 0, 0, 0, 0, 2, 376, 83, 293, 188.0, 11025.0, 46369.0, 1, 52, 2, 376, 83, 293, 188.0, 11025.0, 46369.0
0, 0, 0, 0, 0, 0, 0, 0, 0, 0, 0, 0, 0, 0, 0, 0, 0, 0, 0, 0, 0, 0, 0, 0, 0, 0, 0
0, 0, 0, 0, 0, 0, 0, 0, 0, 0, 0, 0, 0, 0, 0, 0, 0, 0, 0, 0, 0, 0, 0, 0, 0, 0, 0
0, 0, 0, 0, 0, 0, 0, 0, 0, 0, 0, 0, 0, 0, 0, 0, 0, 0, 0, 0, 0, 0, 0, 0, 0, 0, 0
0, 0, 0, 0, 0, 0, 0, 0, 0, 0, 0, 0, 0, 0, 0, 0, 0, 0, 0, 0, 0, 0, 0, 0, 0, 0, 0
1, 52, 0, 0, 0, 0, 0, 0, 0, 1, 52, 0, 0, 0, 0, 0, 0, 0, 2, 104, 0, 0, 0, 0, 0, 0, 0
0, 0, 0, 0, 0, 0, 0, 0, 0, 0, 0, 0, 0, 0, 0, 0, 0, 0, 0, 0, 0, 0, 0, 0, 0, 0, 0
0, 0, 0, 0, 0, 0, 0, 0, 0, 0, 0, 0, 0, 0, 0, 0, 0, 0, 0, 0, 0, 0, 0, 0, 0, 0, 0
11, 572, 2, 1154, 577, 577, 577.0, 0.0, 332929.0, 0, 0, 74, 864902, 315, 26116, 11687.864864864865, 63907256.71146822, 200513441.8108108, 11, 572, 76, 866056, 315, 26116, 11395.473684210527, 64679230.628266655, 195245533.57894737
0, 0, 0, 0, 0, 0, 0, 0, 0, 1, 52, 0, 0, 0, 0, 0, 0, 0, 1, 52, 0, 0, 0, 0, 0, 0, 0
1, 60, 0, 0, 0, 0, 0, 0, 0, 0, 0, 0, 0, 0, 0, 0, 0, 0, 1, 60, 0, 0, 0, 0, 0, 0, 0
2, 112, 1, 569, 569, 569, 569.0, 0.0, 323761.0, 1, 60, 0, 0, 0, 0, 0, 0, 0, 3, 172, 1, 569, 569, 569, 569.0, 0.0, 323761.0
2, 104, 3, 1456, 103, 784, 485.3333333333333, 80793.55555555556, 316342.0, 1, 60, 1, 189, 189, 189, 189.0, 0.0, 35721.0, 3, 164, 4, 1645, 103, 784, 411.25, 69551.36, 246186.75
2, 104, 1, 103, 103, 103, 103.0, 0.0, 10609.0, 1, 52, 2, 490, 189, 301, 245.0, 3136.0, 63161.0, 3, 156, 3, 593, 103, 301, 197.66666666666666, 5735.039999999999, 45643.666666666664
0, 0, 0, 0, 0, 0, 0, 0, 0, 1, 52, 0, 0, 0, 0, 0, 0, 0, 1, 52, 0, 0, 0, 0, 0, 0, 0
0, 0, 0, 0, 0, 0, 0, 0, 0, 0, 0, 0, 0, 0, 0, 0, 0, 0, 0, 0, 0, 0, 0, 0, 0, 0, 0
0, 0, 0, 0, 0, 0, 0, 0, 0, 0, 0, 0, 0, 0, 0, 0, 0, 0, 0, 0, 0, 0, 0, 0, 0, 0, 0
0, 0, 0, 0, 0, 0, 0, 0, 0, 0, 0, 0, 0, 0, 0, 0, 0, 0, 0, 0, 0, 0, 0, 0, 0, 0, 0
0, 0, 0, 0, 0, 0, 0, 0, 0, 0, 0, 0, 0, 0, 0, 0, 0, 0, 0, 0, 0, 0, 0, 0, 0, 0, 0
38, 1976, 1, 577, 577, 577, 577.0, 0.0, 332929.0, 0, 0, 78, 999874, 1278, 26116, 12818.897435897436, 68207818.93819855, 232531950.41025642, 38, 1976, 79, 1000451, 577, 26116, 12663.93670886076, 68721842.41454014, 229592722.29113925
2, 104, 1, 577, 577, 577, 577.0, 0.0, 332929.0, 0, 0, 10, 65988, 537, 16465, 6598.8, 34346415.160000004, 77890576.6, 2, 104, 11, 66565, 537, 16465, 6051.363636363636, 34355410.14058957, 70839881.36363636
0, 0, 0, 0, 0, 0, 0, 0, 0, 0, 0, 0, 0, 0, 0, 0, 0, 0, 0, 0, 0, 0, 0, 0, 0, 0, 0
0, 0, 0, 0, 0, 0, 0, 0, 0, 0, 0, 0, 0, 0, 0, 0, 0, 0, 0, 0, 0, 0, 0, 0, 0, 0, 0
0, 0, 0, 0, 0, 0, 0, 0, 0, 0, 0, 0, 0, 0, 0, 0, 0, 0, 0, 0, 0, 0, 0, 0, 0, 0, 0
0, 0, 0, 0, 0, 0, 0, 0, 0, 0, 0, 0, 0, 0, 0, 0, 0, 0, 0, 0, 0, 0, 0, 0, 0, 0, 0
0, 0, 0, 0, 0, 0, 0, 0, 0, 0, 0, 0, 0, 0, 0, 0, 0, 0, 0, 0, 0, 0, 0, 0, 0, 0, 0
0, 0, 0, 0, 0, 0, 0, 0, 0, 0, 0, 0, 0, 0, 0, 0, 0, 0, 0, 0, 0, 0, 0, 0, 0, 0, 0
0, 0, 0, 0, 0, 0, 0, 0, 0, 0, 0, 0, 0, 0, 0, 0, 0, 0, 0, 0, 0, 0, 0, 0, 0, 0, 0
0, 0, 0, 0, 0, 0, 0, 0, 0, 0, 0, 0, 0, 0, 0, 0, 0, 0, 0, 0, 0, 0, 0, 0, 0, 0, 0
0, 0, 0, 0, 0, 0, 0, 0, 0, 0, 0, 0, 0, 0, 0, 0, 0, 0, 0, 0, 0, 0, 0, 0, 0, 0, 0
30, 1560, 1, 577, 577, 577, 577.0, 0.0, 332929.0, 0, 0, 99, 1046895, 1500, 23220, 10574.69696969697, 57134130.79706152, 168958346.7979798, 30, 1560, 100, 1047472, 577, 23220, 10474.72, 57346781.71551223, 167272092.62
2, 104, 1, 577, 577, 577, 577.0, 0.0, 332929.0, 0, 0, 8, 66462, 1500, 17428, 8307.75, 36796848.1875, 105815558.25, 2, 104, 9, 67039, 577, 17428, 7448.777777777777, 37941088.705882356, 94095266.1111111
