addr1_packet_ctrl, addr1_bytes_ctrl, addr1_packet, addr1_bytes, addr1_pkt_len_min, addr1_pkt_len_max, addr1_pkt_len_avg,addr1_pkt_len_var, addr1_pkt_len_mom2, addr2_packet_ctrl, addr2_bytes_ctrl, addr2_packet, addr2_bytes, addr2_pkt_len_min, addr2_pkt_len_max, addr2_pkt_len_avg,addr2_pkt_len_var, addr2_pkt_len_mom2, addra_packet_ctrl, addra_bytes_ctrl, addra_packet, addra_bytes, addra_pkt_len_min, addra_pkt_len_max, addra_pkt_len_avg,addra_pkt_len_var, addra_pkt_len_mom2 
2, 104, 0, 0, 0, 0, 0, 0, 0, 2, 104, 0, 0, 0, 0, 0, 0, 0, 4, 208, 0, 0, 0, 0, 0, 0, 0
7, 388, 3, 1757, 72, 1612, 585.6666666666666, 526680.2222222224, 869685.6666666666, 2, 104, 2, 330, 164, 166, 165.0, 1.0, 27226.0, 9, 492, 5, 2087, 72, 1612, 417.4, 269057.9183673469, 532701.8
9, 468, 12, 4815, 72, 2176, 401.25, 334865.5208333333, 495867.0833333333, 9, 492, 12, 3798, 83, 707, 316.5, 36419.25, 136591.5, 18, 960, 24, 8613, 72, 2176, 358.875, 137497.46527777778, 316229.2916666667
17, 900, 23, 7353, 83, 684, 319.69565217391306, 51436.733459357296, 153642.04347826086, 12, 640, 26, 22765, 83, 3349, 875.5769230769231, 835959.7056213019, 1602594.6538461538, 29, 1540, 49, 30118, 83, 3349, 614.6530612244898, 661073.7752888891, 922474.0408163265
38, 2008, 37, 12906, 80, 2034, 348.81081081081084, 137564.9642074507, 259233.94594594595, 25, 1324, 54, 18313, 82, 1470, 339.1296296296296, 124700.89060356656, 239709.7962962963, 63, 3332, 91, 31219, 80, 2034, 343.0659340659341, 128001.26068965517, 247648.18681318683
23, 1220, 24, 6217, 81, 680, 259.0416666666667, 54011.28993055556, 121113.875, 16, 848, 39, 25719, 83, 8420, 659.4615384615385, 1935331.120315582, 2370220.641025641, 39, 2068, 63, 31936, 81, 8420, 506.92063492063494, 1521517.0281622454, 1513418.0634920634
153, 7972, 33, 14373, 73, 1816, 435.54545454545456, 207750.85399449038, 397450.69696969696, 26, 1384, 260, 2319669, 83, 26116, 8921.803846153845, 55332028.76536982, 134930612.6346154, 179, 9356, 293, 2334042, 73, 26116, 7966.013651877133, 56083614.20186456, 119778413.50853242
6, 312, 8, 4180, 91, 1547, 522.5, 296005.5, 569011.75, 6, 312, 38, 138930, 83, 15650, 3656.0526315789475, 9768328.418282548, 23135049.263157893, 12, 624, 46, 143110, 83, 15650, 3111.086956521739, 9712297.164399095, 19210521.0
11, 596, 9, 4021, 79, 1220, 446.77777777777777, 134812.8395061728, 334423.22222222225, 5, 268, 19, 28998, 87, 5724, 1526.2105263157894, 3444446.797783934, 5773765.368421053, 16, 864, 28, 33019, 79, 5724, 1179.25, 2991080.8881846988, 4025405.3928571427
18, 944, 5, 1557, 91, 569, 311.4, 45027.44, 141997.4, 5, 276, 47, 138836, 91, 9978, 2953.9574468085107, 4256502.168401991, 12982366.765957447, 23, 1220, 52, 140393, 91, 9978, 2699.8653846153848, 4378671.502499745, 11747715.865384616
47, 2444, 8, 4079, 91, 1967, 509.875, 353436.609375, 613409.125, 3, 164, 119, 281719, 91, 5546, 2367.3865546218485, 1196269.2455335076, 6800788.344537815, 50, 2608, 127, 285798, 91, 5546, 2250.3779527559054, 1277417.5402372922, 6411032.173228347
18, 936, 3, 2419, 91, 1619, 806.3333333333334, 393867.5555555555, 1044041.0, 3, 156, 97, 390979, 91, 21322, 4030.7113402061855, 13266153.586778617, 29512787.49484536, 21, 1092, 100, 393398, 91, 21322, 3933.98, 13226041.963977426, 28658725.1
10, 520, 12, 3252, 87, 1237, 271.0, 95940.33333333333, 169381.33333333334, 10, 520, 35, 135772, 83, 16047, 3879.2, 19744254.617142856, 34792447.25714286, 20, 1040, 47, 139024, 83, 16047, 2957.9574468085107, 18495311.848899465, 25952515.531914894
4, 208, 4, 1298, 91, 677, 324.5, 61602.75, 166903.0, 3, 156, 8, 1220, 83, 462, 152.5, 14052.75, 37309.0, 7, 364, 12, 2518, 83, 677, 209.83333333333334, 28296.19000000001, 80507.0
1, 52, 1, 151, 151, 151, 151.0, 0.0, 22801.0, 1, 52, 1, 301, 301, 301, 301.0, 0.0, 90601.0, 2, 104, 2, 452, 151, 301, 226.0, 5000.0, 56701.0
24, 1248, 4, 2714, 91, 1229, 678.5, 162224.75, 622587.0, 0, 0, 109, 425061, 83, 12814, 3899.6422018348626, 7663092.449962126, 22870301.75229358, 24, 1248, 113, 427775, 83, 12814, 3785.619469026549, 7711523.779806833, 22082772.026548672
0, 0, 1, 151, 151, 151, 151.0, 0.0, 22801.0, 2, 104, 0, 0, 0, 0, 0, 0, 0, 2, 104, 1, 151, 151, 151, 151.0, 0.0, 22801.0
34, 1768, 3, 332, 91, 150, 110.66666666666667, 773.5555555555555, 13020.666666666666, 3, 156, 130, 533420, 91, 14232, 4103.2307692307695, 8992396.992899407, 25828899.73846154, 37, 1924, 133, 533752, 91, 14232, 4013.1729323308273, 9069588.3970854, 25246586.67669173
5, 260, 6, 1869, 91, 1238, 311.5, 172368.91666666666, 269401.1666666667, 5, 260, 27, 134875, 91, 18486, 4995.37037037037, 25725958.75171468, 50679683.88888889, 10, 520, 33, 136744, 91, 18486, 4143.757575757576, 25145077.516388897, 41514177.93939394
10, 520, 7, 3945, 91, 1560, 563.5714285714286, 318261.38775510207, 635874.1428571428, 5, 260, 41, 205512, 83, 24356, 5012.487804878048, 34630010.98155859, 59755044.97560976, 15, 780, 48, 209457, 83, 24356, 4363.6875, 33365635.255902037, 51133499.229166664
3, 156, 1, 795, 795, 795, 795.0, 0.0, 632025.0, 0, 0, 10, 64573, 301, 16458, 6457.3, 29791101.01, 71487824.3, 3, 156, 11, 65368, 301, 16458, 5942.545454545455, 29826519.84126984, 65046388.0
29, 1508, 5, 1652, 91, 686, 330.4, 73158.63999999998, 182322.8, 3, 156, 79, 589854, 87, 17068, 7466.506329113924, 38842757.26261818, 94591474.02531646, 32, 1664, 84, 591506, 87, 17068, 7041.738095238095, 39167675.318228014, 88971881.6904762
1, 52, 0, 0, 0, 0, 0, 0, 0, 1, 52, 1, 301, 301, 301, 301.0, 0.0, 90601.0, 2, 104, 1, 301, 301, 301, 301.0, 0.0, 90601.0
0, 0, 0, 0, 0, 0, 0, 0, 0, 0, 0, 0, 0, 0, 0, 0, 0, 0, 0, 0, 0, 0, 0, 0, 0, 0, 0
3, 156, 5, 630, 91, 150, 126.0, 816.8, 16692.8, 5, 260, 17, 132055, 91, 24295, 7767.941176470588, 49488516.761245675, 109829426.88235295, 8, 416, 22, 132685, 91, 24295, 6031.136363636364, 49671142.36817883, 84871987.31818181
55, 2860, 3, 332, 91, 150, 110.66666666666667, 773.5555555555555, 13020.666666666666, 3, 156, 136, 1261822, 91, 25576, 9278.10294117647, 42895836.19528547, 128979030.38235295, 58, 3016, 139, 1262154, 91, 25576, 9080.244604316547, 43334708.972879335, 126195591.323741
0, 0, 0, 0, 0, 0, 0, 0, 0, 0, 0, 0, 0, 0, 0, 0, 0, 0, 0, 0, 0, 0, 0, 0, 0, 0, 0
7, 364, 12, 3248, 87, 1235, 270.6666666666667, 95659.05555555555, 168919.5, 10, 520, 27, 132793, 83, 20877, 4918.259259259259, 38502123.74759945, 62691397.88888889, 17, 884, 39, 136041, 83, 20877, 3488.230769230769, 34732370.69880624, 43453712.23076923
4, 208, 4, 771, 91, 439, 192.75, 20793.1875, 57945.75, 4, 208, 8, 1443, 83, 552, 180.375, 21850.484375, 54385.625, 8, 416, 12, 2214, 83, 552, 184.5, 21663.527499999997, 55572.333333333336
15, 780, 3, 332, 91, 150, 110.66666666666667, 773.5555555555555, 13020.666666666666, 4, 208, 48, 334686, 76, 19904, 6972.625, 36560704.942708336, 85178204.33333333, 19, 988, 51, 335018, 76, 19904, 6568.980392156863, 36836452.760534644, 80168487.64705883
2, 104, 4, 480, 91, 149, 120.0, 841.0, 15241.0, 4, 208, 15, 132336, 91, 21296, 8822.4, 44288558.373333335, 122123300.13333334, 6, 312, 19, 132816, 91, 21296, 6990.315789473684, 46939667.653979234, 96416340.31578948
0, 0, 0, 0, 0, 0, 0, 0, 0, 0, 0, 0, 0, 0, 0, 0, 0, 0, 0, 0, 0, 0, 0, 0, 0, 0, 0
11, 572, 4, 482, 91, 150, 120.5, 870.25, 15390.5, 4, 208, 35, 293503, 91, 25576, 8385.8, 55241268.44571428, 125562910.08571428, 15, 780, 39, 293985, 91, 25576, 7538.076923076923, 55748407.53981007, 112686241.41025642
5, 260, 4, 480, 91, 149, 120.0, 841.0, 15241.0, 4, 208, 21, 132122, 91, 17068, 6291.523809523809, 30028325.963718824, 69611597.8095238, 9, 468, 25, 132602, 91, 17068, 5304.08, 30441216.982986767, 58476180.72
4, 208, 0, 0, 0, 0, 0, 0, 0, 1, 52, 3, 459, 83, 293, 153.0, 9800.0, 33209.0, 5, 260, 3, 459, 83, 293, 153.0, 9800.0, 33209.0
35, 1820, 4, 482, 91, 150, 120.5, 870.25, 15390.5, 4, 208, 117, 1062657, 91, 29830, 9082.538461538461, 53771529.61604208, 136264034.52136752, 39, 2028, 121, 1063139, 91, 29830, 8786.272727272728, 54195018.51394675, 131759947.11570248
3, 156, 4, 482, 91, 150, 120.5, 870.25, 15390.5, 4, 208, 20, 132356, 91, 17068, 6617.8, 31785758.56000001, 75581035.4, 7, 364, 24, 132838, 91, 17068, 5534.916666666667, 32385058.57231405, 62986761.25
0, 0, 0, 0, 0, 0, 0, 0, 0, 0, 0, 0, 0, 0, 0, 0, 0, 0, 0, 0, 0, 0, 0, 0, 0, 0, 0
34, 1768, 5, 569, 87, 150, 113.8, 875.76, 13826.2, 5, 260, 159, 1383896, 91, 22740, 8703.748427672956, 40841717.521617025, 116596954.21383648, 39, 2028, 164, 1384465, 87, 22740, 8441.859756097561, 41334041.90696739, 113042590.55487806
3, 156, 4, 482, 91, 150, 120.5, 870.25, 15390.5, 4, 208, 21, 131933, 91, 19904, 6282.523809523809, 37339823.29705216, 76809928.71428572, 7, 364, 25, 132415, 91, 19904, 5296.6, 37107631.86389415, 64522802.6
0, 0, 0, 0, 0, 0, 0, 0, 0, 0, 0, 0, 0, 0, 0, 0, 0, 0, 0, 0, 0, 0, 0, 0, 0, 0, 0
46, 2392, 4, 482, 91, 150, 120.5, 870.25, 15390.5, 5, 268, 174, 1659673, 91, 25576, 9538.350574712644, 41891000.905833006, 132871132.59195402, 51, 2660, 178, 1660155, 91, 25576, 9326.713483146068, 42411431.25503615, 129885610.29775281
2, 104, 4, 482, 91, 150, 120.5, 870.25, 15390.5, 4, 208, 19, 132210, 91, 17068, 6958.421052631579, 38033912.98060942, 86453536.5263158, 6, 312, 23, 132692, 91, 17068, 5769.217391304348, 38440680.439909294, 71420815.47826087
0, 0, 0, 0, 0, 0, 0, 0, 0, 0, 0, 0, 0, 0, 0, 0, 0, 0, 0, 0, 0, 0, 0, 0, 0, 0, 0
30, 1560, 4, 482, 91, 150, 120.5, 870.25, 15390.5, 4, 208, 169, 1320715, 91, 22740, 7814.881656804734, 33555232.93274046, 94627608.24260356, 34, 1768, 173, 1321197, 91, 22740, 7636.976878612717, 33847124.25081222, 92440042.51445086
5, 260, 4, 482, 91, 150, 120.5, 870.25, 15390.5, 5, 260, 17, 131849, 83, 25576, 7755.823529411765, 62393922.14532871, 122546720.76470588, 10, 520, 21, 132331, 83, 25576, 6301.476190476191, 61316918.40997232, 99207419.76190476
0, 0, 0, 0, 0, 0, 0, 0, 0, 0, 0, 0, 0, 0, 0, 0, 0, 0, 0, 0, 0, 0, 0, 0, 0, 0, 0
30, 1560, 2, 241, 91, 150, 120.5, 870.25, 15390.5, 2, 104, 79, 730964, 91, 24158, 9252.708860759494, 44686807.06713667, 130299428.32911393, 32, 1664, 81, 731205, 91, 24158, 9027.222222222223, 45157667.52183594, 127082538.50617284
0, 0, 0, 0, 0, 0, 0, 0, 0, 0, 0, 0, 0, 0, 0, 0, 0, 0, 0, 0, 0, 0, 0, 0, 0, 0, 0
0, 0, 0, 0, 0, 0, 0, 0, 0, 0, 0, 0, 0, 0, 0, 0, 0, 0, 0, 0, 0, 0, 0, 0, 0, 0, 0
0, 0, 0, 0, 0, 0, 0, 0, 0, 0, 0, 0, 0, 0, 0, 0, 0, 0, 0, 0, 0, 0, 0, 0, 0, 0, 0
0, 0, 0, 0, 0, 0, 0, 0, 0, 0, 0, 0, 0, 0, 0, 0, 0, 0, 0, 0, 0, 0, 0, 0, 0, 0, 0
0, 0, 0, 0, 0, 0, 0, 0, 0, 0, 0, 0, 0, 0, 0, 0, 0, 0, 0, 0, 0, 0, 0, 0, 0, 0, 0
0, 0, 0, 0, 0, 0, 0, 0, 0, 0, 0, 0, 0, 0, 0, 0, 0, 0, 0, 0, 0, 0, 0, 0, 0, 0, 0
0, 0, 0, 0, 0, 0, 0, 0, 0, 0, 0, 0, 0, 0, 0, 0, 0, 0, 0, 0, 0, 0, 0, 0, 0, 0, 0
1, 52, 0, 0, 0, 0, 0, 0, 0, 0, 0, 1, 83, 83, 83, 83.0, 0.0, 6889.0, 1, 52, 1, 83, 83, 83, 83.0, 0.0, 6889.0
26, 1352, 4, 482, 91, 150, 120.5, 870.25, 15390.5, 4, 208, 124, 857820, 91, 23440, 6917.903225806452, 30136032.345473465, 77993417.38709678, 30, 1560, 128, 858302, 91, 23440, 6705.484375, 30379462.833270345, 75556604.046875
0, 0, 0, 0, 0, 0, 0, 0, 0, 0, 0, 0, 0, 0, 0, 0, 0, 0, 0, 0, 0, 0, 0, 0, 0, 0, 0
0, 0, 0, 0, 0, 0, 0, 0, 0, 0, 0, 0, 0, 0, 0, 0, 0, 0, 0, 0, 0, 0, 0, 0, 0, 0, 0
0, 0, 0, 0, 0, 0, 0, 0, 0, 0, 0, 0, 0, 0, 0, 0, 0, 0, 0, 0, 0, 0, 0, 0, 0, 0, 0
2, 104, 2, 729, 91, 638, 364.5, 74802.25, 207662.5, 1, 52, 2, 422, 91, 331, 211.0, 14400.0, 58921.0, 3, 156, 4, 1151, 91, 638, 287.75, 39770.13888888889, 133291.75
0, 0, 1, 195, 195, 195, 195.0, 0.0, 38025.0, 0, 0, 0, 0, 0, 0, 0, 0, 0, 0, 0, 1, 195, 195, 195, 195.0, 0.0, 38025.0
11, 580, 0, 0, 0, 0, 0, 0, 0, 3, 156, 0, 0, 0, 0, 0, 0, 0, 14, 736, 0, 0, 0, 0, 0, 0, 0
7, 336, 4, 2080, 103, 839, 520.0, 70113.0, 340513.0, 4, 224, 3, 540, 83, 268, 180.0, 5744.666666666667, 38144.666666666664, 11, 560, 7, 2620, 83, 839, 374.2857142857143, 59236.0, 210926.57142857142
2, 104, 3, 493, 103, 195, 164.33333333333334, 1880.8888888888887, 28886.333333333332, 1, 52, 2, 490, 189, 301, 245.0, 3136.0, 63161.0, 3, 156, 5, 983, 103, 301, 196.6, 4191.673469387755, 42596.2
0, 0, 0, 0, 0, 0, 0, 0, 0, 1, 52, 0, 0, 0, 0, 0, 0, 0, 1, 52, 0, 0, 0, 0, 0, 0, 0
0, 0, 0, 0, 0, 0, 0, 0, 0, 0, 0, 0, 0, 0, 0, 0, 0, 0, 0, 0, 0, 0, 0, 0, 0, 0, 0
19, 988, 6, 872, 91, 195, 145.33333333333334, 1813.5555555555557, 22935.333333333332, 4, 208, 127, 843587, 91, 18486, 6642.417322834645, 24979174.85733772, 69100882.7480315, 23, 1196, 133, 844459, 91, 18486, 6349.315789473684, 25354419.78822485, 65984584.368421055
0, 0, 0, 0, 0, 0, 0, 0, 0, 0, 0, 0, 0, 0, 0, 0, 0, 0, 0, 0, 0, 0, 0, 0, 0, 0, 0
0, 0, 0, 0, 0, 0, 0, 0, 0, 0, 0, 0, 0, 0, 0, 0, 0, 0, 0, 0, 0, 0, 0, 0, 0, 0, 0
0, 0, 2, 390, 195, 195, 195.0, 0.0, 38025.0, 0, 0, 0, 0, 0, 0, 0, 0, 0, 0, 0, 2, 390, 195, 195, 195.0, 0.0, 38025.0
1, 52, 0, 0, 0, 0, 0, 0, 0, 1, 52, 0, 0, 0, 0, 0, 0, 0, 2, 104, 0, 0, 0, 0, 0, 0, 0
0, 0, 1, 195, 195, 195, 195.0, 0.0, 38025.0, 0, 0, 0, 0, 0, 0, 0, 0, 0, 0, 0, 1, 195, 195, 195, 195.0, 0.0, 38025.0
0, 0, 0, 0, 0, 0, 0, 0, 0, 0, 0, 0, 0, 0, 0, 0, 0, 0, 0, 0, 0, 0, 0, 0, 0, 0, 0
0, 0, 0, 0, 0, 0, 0, 0, 0, 0, 0, 0, 0, 0, 0, 0, 0, 0, 0, 0, 0, 0, 0, 0, 0, 0, 0
0, 0, 0, 0, 0, 0, 0, 0, 0, 0, 0, 0, 0, 0, 0, 0, 0, 0, 0, 0, 0, 0, 0, 0, 0, 0, 0
0, 0, 0, 0, 0, 0, 0, 0, 0, 0, 0, 0, 0, 0, 0, 0, 0, 0, 0, 0, 0, 0, 0, 0, 0, 0, 0
2, 104, 2, 241, 91, 150, 120.5, 870.25, 15390.5, 2, 104, 15, 67245, 91, 17068, 4483.0, 18593394.133333333, 38690683.13333333, 4, 208, 17, 67486, 91, 17068, 3969.764705882353, 18546482.850585938, 34140648.705882356
27, 1404, 2, 241, 91, 150, 120.5, 870.25, 15390.5, 2, 104, 111, 659014, 91, 21322, 5937.063063063063, 19051241.410437465, 54299959.225225225, 29, 1508, 113, 659255, 91, 21322, 5834.115044247787, 19180526.764489, 53339170.39823009
0, 0, 0, 0, 0, 0, 0, 0, 0, 0, 0, 0, 0, 0, 0, 0, 0, 0, 0, 0, 0, 0, 0, 0, 0, 0, 0
0, 0, 0, 0, 0, 0, 0, 0, 0, 0, 0, 0, 0, 0, 0, 0, 0, 0, 0, 0, 0, 0, 0, 0, 0, 0, 0
0, 0, 0, 0, 0, 0, 0, 0, 0, 0, 0, 0, 0, 0, 0, 0, 0, 0, 0, 0, 0, 0, 0, 0, 0, 0, 0
0, 0, 1, 195, 195, 195, 195.0, 0.0, 38025.0, 0, 0, 0, 0, 0, 0, 0, 0, 0, 0, 0, 1, 195, 195, 195, 195.0, 0.0, 38025.0
0, 0, 0, 0, 0, 0, 0, 0, 0, 0, 0, 0, 0, 0, 0, 0, 0, 0, 0, 0, 0, 0, 0, 0, 0, 0, 0
0, 0, 0, 0, 0, 0, 0, 0, 0, 0, 0, 0, 0, 0, 0, 0, 0, 0, 0, 0, 0, 0, 0, 0, 0, 0, 0
0, 0, 1, 195, 195, 195, 195.0, 0.0, 38025.0, 0, 0, 0, 0, 0, 0, 0, 0, 0, 0, 0, 1, 195, 195, 195, 195.0, 0.0, 38025.0
0, 0, 0, 0, 0, 0, 0, 0, 0, 0, 0, 0, 0, 0, 0, 0, 0, 0, 0, 0, 0, 0, 0, 0, 0, 0, 0
3, 156, 0, 0, 0, 0, 0, 0, 0, 1, 52, 3, 459, 83, 293, 153.0, 9800.0, 33209.0, 4, 208, 3, 459, 83, 293, 153.0, 9800.0, 33209.0
56, 2912, 7, 964, 87, 200, 137.71428571428572, 2057.0612244897957, 21022.285714285714, 4, 208, 163, 1255214, 91, 22740, 7700.699386503067, 28728983.510858525, 88029754.55214724, 60, 3120, 170, 1256178, 87, 22740, 7389.282352941176, 29302215.007403802, 84405865.57647058
0, 0, 0, 0, 0, 0, 0, 0, 0, 0, 0, 0, 0, 0, 0, 0, 0, 0, 0, 0, 0, 0, 0, 0, 0, 0, 0
0, 0, 2, 395, 195, 200, 197.5, 6.25, 39012.5, 0, 0, 0, 0, 0, 0, 0, 0, 0, 0, 0, 2, 395, 195, 200, 197.5, 6.25, 39012.5
0, 0, 0, 0, 0, 0, 0, 0, 0, 0, 0, 0, 0, 0, 0, 0, 0, 0, 0, 0, 0, 0, 0, 0, 0, 0, 0
0, 0, 0, 0, 0, 0, 0, 0, 0, 0, 0, 0, 0, 0, 0, 0, 0, 0, 0, 0, 0, 0, 0, 0, 0, 0, 0
0, 0, 1, 200, 200, 200, 200.0, 0.0, 40000.0, 0, 0, 0, 0, 0, 0, 0, 0, 0, 0, 0, 1, 200, 200, 200, 200.0, 0.0, 40000.0
1, 52, 0, 0, 0, 0, 0, 0, 0, 1, 52, 0, 0, 0, 0, 0, 0, 0, 2, 104, 0, 0, 0, 0, 0, 0, 0
0, 0, 0, 0, 0, 0, 0, 0, 0, 0, 0, 0, 0, 0, 0, 0, 0, 0, 0, 0, 0, 0, 0, 0, 0, 0, 0
0, 0, 2, 395, 195, 200, 197.5, 6.25, 39012.5, 0, 0, 0, 0, 0, 0, 0, 0, 0, 0, 0, 2, 395, 195, 200, 197.5, 6.25, 39012.5
0, 0, 0, 0, 0, 0, 0, 0, 0, 0, 0, 0, 0, 0, 0, 0, 0, 0, 0, 0, 0, 0, 0, 0, 0, 0, 0
0, 0, 0, 0, 0, 0, 0, 0, 0, 0, 0, 0, 0, 0, 0, 0, 0, 0, 0, 0, 0, 0, 0, 0, 0, 0, 0
4, 208, 6, 2242, 91, 1565, 373.6666666666667, 285175.2222222222, 424802.0, 3, 156, 15, 68043, 91, 16350, 4536.2, 24843665.22666667, 45420775.666666664, 7, 364, 21, 70285, 91, 16350, 3346.904761904762, 23157067.413580246, 32564783.19047619
46, 2392, 1, 91, 91, 91, 91.0, 0.0, 8281.0, 1, 52, 158, 1269207, 91, 19904, 8032.955696202532, 35344818.2828473, 99873195.5, 47, 2444, 159, 1269298, 91, 19904, 7983.006289308176, 35431666.44785001, 99245114.27672955
0, 0, 1, 195, 195, 195, 195.0, 0.0, 38025.0, 0, 0, 0, 0, 0, 0, 0, 0, 0, 0, 0, 1, 195, 195, 195, 195.0, 0.0, 38025.0
0, 0, 0, 0, 0, 0, 0, 0, 0, 0, 0, 0, 0, 0, 0, 0, 0, 0, 0, 0, 0, 0, 0, 0, 0, 0, 0
0, 0, 0, 0, 0, 0, 0, 0, 0, 0, 0, 0, 0, 0, 0, 0, 0, 0, 0, 0, 0, 0, 0, 0, 0, 0, 0
5, 276, 2, 764, 195, 569, 382.0, 34969.0, 180893.0, 2, 112, 0, 0, 0, 0, 0, 0, 0, 7, 388, 2, 764, 195, 569, 382.0, 34969.0, 180893.0
2, 104, 3, 1454, 103, 782, 484.6666666666667, 80396.22222222222, 315298.0, 1, 60, 1, 189, 189, 189, 189.0, 0.0, 35721.0, 3, 164, 4, 1643, 103, 782, 410.75, 69218.23999999999, 245403.75
2, 104, 1, 103, 103, 103, 103.0, 0.0, 10609.0, 1, 52, 2, 490, 189, 301, 245.0, 3136.0, 63161.0, 3, 156, 3, 593, 103, 301, 197.66666666666666, 5735.039999999999, 45643.666666666664
0, 0, 0, 0, 0, 0, 0, 0, 0, 1, 52, 0, 0, 0, 0, 0, 0, 0, 1, 52, 0, 0, 0, 0, 0, 0, 0
0, 0, 1, 195, 195, 195, 195.0, 0.0, 38025.0, 0, 0, 0, 0, 0, 0, 0, 0, 0, 0, 0, 1, 195, 195, 195, 195.0, 0.0, 38025.0
0, 0, 0, 0, 0, 0, 0, 0, 0, 0, 0, 0, 0, 0, 0, 0, 0, 0, 0, 0, 0, 0, 0, 0, 0, 0, 0
0, 0, 1, 195, 195, 195, 195.0, 0.0, 38025.0, 0, 0, 0, 0, 0, 0, 0, 0, 0, 0, 0, 1, 195, 195, 195, 195.0, 0.0, 38025.0
47, 2444, 4, 482, 91, 150, 120.5, 870.25, 15390.5, 4, 208, 178, 1214435, 91, 22740, 6822.668539325843, 23907325.5699091, 70456131.56741573, 51, 2652, 182, 1214917, 91, 22740, 6675.368131868132, 24135253.42666667, 68907983.41208792
0, 0, 0, 0, 0, 0, 0, 0, 0, 0, 0, 0, 0, 0, 0, 0, 0, 0, 0, 0, 0, 0, 0, 0, 0, 0, 0
0, 0, 1, 195, 195, 195, 195.0, 0.0, 38025.0, 0, 0, 0, 0, 0, 0, 0, 0, 0, 0, 0, 1, 195, 195, 195, 195.0, 0.0, 38025.0
0, 0, 0, 0, 0, 0, 0, 0, 0, 0, 0, 0, 0, 0, 0, 0, 0, 0, 0, 0, 0, 0, 0, 0, 0, 0, 0
0, 0, 0, 0, 0, 0, 0, 0, 0, 0, 0, 0, 0, 0, 0, 0, 0, 0, 0, 0, 0, 0, 0, 0, 0, 0, 0
2, 104, 3, 924, 91, 638, 308.0, 56252.666666666664, 151116.66666666666, 1, 52, 2, 422, 91, 331, 211.0, 14400.0, 58921.0, 3, 156, 5, 1346, 91, 638, 269.2, 34641.10204081633, 114238.4
0, 0, 0, 0, 0, 0, 0, 0, 0, 0, 0, 0, 0, 0, 0, 0, 0, 0, 0, 0, 0, 0, 0, 0, 0, 0, 0
0, 0, 0, 0, 0, 0, 0, 0, 0, 0, 0, 0, 0, 0, 0, 0, 0, 0, 0, 0, 0, 0, 0, 0, 0, 0, 0
0, 0, 0, 0, 0, 0, 0, 0, 0, 0, 0, 0, 0, 0, 0, 0, 0, 0, 0, 0, 0, 0, 0, 0, 0, 0, 0
0, 0, 0, 0, 0, 0, 0, 0, 0, 0, 0, 0, 0, 0, 0, 0, 0, 0, 0, 0, 0, 0, 0, 0, 0, 0, 0
0, 0, 0, 0, 0, 0, 0, 0, 0, 0, 0, 0, 0, 0, 0, 0, 0, 0, 0, 0, 0, 0, 0, 0, 0, 0, 0
41, 2132, 4, 482, 91, 150, 120.5, 870.25, 15390.5, 4, 208, 180, 1435420, 91, 25576, 7974.555555555556, 39662573.15802469, 103256109.46666667, 45, 2340, 184, 1435902, 91, 25576, 7803.815217391304, 39897151.350953996, 101011746.01086956
0, 0, 0, 0, 0, 0, 0, 0, 0, 0, 0, 0, 0, 0, 0, 0, 0, 0, 0, 0, 0, 0, 0, 0, 0, 0, 0
0, 0, 0, 0, 0, 0, 0, 0, 0, 0, 0, 0, 0, 0, 0, 0, 0, 0, 0, 0, 0, 0, 0, 0, 0, 0, 0
0, 0, 0, 0, 0, 0, 0, 0, 0, 0, 0, 0, 0, 0, 0, 0, 0, 0, 0, 0, 0, 0, 0, 0, 0, 0, 0
0, 0, 0, 0, 0, 0, 0, 0, 0, 0, 0, 0, 0, 0, 0, 0, 0, 0, 0, 0, 0, 0, 0, 0, 0, 0, 0
0, 0, 0, 0, 0, 0, 0, 0, 0, 0, 0, 0, 0, 0, 0, 0, 0, 0, 0, 0, 0, 0, 0, 0, 0, 0, 0
4, 208, 0, 0, 0, 0, 0, 0, 0, 3, 156, 1, 83, 83, 83, 83.0, 0.0, 6889.0, 7, 364, 1, 83, 83, 83, 83.0, 0.0, 6889.0
1, 52, 0, 0, 0, 0, 0, 0, 0, 0, 0, 2, 376, 83, 293, 188.0, 11025.0, 46369.0, 1, 52, 2, 376, 83, 293, 188.0, 11025.0, 46369.0
0, 0, 0, 0, 0, 0, 0, 0, 0, 0, 0, 0, 0, 0, 0, 0, 0, 0, 0, 0, 0, 0, 0, 0, 0, 0, 0
1, 52, 0, 0, 0, 0, 0, 0, 0, 1, 52, 0, 0, 0, 0, 0, 0, 0, 2, 104, 0, 0, 0, 0, 0, 0, 0
0, 0, 0, 0, 0, 0, 0, 0, 0, 0, 0, 0, 0, 0, 0, 0, 0, 0, 0, 0, 0, 0, 0, 0, 0, 0, 0
2, 104, 3, 391, 91, 150, 130.33333333333334, 773.5555555555555, 17760.333333333332, 2, 104, 15, 67327, 91, 11396, 4488.466666666666, 15054369.982222222, 35200703.0, 4, 208, 18, 67718, 91, 11396, 3762.1111111111113, 15255557.5922865, 29336879.222222224
47, 2444, 1, 91, 91, 91, 91.0, 0.0, 8281.0, 11, 572, 178, 962407, 91, 17068, 5406.7808988764045, 14400023.362107057, 43633303.0505618, 58, 3016, 179, 962498, 91, 17068, 5377.083798882682, 14438618.181343127, 43389587.84357542
0, 0, 0, 0, 0, 0, 0, 0, 0, 0, 0, 0, 0, 0, 0, 0, 0, 0, 0, 0, 0, 0, 0, 0, 0, 0, 0
0, 0, 0, 0, 0, 0, 0, 0, 0, 0, 0, 0, 0, 0, 0, 0, 0, 0, 0, 0, 0, 0, 0, 0, 0, 0, 0
0, 0, 0, 0, 0, 0, 0, 0, 0, 0, 0, 0, 0, 0, 0, 0, 0, 0, 0, 0, 0, 0, 0, 0, 0, 0, 0
0, 0, 0, 0, 0, 0, 0, 0, 0, 0, 0, 0, 0, 0, 0, 0, 0, 0, 0, 0, 0, 0, 0, 0, 0, 0, 0
0, 0, 0, 0, 0, 0, 0, 0, 0, 0, 0, 0, 0, 0, 0, 0, 0, 0, 0, 0, 0, 0, 0, 0, 0, 0, 0
0, 0, 1, 195, 195, 195, 195.0, 0.0, 38025.0, 0, 0, 0, 0, 0, 0, 0, 0, 0, 0, 0, 1, 195, 195, 195, 195.0, 0.0, 38025.0
0, 0, 0, 0, 0, 0, 0, 0, 0, 0, 0, 0, 0, 0, 0, 0, 0, 0, 0, 0, 0, 0, 0, 0, 0, 0, 0
0, 0, 1, 195, 195, 195, 195.0, 0.0, 38025.0, 0, 0, 0, 0, 0, 0, 0, 0, 0, 0, 0, 1, 195, 195, 195, 195.0, 0.0, 38025.0
0, 0, 0, 0, 0, 0, 0, 0, 0, 0, 0, 0, 0, 0, 0, 0, 0, 0, 0, 0, 0, 0, 0, 0, 0, 0, 0
0, 0, 0, 0, 0, 0, 0, 0, 0, 0, 0, 0, 0, 0, 0, 0, 0, 0, 0, 0, 0, 0, 0, 0, 0, 0, 0
82, 4296, 9, 981, 72, 195, 109.0, 1758.4444444444443, 13639.444444444445, 5, 262, 226, 1640824, 91, 18486, 7260.283185840708, 30707911.141044717, 83419623.07964602, 87, 4558, 235, 1641805, 72, 18486, 6986.404255319149, 31087361.431416187, 80225351.36595745
2, 112, 1, 569, 569, 569, 569.0, 0.0, 323761.0, 2, 112, 0, 0, 0, 0, 0, 0, 0, 4, 224, 1, 569, 569, 569, 569.0, 0.0, 323761.0
3, 156, 4, 1557, 103, 782, 389.25, 87610.1875, 239125.75, 1, 60, 2, 378, 189, 189, 189.0, 0.0, 35721.0, 4, 216, 6, 1935, 103, 782, 322.5, 53830.109375, 171324.16666666666
1, 52, 1, 195, 195, 195, 195.0, 0.0, 38025.0, 2, 104, 1, 301, 301, 301, 301.0, 0.0, 90601.0, 3, 156, 2, 496, 195, 301, 248.0, 2496.8888888888887, 64313.0
0, 0, 0, 0, 0, 0, 0, 0, 0, 0, 0, 0, 0, 0, 0, 0, 0, 0, 0, 0, 0, 0, 0, 0, 0, 0, 0
0, 0, 0, 0, 0, 0, 0, 0, 0, 0, 0, 0, 0, 0, 0, 0, 0, 0, 0, 0, 0, 0, 0, 0, 0, 0, 0
0, 0, 1, 68, 68, 68, 68.0, 0.0, 4624.0, 0, 0, 0, 0, 0, 0, 0, 0, 0, 0, 0, 1, 68, 68, 68, 68.0, 0.0, 4624.0
2, 116, 0, 0, 0, 0, 0, 0, 0, 3, 156, 1, 83, 83, 83, 83.0, 0.0, 6889.0, 5, 272, 1, 83, 83, 83, 83.0, 0.0, 6889.0
0, 0, 0, 0, 0, 0, 0, 0, 0, 0, 0, 0, 0, 0, 0, 0, 0, 0, 0, 0, 0, 0, 0, 0, 0, 0, 0
0, 0, 1, 68, 68, 68, 68.0, 0.0, 4624.0, 0, 0, 0, 0, 0, 0, 0, 0, 0, 0, 0, 1, 68, 68, 68, 68.0, 0.0, 4624.0
75, 3900, 3, 328, 87, 150, 109.33333333333333, 829.5555555555555, 12783.333333333334, 3, 156, 196, 1623942, 91, 26994, 8285.418367346938, 40350395.529050395, 108998553.05102041, 78, 4056, 199, 1624270, 87, 26994, 8162.160804020101, 40547796.22320782, 107355551.49748744
4, 208, 2, 241, 91, 150, 120.5, 870.25, 15390.5, 5, 260, 9, 65970, 91, 19904, 7330.0, 48406780.666666664, 102135680.66666667, 9, 468, 11, 66211, 91, 19904, 6019.181818181818, 48244109.74750001, 83568355.18181819
0, 0, 0, 0, 0, 0, 0, 0, 0, 0, 0, 0, 0, 0, 0, 0, 0, 0, 0, 0, 0, 0, 0, 0, 0, 0, 0
0, 0, 0, 0, 0, 0, 0, 0, 0, 0, 0, 0, 0, 0, 0, 0, 0, 0, 0, 0, 0, 0, 0, 0, 0, 0, 0
0, 0, 1, 68, 68, 68, 68.0, 0.0, 4624.0, 0, 0, 0, 0, 0, 0, 0, 0, 0, 0, 0, 1, 68, 68, 68, 68.0, 0.0, 4624.0
0, 0, 0, 0, 0, 0, 0, 0, 0, 0, 0, 0, 0, 0, 0, 0, 0, 0, 0, 0, 0, 0, 0, 0, 0, 0, 0
0, 0, 0, 0, 0, 0, 0, 0, 0, 0, 0, 0, 0, 0, 0, 0, 0, 0, 0, 0, 0, 0, 0, 0, 0, 0, 0
0, 0, 0, 0, 0, 0, 0, 0, 0, 0, 0, 0, 0, 0, 0, 0, 0, 0, 0, 0, 0, 0, 0, 0, 0, 0, 0
0, 0, 0, 0, 0, 0, 0, 0, 0, 0, 0, 0, 0, 0, 0, 0, 0, 0, 0, 0, 0, 0, 0, 0, 0, 0, 0
0, 0, 0, 0, 0, 0, 0, 0, 0, 0, 0, 0, 0, 0, 0, 0, 0, 0, 0, 0, 0, 0, 0, 0, 0, 0, 0
0, 0, 0, 0, 0, 0, 0, 0, 0, 0, 0, 0, 0, 0, 0, 0, 0, 0, 0, 0, 0, 0, 0, 0, 0, 0, 0
58, 3040, 4, 385, 72, 150, 96.25, 1023.1875, 10287.25, 2, 104, 188, 1633982, 91, 25576, 8691.393617021276, 46624364.0471933, 122164687.05319148, 60, 3144, 192, 1634367, 72, 25576, 8512.328125, 46903053.580186985, 119619803.72395833
1, 52, 2, 241, 91, 150, 120.5, 870.25, 15390.5, 2, 104, 8, 65874, 91, 16458, 8234.25, 38850032.1875, 106652905.25, 3, 156, 10, 66115, 91, 16458, 6611.5, 41035477.31172839, 85325402.3
0, 0, 0, 0, 0, 0, 0, 0, 0, 0, 0, 0, 0, 0, 0, 0, 0, 0, 0, 0, 0, 0, 0, 0, 0, 0, 0
0, 0, 0, 0, 0, 0, 0, 0, 0, 0, 0, 0, 0, 0, 0, 0, 0, 0, 0, 0, 0, 0, 0, 0, 0, 0, 0
2, 104, 0, 0, 0, 0, 0, 0, 0, 1, 52, 1, 83, 83, 83, 83.0, 0.0, 6889.0, 3, 156, 1, 83, 83, 83, 83.0, 0.0, 6889.0
3, 156, 2, 729, 91, 638, 364.5, 74802.25, 207662.5, 1, 52, 4, 798, 83, 331, 199.5, 12844.75, 52645.0, 4, 208, 6, 1527, 83, 638, 254.5, 29592.25, 104317.5
0, 0, 0, 0, 0, 0, 0, 0, 0, 0, 0, 0, 0, 0, 0, 0, 0, 0, 0, 0, 0, 0, 0, 0, 0, 0, 0
0, 0, 0, 0, 0, 0, 0, 0, 0, 0, 0, 0, 0, 0, 0, 0, 0, 0, 0, 0, 0, 0, 0, 0, 0, 0, 0
1, 52, 0, 0, 0, 0, 0, 0, 0, 0, 0, 1, 83, 83, 83, 83.0, 0.0, 6889.0, 1, 52, 1, 83, 83, 83, 83.0, 0.0, 6889.0
0, 0, 0, 0, 0, 0, 0, 0, 0, 0, 0, 0, 0, 0, 0, 0, 0, 0, 0, 0, 0, 0, 0, 0, 0, 0, 0
0, 0, 0, 0, 0, 0, 0, 0, 0, 0, 0, 0, 0, 0, 0, 0, 0, 0, 0, 0, 0, 0, 0, 0, 0, 0, 0
0, 0, 0, 0, 0, 0, 0, 0, 0, 0, 0, 0, 0, 0, 0, 0, 0, 0, 0, 0, 0, 0, 0, 0, 0, 0, 0
92, 4808, 18, 1562, 72, 150, 86.77777777777777, 529.7283950617284, 8060.111111111111, 4, 208, 221, 1741459, 91, 22740, 7879.904977375566, 35984915.352961645, 98077817.80542986, 96, 5016, 239, 1743021, 72, 22740, 7292.9748953974895, 36860339.2415879, 90691810.94979079
2, 104, 2, 1321, 91, 1230, 660.5, 324330.25, 760590.5, 1, 52, 2, 437, 91, 346, 218.5, 16256.25, 63998.5, 3, 156, 4, 1758, 91, 1230, 439.5, 162361.8055555556, 412294.5
0, 0, 0, 0, 0, 0, 0, 0, 0, 0, 0, 0, 0, 0, 0, 0, 0, 0, 0, 0, 0, 0, 0, 0, 0, 0, 0
1, 40, 0, 0, 0, 0, 0, 0, 0, 1, 40, 0, 0, 0, 0, 0, 0, 0, 2, 80, 0, 0, 0, 0, 0, 0, 0
0, 0, 0, 0, 0, 0, 0, 0, 0, 0, 0, 0, 0, 0, 0, 0, 0, 0, 0, 0, 0, 0, 0, 0, 0, 0, 0
0, 0, 0, 0, 0, 0, 0, 0, 0, 0, 0, 0, 0, 0, 0, 0, 0, 0, 0, 0, 0, 0, 0, 0, 0, 0, 0
0, 0, 0, 0, 0, 0, 0, 0, 0, 0, 0, 0, 0, 0, 0, 0, 0, 0, 0, 0, 0, 0, 0, 0, 0, 0, 0
0, 0, 0, 0, 0, 0, 0, 0, 0, 0, 0, 0, 0, 0, 0, 0, 0, 0, 0, 0, 0, 0, 0, 0, 0, 0, 0
0, 0, 0, 0, 0, 0, 0, 0, 0, 0, 0, 0, 0, 0, 0, 0, 0, 0, 0, 0, 0, 0, 0, 0, 0, 0, 0
5, 268, 0, 0, 0, 0, 0, 0, 0, 0, 0, 0, 0, 0, 0, 0, 0, 0, 5, 268, 0, 0, 0, 0, 0, 0, 0
7, 372, 6, 2771, 91, 698, 461.8333333333333, 61233.805555555555, 274523.8333333333, 5, 276, 17, 68420, 91, 14868, 4024.705882352941, 12673424.678200692, 28871682.11764706, 12, 648, 23, 71191, 91, 14868, 3095.2608695652175, 12400088.799375001, 21411553.86956522
34, 1768, 5, 1378, 91, 781, 275.6, 64866.64, 140822.0, 2, 104, 152, 1181994, 91, 22740, 7776.276315789473, 34800898.37101801, 95271371.71052632, 36, 1872, 157, 1183372, 91, 22740, 7537.401273885351, 35134454.27921786, 92241736.36942676
2, 104, 0, 0, 0, 0, 0, 0, 0, 0, 0, 2, 404, 103, 301, 202.0, 9801.0, 50605.0, 2, 104, 2, 404, 103, 301, 202.0, 9801.0, 50605.0
0, 0, 0, 0, 0, 0, 0, 0, 0, 0, 0, 0, 0, 0, 0, 0, 0, 0, 0, 0, 0, 0, 0, 0, 0, 0, 0
0, 0, 0, 0, 0, 0, 0, 0, 0, 0, 0, 0, 0, 0, 0, 0, 0, 0, 0, 0, 0, 0, 0, 0, 0, 0, 0
0, 0, 0, 0, 0, 0, 0, 0, 0, 0, 0, 0, 0, 0, 0, 0, 0, 0, 0, 0, 0, 0, 0, 0, 0, 0, 0
0, 0, 0, 0, 0, 0, 0, 0, 0, 0, 0, 0, 0, 0, 0, 0, 0, 0, 0, 0, 0, 0, 0, 0, 0, 0, 0
0, 0, 0, 0, 0, 0, 0, 0, 0, 0, 0, 0, 0, 0, 0, 0, 0, 0, 0, 0, 0, 0, 0, 0, 0, 0, 0
0, 0, 0, 0, 0, 0, 0, 0, 0, 0, 0, 0, 0, 0, 0, 0, 0, 0, 0, 0, 0, 0, 0, 0, 0, 0, 0
2, 104, 0, 0, 0, 0, 0, 0, 0, 1, 52, 1, 83, 83, 83, 83.0, 0.0, 6889.0, 3, 156, 1, 83, 83, 83, 83.0, 0.0, 6889.0
0, 0, 0, 0, 0, 0, 0, 0, 0, 0, 0, 0, 0, 0, 0, 0, 0, 0, 0, 0, 0, 0, 0, 0, 0, 0, 0
2, 104, 2, 241, 91, 150, 120.5, 870.25, 15390.5, 2, 104, 12, 66837, 91, 11396, 5569.75, 13609430.1875, 44631545.25, 4, 208, 14, 67078, 91, 11396, 4791.285714285715, 14671090.705621302, 38257808.85714286
51, 2652, 2, 241, 91, 150, 120.5, 870.25, 15390.5, 2, 104, 143, 1323111, 91, 24158, 9252.524475524475, 35886844.710939415, 121496053.88111888, 53, 2756, 145, 1323352, 91, 24158, 9126.565517241379, 36212738.96410832, 119820458.52413793
0, 0, 0, 0, 0, 0, 0, 0, 0, 0, 0, 0, 0, 0, 0, 0, 0, 0, 0, 0, 0, 0, 0, 0, 0, 0, 0
0, 0, 0, 0, 0, 0, 0, 0, 0, 0, 0, 0, 0, 0, 0, 0, 0, 0, 0, 0, 0, 0, 0, 0, 0, 0, 0
0, 0, 0, 0, 0, 0, 0, 0, 0, 0, 0, 0, 0, 0, 0, 0, 0, 0, 0, 0, 0, 0, 0, 0, 0, 0, 0
0, 0, 0, 0, 0, 0, 0, 0, 0, 0, 0, 0, 0, 0, 0, 0, 0, 0, 0, 0, 0, 0, 0, 0, 0, 0, 0
0, 0, 0, 0, 0, 0, 0, 0, 0, 0, 0, 0, 0, 0, 0, 0, 0, 0, 0, 0, 0, 0, 0, 0, 0, 0, 0
0, 0, 0, 0, 0, 0, 0, 0, 0, 0, 0, 0, 0, 0, 0, 0, 0, 0, 0, 0, 0, 0, 0, 0, 0, 0, 0
1, 52, 0, 0, 0, 0, 0, 0, 0, 2, 104, 1, 91, 91, 91, 91.0, 0.0, 8281.0, 3, 156, 1, 91, 91, 91, 91.0, 0.0, 8281.0
0, 0, 0, 0, 0, 0, 0, 0, 0, 0, 0, 0, 0, 0, 0, 0, 0, 0, 0, 0, 0, 0, 0, 0, 0, 0, 0
0, 0, 0, 0, 0, 0, 0, 0, 0, 0, 0, 0, 0, 0, 0, 0, 0, 0, 0, 0, 0, 0, 0, 0, 0, 0, 0
0, 0, 0, 0, 0, 0, 0, 0, 0, 0, 0, 0, 0, 0, 0, 0, 0, 0, 0, 0, 0, 0, 0, 0, 0, 0, 0
2, 104, 2, 241, 91, 150, 120.5, 870.25, 15390.5, 2, 104, 15, 67209, 91, 10678, 4480.6, 12721288.506666666, 32797064.866666667, 4, 208, 17, 67450, 91, 10678, 3967.6470588235293, 13040157.209960938, 28940397.29411765
58, 3016, 4, 523, 87, 195, 130.75, 1998.1875, 19093.75, 4, 208, 192, 1460383, 83, 18486, 7606.161458333333, 35347758.68747287, 93201450.81770833, 62, 3224, 196, 1460906, 83, 18486, 7453.602040816327, 35553531.00894755, 91299770.06122449
1, 52, 0, 0, 0, 0, 0, 0, 0, 1, 52, 0, 0, 0, 0, 0, 0, 0, 2, 104, 0, 0, 0, 0, 0, 0, 0
0, 0, 1, 195, 195, 195, 195.0, 0.0, 38025.0, 0, 0, 0, 0, 0, 0, 0, 0, 0, 0, 0, 1, 195, 195, 195, 195.0, 0.0, 38025.0
0, 0, 0, 0, 0, 0, 0, 0, 0, 0, 0, 0, 0, 0, 0, 0, 0, 0, 0, 0, 0, 0, 0, 0, 0, 0, 0
0, 0, 0, 0, 0, 0, 0, 0, 0, 0, 0, 0, 0, 0, 0, 0, 0, 0, 0, 0, 0, 0, 0, 0, 0, 0, 0
0, 0, 1, 195, 195, 195, 195.0, 0.0, 38025.0, 0, 0, 0, 0, 0, 0, 0, 0, 0, 0, 0, 1, 195, 195, 195, 195.0, 0.0, 38025.0
0, 0, 0, 0, 0, 0, 0, 0, 0, 0, 0, 0, 0, 0, 0, 0, 0, 0, 0, 0, 0, 0, 0, 0, 0, 0, 0
1, 52, 0, 0, 0, 0, 0, 0, 0, 1, 52, 0, 0, 0, 0, 0, 0, 0, 2, 104, 0, 0, 0, 0, 0, 0, 0
0, 0, 1, 195, 195, 195, 195.0, 0.0, 38025.0, 0, 0, 0, 0, 0, 0, 0, 0, 0, 0, 0, 1, 195, 195, 195, 195.0, 0.0, 38025.0
0, 0, 0, 0, 0, 0, 0, 0, 0, 0, 0, 0, 0, 0, 0, 0, 0, 0, 0, 0, 0, 0, 0, 0, 0, 0, 0
79, 4108, 4, 482, 91, 150, 120.5, 870.25, 15390.5, 4, 208, 175, 1400143, 91, 26994, 8000.817142857143, 36698251.612277545, 100711326.56571428, 83, 4316, 179, 1400625, 91, 26994, 7824.7206703910615, 36977351.37265792, 98461138.05027933
0, 0, 0, 0, 0, 0, 0, 0, 0, 0, 0, 0, 0, 0, 0, 0, 0, 0, 0, 0, 0, 0, 0, 0, 0, 0, 0
0, 0, 0, 0, 0, 0, 0, 0, 0, 0, 0, 0, 0, 0, 0, 0, 0, 0, 0, 0, 0, 0, 0, 0, 0, 0, 0
0, 0, 0, 0, 0, 0, 0, 0, 0, 0, 0, 0, 0, 0, 0, 0, 0, 0, 0, 0, 0, 0, 0, 0, 0, 0, 0
0, 0, 0, 0, 0, 0, 0, 0, 0, 0, 0, 0, 0, 0, 0, 0, 0, 0, 0, 0, 0, 0, 0, 0, 0, 0, 0
2, 104, 2, 729, 91, 638, 364.5, 74802.25, 207662.5, 1, 52, 2, 422, 91, 331, 211.0, 14400.0, 58921.0, 3, 156, 4, 1151, 91, 638, 287.75, 39770.13888888889, 133291.75
0, 0, 0, 0, 0, 0, 0, 0, 0, 0, 0, 0, 0, 0, 0, 0, 0, 0, 0, 0, 0, 0, 0, 0, 0, 0, 0
6, 328, 1, 569, 569, 569, 569.0, 0.0, 323761.0, 2, 112, 0, 0, 0, 0, 0, 0, 0, 8, 440, 1, 569, 569, 569, 569.0, 0.0, 323761.0
2, 104, 3, 1453, 103, 781, 484.3333333333333, 80198.22222222222, 314777.0, 1, 60, 1, 189, 189, 189, 189.0, 0.0, 35721.0, 3, 164, 4, 1642, 103, 781, 410.5, 69052.16, 245013.0
2, 104, 1, 103, 103, 103, 103.0, 0.0, 10609.0, 1, 52, 2, 490, 189, 301, 245.0, 3136.0, 63161.0, 3, 156, 3, 593, 103, 301, 197.66666666666666, 5735.039999999999, 45643.666666666664
0, 0, 0, 0, 0, 0, 0, 0, 0, 1, 52, 0, 0, 0, 0, 0, 0, 0, 1, 52, 0, 0, 0, 0, 0, 0, 0
53, 2756, 4, 482, 91, 150, 120.5, 870.25, 15390.5, 4, 208, 144, 1211445, 91, 22740, 8412.8125, 37359164.819010414, 108134578.97916667, 57, 2964, 148, 1211927, 91, 22740, 8188.695945945946, 37776455.239632204, 105212438.75
0, 0, 0, 0, 0, 0, 0, 0, 0, 0, 0, 0, 0, 0, 0, 0, 0, 0, 0, 0, 0, 0, 0, 0, 0, 0, 0
0, 0, 0, 0, 0, 0, 0, 0, 0, 0, 0, 0, 0, 0, 0, 0, 0, 0, 0, 0, 0, 0, 0, 0, 0, 0, 0
0, 0, 0, 0, 0, 0, 0, 0, 0, 0, 0, 0, 0, 0, 0, 0, 0, 0, 0, 0, 0, 0, 0, 0, 0, 0, 0
0, 0, 0, 0, 0, 0, 0, 0, 0, 0, 0, 0, 0, 0, 0, 0, 0, 0, 0, 0, 0, 0, 0, 0, 0, 0, 0
0, 0, 0, 0, 0, 0, 0, 0, 0, 0, 0, 0, 0, 0, 0, 0, 0, 0, 0, 0, 0, 0, 0, 0, 0, 0, 0
0, 0, 0, 0, 0, 0, 0, 0, 0, 0, 0, 0, 0, 0, 0, 0, 0, 0, 0, 0, 0, 0, 0, 0, 0, 0, 0
0, 0, 1, 195, 195, 195, 195.0, 0.0, 38025.0, 0, 0, 0, 0, 0, 0, 0, 0, 0, 0, 0, 1, 195, 195, 195, 195.0, 0.0, 38025.0
0, 0, 0, 0, 0, 0, 0, 0, 0, 0, 0, 0, 0, 0, 0, 0, 0, 0, 0, 0, 0, 0, 0, 0, 0, 0, 0
0, 0, 0, 0, 0, 0, 0, 0, 0, 0, 0, 0, 0, 0, 0, 0, 0, 0, 0, 0, 0, 0, 0, 0, 0, 0, 0
0, 0, 1, 195, 195, 195, 195.0, 0.0, 38025.0, 0, 0, 0, 0, 0, 0, 0, 0, 0, 0, 0, 1, 195, 195, 195, 195.0, 0.0, 38025.0
70, 3640, 4, 482, 91, 150, 120.5, 870.25, 15390.5, 3, 156, 171, 1362313, 91, 18486, 7966.74269005848, 29201515.419171706, 92670504.50877193, 73, 3796, 175, 1362795, 91, 18486, 7787.4, 29567424.80804571, 90552673.33142857
0, 0, 0, 0, 0, 0, 0, 0, 0, 0, 0, 0, 0, 0, 0, 0, 0, 0, 0, 0, 0, 0, 0, 0, 0, 0, 0
0, 0, 1, 195, 195, 195, 195.0, 0.0, 38025.0, 0, 0, 0, 0, 0, 0, 0, 0, 0, 0, 0, 1, 195, 195, 195, 195.0, 0.0, 38025.0
0, 0, 0, 0, 0, 0, 0, 0, 0, 0, 0, 0, 0, 0, 0, 0, 0, 0, 0, 0, 0, 0, 0, 0, 0, 0, 0
0, 0, 1, 195, 195, 195, 195.0, 0.0, 38025.0, 0, 0, 0, 0, 0, 0, 0, 0, 0, 0, 0, 1, 195, 195, 195, 195.0, 0.0, 38025.0
0, 0, 1, 195, 195, 195, 195.0, 0.0, 38025.0, 0, 0, 0, 0, 0, 0, 0, 0, 0, 0, 0, 1, 195, 195, 195, 195.0, 0.0, 38025.0
0, 0, 0, 0, 0, 0, 0, 0, 0, 0, 0, 0, 0, 0, 0, 0, 0, 0, 0, 0, 0, 0, 0, 0, 0, 0, 0
0, 0, 1, 195, 195, 195, 195.0, 0.0, 38025.0, 0, 0, 0, 0, 0, 0, 0, 0, 0, 0, 0, 1, 195, 195, 195, 195.0, 0.0, 38025.0
0, 0, 0, 0, 0, 0, 0, 0, 0, 0, 0, 0, 0, 0, 0, 0, 0, 0, 0, 0, 0, 0, 0, 0, 0, 0, 0
4, 208, 0, 0, 0, 0, 0, 0, 0, 3, 156, 1, 83, 83, 83, 83.0, 0.0, 6889.0, 7, 364, 1, 83, 83, 83, 83.0, 0.0, 6889.0
1, 52, 1, 195, 195, 195, 195.0, 0.0, 38025.0, 1, 52, 2, 376, 83, 293, 188.0, 11025.0, 46369.0, 2, 104, 3, 571, 83, 293, 190.33333333333334, 8827.84, 43587.666666666664
0, 0, 1, 150, 150, 150, 150.0, 0.0, 22500.0, 0, 0, 0, 0, 0, 0, 0, 0, 0, 0, 0, 1, 150, 150, 150, 150.0, 0.0, 22500.0
31, 1612, 4, 527, 91, 195, 131.75, 1913.6875, 19271.75, 4, 208, 174, 1175397, 91, 18486, 6755.1551724137935, 25449565.981668647, 71081687.38505746, 35, 1820, 178, 1175924, 91, 18486, 6606.314606741573, 25653240.14965618, 69484779.16853933
0, 0, 0, 0, 0, 0, 0, 0, 0, 0, 0, 0, 0, 0, 0, 0, 0, 0, 0, 0, 0, 0, 0, 0, 0, 0, 0
0, 0, 0, 0, 0, 0, 0, 0, 0, 0, 0, 0, 0, 0, 0, 0, 0, 0, 0, 0, 0, 0, 0, 0, 0, 0, 0
8, 416, 0, 0, 0, 0, 0, 0, 0, 8, 416, 0, 0, 0, 0, 0, 0, 0, 16, 832, 0, 0, 0, 0, 0, 0, 0
0, 0, 0, 0, 0, 0, 0, 0, 0, 0, 0, 0, 0, 0, 0, 0, 0, 0, 0, 0, 0, 0, 0, 0, 0, 0, 0
0, 0, 0, 0, 0, 0, 0, 0, 0, 0, 0, 0, 0, 0, 0, 0, 0, 0, 0, 0, 0, 0, 0, 0, 0, 0, 0
0, 0, 0, 0, 0, 0, 0, 0, 0, 0, 0, 0, 0, 0, 0, 0, 0, 0, 0, 0, 0, 0, 0, 0, 0, 0, 0
0, 0, 0, 0, 0, 0, 0, 0, 0, 0, 0, 0, 0, 0, 0, 0, 0, 0, 0, 0, 0, 0, 0, 0, 0, 0, 0
0, 0, 0, 0, 0, 0, 0, 0, 0, 0, 0, 0, 0, 0, 0, 0, 0, 0, 0, 0, 0, 0, 0, 0, 0, 0, 0
0, 0, 0, 0, 0, 0, 0, 0, 0, 0, 0, 0, 0, 0, 0, 0, 0, 0, 0, 0, 0, 0, 0, 0, 0, 0, 0
0, 0, 1, 195, 195, 195, 195.0, 0.0, 38025.0, 0, 0, 0, 0, 0, 0, 0, 0, 0, 0, 0, 1, 195, 195, 195, 195.0, 0.0, 38025.0
49, 2548, 4, 482, 91, 150, 120.5, 870.25, 15390.5, 4, 208, 148, 1142264, 91, 22740, 7718.0, 39444739.2972973, 99012263.2972973, 53, 2756, 152, 1142746, 91, 22740, 7518.065789473684, 39678186.10333333, 96407082.43421052
0, 0, 1, 195, 195, 195, 195.0, 0.0, 38025.0, 0, 0, 0, 0, 0, 0, 0, 0, 0, 0, 0, 1, 195, 195, 195, 195.0, 0.0, 38025.0
0, 0, 0, 0, 0, 0, 0, 0, 0, 0, 0, 0, 0, 0, 0, 0, 0, 0, 0, 0, 0, 0, 0, 0, 0, 0, 0
3, 164, 0, 0, 0, 0, 0, 0, 0, 0, 0, 0, 0, 0, 0, 0, 0, 0, 3, 164, 0, 0, 0, 0, 0, 0, 0
2, 112, 2, 764, 195, 569, 382.0, 34969.0, 180893.0, 2, 112, 0, 0, 0, 0, 0, 0, 0, 4, 224, 2, 764, 195, 569, 382.0, 34969.0, 180893.0
2, 104, 3, 1453, 103, 781, 484.3333333333333, 80198.22222222222, 314777.0, 1, 60, 1, 189, 189, 189, 189.0, 0.0, 35721.0, 3, 164, 4, 1642, 103, 781, 410.5, 69052.16, 245013.0
2, 104, 1, 103, 103, 103, 103.0, 0.0, 10609.0, 2, 104, 2, 490, 189, 301, 245.0, 3136.0, 63161.0, 4, 208, 3, 593, 103, 301, 197.66666666666666, 5735.039999999999, 45643.666666666664
0, 0, 1, 195, 195, 195, 195.0, 0.0, 38025.0, 0, 0, 0, 0, 0, 0, 0, 0, 0, 0, 0, 1, 195, 195, 195, 195.0, 0.0, 38025.0
0, 0, 0, 0, 0, 0, 0, 0, 0, 0, 0, 0, 0, 0, 0, 0, 0, 0, 0, 0, 0, 0, 0, 0, 0, 0, 0
0, 0, 1, 195, 195, 195, 195.0, 0.0, 38025.0, 0, 0, 0, 0, 0, 0, 0, 0, 0, 0, 0, 1, 195, 195, 195, 195.0, 0.0, 38025.0
0, 0, 0, 0, 0, 0, 0, 0, 0, 0, 0, 0, 0, 0, 0, 0, 0, 0, 0, 0, 0, 0, 0, 0, 0, 0, 0
53, 2756, 4, 482, 91, 150, 120.5, 870.25, 15390.5, 4, 208, 161, 1169936, 91, 21322, 7266.683229813664, 25014278.65120944, 77818963.8136646, 57, 2964, 165, 1170418, 91, 21322, 7093.442424242424, 25326277.74233129, 75932816.58181818
0, 0, 1, 195, 195, 195, 195.0, 0.0, 38025.0, 0, 0, 0, 0, 0, 0, 0, 0, 0, 0, 0, 1, 195, 195, 195, 195.0, 0.0, 38025.0
0, 0, 0, 0, 0, 0, 0, 0, 0, 0, 0, 0, 0, 0, 0, 0, 0, 0, 0, 0, 0, 0, 0, 0, 0, 0, 0
3, 156, 0, 0, 0, 0, 0, 0, 0, 0, 0, 0, 0, 0, 0, 0, 0, 0, 3, 156, 0, 0, 0, 0, 0, 0, 0
0, 0, 4, 1124, 91, 638, 281.0, 44376.5, 123337.5, 3, 156, 0, 0, 0, 0, 0, 0, 0, 3, 156, 4, 1124, 91, 638, 281.0, 44376.5, 123337.5
2, 104, 0, 0, 0, 0, 0, 0, 0, 1, 52, 2, 422, 91, 331, 211.0, 14400.0, 58921.0, 3, 156, 2, 422, 91, 331, 211.0, 14400.0, 58921.0
0, 0, 0, 0, 0, 0, 0, 0, 0, 0, 0, 0, 0, 0, 0, 0, 0, 0, 0, 0, 0, 0, 0, 0, 0, 0, 0
0, 0, 2, 395, 195, 200, 197.5, 6.25, 39012.5, 0, 0, 0, 0, 0, 0, 0, 0, 0, 0, 0, 2, 395, 195, 200, 197.5, 6.25, 39012.5
0, 0, 0, 0, 0, 0, 0, 0, 0, 0, 0, 0, 0, 0, 0, 0, 0, 0, 0, 0, 0, 0, 0, 0, 0, 0, 0
0, 0, 0, 0, 0, 0, 0, 0, 0, 0, 0, 0, 0, 0, 0, 0, 0, 0, 0, 0, 0, 0, 0, 0, 0, 0, 0
49, 2548, 5, 723, 87, 200, 144.6, 2365.84, 23275.0, 3, 156, 150, 1177406, 91, 18486, 7849.373333333333, 28605614.580622222, 90218276.30666667, 52, 2704, 155, 1178129, 87, 18486, 7600.832258064516, 29093927.871109914, 87308760.13548388
1, 52, 2, 241, 91, 150, 120.5, 870.25, 15390.5, 2, 104, 8, 65911, 91, 18150, 8238.875, 45612697.859375, 113491759.125, 3, 156, 10, 66152, 91, 18150, 6615.2, 47054150.36111111, 90796485.4
0, 0, 0, 0, 0, 0, 0, 0, 0, 0, 0, 0, 0, 0, 0, 0, 0, 0, 0, 0, 0, 0, 0, 0, 0, 0, 0
0, 0, 2, 395, 195, 200, 197.5, 6.25, 39012.5, 0, 0, 0, 0, 0, 0, 0, 0, 0, 0, 0, 2, 395, 195, 200, 197.5, 6.25, 39012.5
0, 0, 0, 0, 0, 0, 0, 0, 0, 0, 0, 0, 0, 0, 0, 0, 0, 0, 0, 0, 0, 0, 0, 0, 0, 0, 0
0, 0, 1, 195, 195, 195, 195.0, 0.0, 38025.0, 0, 0, 0, 0, 0, 0, 0, 0, 0, 0, 0, 1, 195, 195, 195, 195.0, 0.0, 38025.0
0, 0, 0, 0, 0, 0, 0, 0, 0, 0, 0, 0, 0, 0, 0, 0, 0, 0, 0, 0, 0, 0, 0, 0, 0, 0, 0
2, 104, 0, 0, 0, 0, 0, 0, 0, 1, 52, 1, 83, 83, 83, 83.0, 0.0, 6889.0, 3, 156, 1, 83, 83, 83, 83.0, 0.0, 6889.0
1, 52, 1, 195, 195, 195, 195.0, 0.0, 38025.0, 0, 0, 2, 376, 83, 293, 188.0, 11025.0, 46369.0, 1, 52, 3, 571, 83, 293, 190.33333333333334, 8827.84, 43587.666666666664
0, 0, 0, 0, 0, 0, 0, 0, 0, 0, 0, 0, 0, 0, 0, 0, 0, 0, 0, 0, 0, 0, 0, 0, 0, 0, 0
0, 0, 0, 0, 0, 0, 0, 0, 0, 0, 0, 0, 0, 0, 0, 0, 0, 0, 0, 0, 0, 0, 0, 0, 0, 0, 0
0, 0, 1, 150, 150, 150, 150.0, 0.0, 22500.0, 1, 52, 0, 0, 0, 0, 0, 0, 0, 1, 52, 1, 150, 150, 150, 150.0, 0.0, 22500.0
39, 2028, 3, 332, 91, 150, 110.66666666666667, 773.5555555555555, 13020.666666666666, 2, 104, 154, 1256388, 91, 22740, 8158.363636363636, 36805010.73789846, 103363907.96103896, 41, 2132, 157, 1256720, 91, 22740, 8004.585987261146, 37068706.324272916, 101389050.24203822
0, 0, 0, 0, 0, 0, 0, 0, 0, 1, 52, 0, 0, 0, 0, 0, 0, 0, 1, 52, 0, 0, 0, 0, 0, 0, 0
0, 0, 0, 0, 0, 0, 0, 0, 0, 0, 0, 0, 0, 0, 0, 0, 0, 0, 0, 0, 0, 0, 0, 0, 0, 0, 0
0, 0, 0, 0, 0, 0, 0, 0, 0, 0, 0, 0, 0, 0, 0, 0, 0, 0, 0, 0, 0, 0, 0, 0, 0, 0, 0
1, 52, 0, 0, 0, 0, 0, 0, 0, 1, 52, 0, 0, 0, 0, 0, 0, 0, 2, 104, 0, 0, 0, 0, 0, 0, 0
0, 0, 0, 0, 0, 0, 0, 0, 0, 0, 0, 0, 0, 0, 0, 0, 0, 0, 0, 0, 0, 0, 0, 0, 0, 0, 0
0, 0, 0, 0, 0, 0, 0, 0, 0, 0, 0, 0, 0, 0, 0, 0, 0, 0, 0, 0, 0, 0, 0, 0, 0, 0, 0
0, 0, 0, 0, 0, 0, 0, 0, 0, 0, 0, 0, 0, 0, 0, 0, 0, 0, 0, 0, 0, 0, 0, 0, 0, 0, 0
0, 0, 0, 0, 0, 0, 0, 0, 0, 0, 0, 0, 0, 0, 0, 0, 0, 0, 0, 0, 0, 0, 0, 0, 0, 0, 0
0, 0, 0, 0, 0, 0, 0, 0, 0, 0, 0, 0, 0, 0, 0, 0, 0, 0, 0, 0, 0, 0, 0, 0, 0, 0, 0
2, 104, 2, 241, 91, 150, 120.5, 870.25, 15390.5, 2, 104, 20, 67637, 91, 11396, 3381.85, 9306462.427499998, 20743371.85, 4, 208, 22, 67878, 91, 11396, 3085.3636363636365, 9345715.581065759, 18859009.90909091
25, 1300, 2, 241, 91, 150, 120.5, 870.25, 15390.5, 2, 104, 89, 671941, 91, 18486, 7549.898876404494, 27497823.12460548, 84498796.16853933, 27, 1404, 91, 672182, 91, 18486, 7386.615384615385, 27798775.638611116, 82642018.02197802
3, 164, 0, 0, 0, 0, 0, 0, 0, 0, 0, 0, 0, 0, 0, 0, 0, 0, 3, 164, 0, 0, 0, 0, 0, 0, 0
3, 164, 2, 1138, 569, 569, 569.0, 0.0, 323761.0, 3, 172, 0, 0, 0, 0, 0, 0, 0, 6, 336, 2, 1138, 569, 569, 569.0, 0.0, 323761.0
3, 156, 3, 988, 103, 782, 329.3333333333333, 102453.55555555555, 210914.0, 1, 52, 3, 679, 189, 301, 226.33333333333334, 2787.555555555555, 54014.333333333336, 4, 208, 6, 1667, 103, 782, 277.8333333333333, 38367.1111111111, 132464.16666666666
0, 0, 0, 0, 0, 0, 0, 0, 0, 1, 52, 0, 0, 0, 0, 0, 0, 0, 1, 52, 0, 0, 0, 0, 0, 0, 0
0, 0, 0, 0, 0, 0, 0, 0, 0, 0, 0, 0, 0, 0, 0, 0, 0, 0, 0, 0, 0, 0, 0, 0, 0, 0, 0
0, 0, 0, 0, 0, 0, 0, 0, 0, 0, 0, 0, 0, 0, 0, 0, 0, 0, 0, 0, 0, 0, 0, 0, 0, 0, 0
0, 0, 0, 0, 0, 0, 0, 0, 0, 0, 0, 0, 0, 0, 0, 0, 0, 0, 0, 0, 0, 0, 0, 0, 0, 0, 0
0, 0, 0, 0, 0, 0, 0, 0, 0, 0, 0, 0, 0, 0, 0, 0, 0, 0, 0, 0, 0, 0, 0, 0, 0, 0, 0
0, 0, 0, 0, 0, 0, 0, 0, 0, 0, 0, 0, 0, 0, 0, 0, 0, 0, 0, 0, 0, 0, 0, 0, 0, 0, 0
0, 0, 0, 0, 0, 0, 0, 0, 0, 0, 0, 0, 0, 0, 0, 0, 0, 0, 0, 0, 0, 0, 0, 0, 0, 0, 0
48, 2496, 4, 482, 91, 150, 120.5, 870.25, 15390.5, 4, 208, 137, 894607, 91, 21322, 6529.978102189781, 18643038.941126324, 61283652.95620438, 52, 2704, 141, 895089, 91, 21322, 6348.148936170212, 18957400.68837017, 59545546.219858155
0, 0, 0, 0, 0, 0, 0, 0, 0, 0, 0, 0, 0, 0, 0, 0, 0, 0, 0, 0, 0, 0, 0, 0, 0, 0, 0
0, 0, 0, 0, 0, 0, 0, 0, 0, 0, 0, 0, 0, 0, 0, 0, 0, 0, 0, 0, 0, 0, 0, 0, 0, 0, 0
0, 0, 0, 0, 0, 0, 0, 0, 0, 0, 0, 0, 0, 0, 0, 0, 0, 0, 0, 0, 0, 0, 0, 0, 0, 0, 0
0, 0, 0, 0, 0, 0, 0, 0, 0, 0, 0, 0, 0, 0, 0, 0, 0, 0, 0, 0, 0, 0, 0, 0, 0, 0, 0
0, 0, 0, 0, 0, 0, 0, 0, 0, 0, 0, 0, 0, 0, 0, 0, 0, 0, 0, 0, 0, 0, 0, 0, 0, 0, 0
0, 0, 1, 195, 195, 195, 195.0, 0.0, 38025.0, 0, 0, 0, 0, 0, 0, 0, 0, 0, 0, 0, 1, 195, 195, 195, 195.0, 0.0, 38025.0
0, 0, 1, 68, 68, 68, 68.0, 0.0, 4624.0, 0, 0, 0, 0, 0, 0, 0, 0, 0, 0, 0, 1, 68, 68, 68, 68.0, 0.0, 4624.0
0, 0, 0, 0, 0, 0, 0, 0, 0, 0, 0, 0, 0, 0, 0, 0, 0, 0, 0, 0, 0, 0, 0, 0, 0, 0, 0
0, 0, 2, 263, 68, 195, 131.5, 4032.25, 21324.5, 0, 0, 0, 0, 0, 0, 0, 0, 0, 0, 0, 2, 263, 68, 195, 131.5, 4032.25, 21324.5
0, 0, 0, 0, 0, 0, 0, 0, 0, 0, 0, 0, 0, 0, 0, 0, 0, 0, 0, 0, 0, 0, 0, 0, 0, 0, 0
30, 1560, 4, 482, 91, 150, 120.5, 870.25, 15390.5, 3, 156, 173, 911503, 91, 19186, 5268.803468208092, 14620587.62611514, 42380877.612716764, 33, 1716, 177, 911985, 91, 19186, 5152.457627118644, 14752957.873110205, 41423465.47457627
0, 0, 1, 195, 195, 195, 195.0, 0.0, 38025.0, 1, 52, 0, 0, 0, 0, 0, 0, 0, 1, 52, 1, 195, 195, 195, 195.0, 0.0, 38025.0
0, 0, 0, 0, 0, 0, 0, 0, 0, 0, 0, 0, 0, 0, 0, 0, 0, 0, 0, 0, 0, 0, 0, 0, 0, 0, 0
0, 0, 0, 0, 0, 0, 0, 0, 0, 0, 0, 0, 0, 0, 0, 0, 0, 0, 0, 0, 0, 0, 0, 0, 0, 0, 0
3, 156, 2, 263, 68, 195, 131.5, 4032.25, 21324.5, 1, 52, 3, 459, 83, 293, 153.0, 9800.0, 33209.0, 4, 208, 5, 722, 68, 293, 144.4, 8444.734375, 28455.2
3, 156, 2, 729, 91, 638, 364.5, 74802.25, 207662.5, 2, 104, 2, 422, 91, 331, 211.0, 14400.0, 58921.0, 5, 260, 4, 1151, 91, 638, 287.75, 39770.13888888889, 133291.75
0, 0, 0, 0, 0, 0, 0, 0, 0, 0, 0, 0, 0, 0, 0, 0, 0, 0, 0, 0, 0, 0, 0, 0, 0, 0, 0
0, 0, 0, 0, 0, 0, 0, 0, 0, 0, 0, 0, 0, 0, 0, 0, 0, 0, 0, 0, 0, 0, 0, 0, 0, 0, 0
0, 0, 0, 0, 0, 0, 0, 0, 0, 0, 0, 0, 0, 0, 0, 0, 0, 0, 0, 0, 0, 0, 0, 0, 0, 0, 0
0, 0, 0, 0, 0, 0, 0, 0, 0, 0, 0, 0, 0, 0, 0, 0, 0, 0, 0, 0, 0, 0, 0, 0, 0, 0, 0
0, 0, 0, 0, 0, 0, 0, 0, 0, 0, 0, 0, 0, 0, 0, 0, 0, 0, 0, 0, 0, 0, 0, 0, 0, 0, 0
1, 52, 0, 0, 0, 0, 0, 0, 0, 1, 52, 0, 0, 0, 0, 0, 0, 0, 2, 104, 0, 0, 0, 0, 0, 0, 0
31, 1612, 2, 241, 91, 150, 120.5, 870.25, 15390.5, 4, 208, 126, 802649, 76, 19186, 6370.230158730159, 15242296.208931722, 55822128.484126985, 35, 1820, 128, 802890, 76, 19186, 6272.578125, 15427415.491738485, 54950148.203125
0, 0, 0, 0, 0, 0, 0, 0, 0, 0, 0, 0, 0, 0, 0, 0, 0, 0, 0, 0, 0, 0, 0, 0, 0, 0, 0
0, 0, 0, 0, 0, 0, 0, 0, 0, 0, 0, 0, 0, 0, 0, 0, 0, 0, 0, 0, 0, 0, 0, 0, 0, 0, 0
0, 0, 0, 0, 0, 0, 0, 0, 0, 0, 0, 0, 0, 0, 0, 0, 0, 0, 0, 0, 0, 0, 0, 0, 0, 0, 0
0, 0, 0, 0, 0, 0, 0, 0, 0, 0, 0, 0, 0, 0, 0, 0, 0, 0, 0, 0, 0, 0, 0, 0, 0, 0, 0
0, 0, 0, 0, 0, 0, 0, 0, 0, 0, 0, 0, 0, 0, 0, 0, 0, 0, 0, 0, 0, 0, 0, 0, 0, 0, 0
0, 0, 0, 0, 0, 0, 0, 0, 0, 0, 0, 0, 0, 0, 0, 0, 0, 0, 0, 0, 0, 0, 0, 0, 0, 0, 0
0, 0, 0, 0, 0, 0, 0, 0, 0, 0, 0, 0, 0, 0, 0, 0, 0, 0, 0, 0, 0, 0, 0, 0, 0, 0, 0
0, 0, 0, 0, 0, 0, 0, 0, 0, 0, 0, 0, 0, 0, 0, 0, 0, 0, 0, 0, 0, 0, 0, 0, 0, 0, 0
6, 328, 3, 1961, 569, 698, 653.6666666666666, 3586.8888888888887, 430867.0, 2, 112, 1, 291, 291, 291, 291.0, 0.0, 84681.0, 8, 440, 4, 2252, 291, 698, 563.0, 33718.64, 344320.5
3, 156, 3, 1455, 103, 783, 485.0, 80594.66666666667, 315819.6666666667, 1, 60, 2, 406, 189, 217, 203.0, 196.0, 41405.0, 4, 216, 5, 1861, 103, 783, 372.2, 54127.83673469388, 206053.8
20, 1048, 10, 4556, 72, 2948, 455.6, 716353.8400000001, 923925.2, 7, 372, 52, 271892, 91, 20604, 5228.692307692308, 22004107.90532544, 49343331.15384615, 27, 1420, 62, 276448, 72, 20604, 4458.8387096774195, 21959914.842105262, 41533749.548387095
0, 0, 0, 0, 0, 0, 0, 0, 0, 1, 52, 0, 0, 0, 0, 0, 0, 0, 1, 52, 0, 0, 0, 0, 0, 0, 0
0, 0, 0, 0, 0, 0, 0, 0, 0, 0, 0, 0, 0, 0, 0, 0, 0, 0, 0, 0, 0, 0, 0, 0, 0, 0, 0
0, 0, 0, 0, 0, 0, 0, 0, 0, 0, 0, 0, 0, 0, 0, 0, 0, 0, 0, 0, 0, 0, 0, 0, 0, 0, 0
0, 0, 0, 0, 0, 0, 0, 0, 0, 0, 0, 0, 0, 0, 0, 0, 0, 0, 0, 0, 0, 0, 0, 0, 0, 0, 0
0, 0, 0, 0, 0, 0, 0, 0, 0, 0, 0, 0, 0, 0, 0, 0, 0, 0, 0, 0, 0, 0, 0, 0, 0, 0, 0
0, 0, 0, 0, 0, 0, 0, 0, 0, 0, 0, 0, 0, 0, 0, 0, 0, 0, 0, 0, 0, 0, 0, 0, 0, 0, 0
0, 0, 1, 157, 157, 157, 157.0, 0.0, 24649.0, 0, 0, 0, 0, 0, 0, 0, 0, 0, 0, 0, 1, 157, 157, 157, 157.0, 0.0, 24649.0
1, 40, 1, 157, 157, 157, 157.0, 0.0, 24649.0, 0, 0, 0, 0, 0, 0, 0, 0, 0, 1, 40, 1, 157, 157, 157, 157.0, 0.0, 24649.0
0, 0, 1, 157, 157, 157, 157.0, 0.0, 24649.0, 0, 0, 0, 0, 0, 0, 0, 0, 0, 0, 0, 1, 157, 157, 157, 157.0, 0.0, 24649.0
1, 40, 0, 0, 0, 0, 0, 0, 0, 0, 0, 0, 0, 0, 0, 0, 0, 0, 1, 40, 0, 0, 0, 0, 0, 0, 0
21, 1092, 3, 398, 91, 157, 132.66666666666666, 876.2222222222223, 18476.666666666668, 2, 104, 100, 559994, 91, 14232, 5599.94, 11072151.536400001, 42431479.54, 23, 1196, 103, 560392, 91, 14232, 5440.699029126214, 11343748.516537651, 41196149.3592233
0, 0, 1, 172, 172, 172, 172.0, 0.0, 29584.0, 0, 0, 0, 0, 0, 0, 0, 0, 0, 0, 0, 1, 172, 172, 172, 172.0, 0.0, 29584.0
0, 0, 1, 172, 172, 172, 172.0, 0.0, 29584.0, 0, 0, 0, 0, 0, 0, 0, 0, 0, 0, 0, 1, 172, 172, 172, 172.0, 0.0, 29584.0
0, 0, 0, 0, 0, 0, 0, 0, 0, 0, 0, 0, 0, 0, 0, 0, 0, 0, 0, 0, 0, 0, 0, 0, 0, 0, 0
0, 0, 1, 172, 172, 172, 172.0, 0.0, 29584.0, 0, 0, 0, 0, 0, 0, 0, 0, 0, 0, 0, 1, 172, 172, 172, 172.0, 0.0, 29584.0
0, 0, 1, 172, 172, 172, 172.0, 0.0, 29584.0, 0, 0, 0, 0, 0, 0, 0, 0, 0, 0, 0, 1, 172, 172, 172, 172.0, 0.0, 29584.0
0, 0, 0, 0, 0, 0, 0, 0, 0, 0, 0, 0, 0, 0, 0, 0, 0, 0, 0, 0, 0, 0, 0, 0, 0, 0, 0
0, 0, 0, 0, 0, 0, 0, 0, 0, 0, 0, 0, 0, 0, 0, 0, 0, 0, 0, 0, 0, 0, 0, 0, 0, 0, 0
0, 0, 0, 0, 0, 0, 0, 0, 0, 0, 0, 0, 0, 0, 0, 0, 0, 0, 0, 0, 0, 0, 0, 0, 0, 0, 0
0, 0, 0, 0, 0, 0, 0, 0, 0, 0, 0, 0, 0, 0, 0, 0, 0, 0, 0, 0, 0, 0, 0, 0, 0, 0, 0
32, 1664, 2, 241, 91, 150, 120.5, 870.25, 15390.5, 2, 104, 122, 703926, 91, 17068, 5769.88524590164, 16723212.954044612, 50014788.704918034, 34, 1768, 124, 704167, 91, 17068, 5678.7661290322585, 16844625.432959877, 49208346.798387095
4, 208, 0, 0, 0, 0, 0, 0, 0, 3, 156, 1, 83, 83, 83, 83.0, 0.0, 6889.0, 7, 364, 1, 83, 83, 83, 83.0, 0.0, 6889.0
1, 52, 0, 0, 0, 0, 0, 0, 0, 1, 52, 2, 376, 83, 293, 188.0, 11025.0, 46369.0, 2, 104, 2, 376, 83, 293, 188.0, 11025.0, 46369.0
0, 0, 0, 0, 0, 0, 0, 0, 0, 0, 0, 0, 0, 0, 0, 0, 0, 0, 0, 0, 0, 0, 0, 0, 0, 0, 0
0, 0, 0, 0, 0, 0, 0, 0, 0, 0, 0, 0, 0, 0, 0, 0, 0, 0, 0, 0, 0, 0, 0, 0, 0, 0, 0
0, 0, 0, 0, 0, 0, 0, 0, 0, 0, 0, 0, 0, 0, 0, 0, 0, 0, 0, 0, 0, 0, 0, 0, 0, 0, 0
0, 0, 0, 0, 0, 0, 0, 0, 0, 0, 0, 0, 0, 0, 0, 0, 0, 0, 0, 0, 0, 0, 0, 0, 0, 0, 0
8, 416, 0, 0, 0, 0, 0, 0, 0, 8, 416, 0, 0, 0, 0, 0, 0, 0, 16, 832, 0, 0, 0, 0, 0, 0, 0
0, 0, 0, 0, 0, 0, 0, 0, 0, 0, 0, 0, 0, 0, 0, 0, 0, 0, 0, 0, 0, 0, 0, 0, 0, 0, 0
0, 0, 0, 0, 0, 0, 0, 0, 0, 0, 0, 0, 0, 0, 0, 0, 0, 0, 0, 0, 0, 0, 0, 0, 0, 0, 0
0, 0, 0, 0, 0, 0, 0, 0, 0, 0, 0, 0, 0, 0, 0, 0, 0, 0, 0, 0, 0, 0, 0, 0, 0, 0, 0
42, 2184, 2, 241, 91, 150, 120.5, 870.25, 15390.5, 2, 104, 131, 758206, 91, 17068, 5787.832061068702, 18310958.33820873, 51809958.30534351, 44, 2288, 133, 758447, 91, 17068, 5702.609022556391, 18413725.319085743, 51031092.624060154
0, 0, 0, 0, 0, 0, 0, 0, 0, 0, 0, 0, 0, 0, 0, 0, 0, 0, 0, 0, 0, 0, 0, 0, 0, 0, 0
0, 0, 0, 0, 0, 0, 0, 0, 0, 0, 0, 0, 0, 0, 0, 0, 0, 0, 0, 0, 0, 0, 0, 0, 0, 0, 0
0, 0, 0, 0, 0, 0, 0, 0, 0, 0, 0, 0, 0, 0, 0, 0, 0, 0, 0, 0, 0, 0, 0, 0, 0, 0, 0
0, 0, 0, 0, 0, 0, 0, 0, 0, 0, 0, 0, 0, 0, 0, 0, 0, 0, 0, 0, 0, 0, 0, 0, 0, 0, 0
0, 0, 0, 0, 0, 0, 0, 0, 0, 0, 0, 0, 0, 0, 0, 0, 0, 0, 0, 0, 0, 0, 0, 0, 0, 0, 0
3, 144, 4, 1065, 91, 638, 266.25, 47054.1875, 117943.25, 1, 52, 2, 422, 91, 331, 211.0, 14400.0, 58921.0, 4, 196, 6, 1487, 91, 638, 247.83333333333334, 31490.234375, 98269.16666666667
3, 164, 1, 195, 195, 195, 195.0, 0.0, 38025.0, 0, 0, 0, 0, 0, 0, 0, 0, 0, 3, 164, 1, 195, 195, 195, 195.0, 0.0, 38025.0
3, 152, 1, 569, 569, 569, 569.0, 0.0, 323761.0, 2, 112, 0, 0, 0, 0, 0, 0, 0, 5, 264, 1, 569, 569, 569, 569.0, 0.0, 323761.0
2, 104, 4, 1648, 103, 781, 412.0, 75845.0, 245589.0, 1, 60, 1, 189, 189, 189, 189.0, 0.0, 35721.0, 3, 164, 5, 1837, 103, 781, 367.4, 61614.222222222226, 203615.4
2, 104, 2, 298, 103, 195, 149.0, 2116.0, 24317.0, 2, 104, 2, 490, 189, 301, 245.0, 3136.0, 63161.0, 4, 208, 4, 788, 103, 301, 197.0, 4844.0, 43739.0
0, 0, 0, 0, 0, 0, 0, 0, 0, 0, 0, 0, 0, 0, 0, 0, 0, 0, 0, 0, 0, 0, 0, 0, 0, 0, 0
48, 2496, 5, 718, 87, 195, 143.6, 2259.04, 22880.0, 3, 156, 159, 803185, 91, 17068, 5051.477987421384, 14290977.155175827, 39808407.012578614, 51, 2652, 164, 803903, 87, 17068, 4901.84756097561, 14436885.51932828, 38595433.62804878
0, 0, 0, 0, 0, 0, 0, 0, 0, 0, 0, 0, 0, 0, 0, 0, 0, 0, 0, 0, 0, 0, 0, 0, 0, 0, 0
0, 0, 0, 0, 0, 0, 0, 0, 0, 0, 0, 0, 0, 0, 0, 0, 0, 0, 0, 0, 0, 0, 0, 0, 0, 0, 0
0, 0, 2, 390, 195, 195, 195.0, 0.0, 38025.0, 0, 0, 0, 0, 0, 0, 0, 0, 0, 0, 0, 2, 390, 195, 195, 195.0, 0.0, 38025.0
0, 0, 0, 0, 0, 0, 0, 0, 0, 0, 0, 0, 0, 0, 0, 0, 0, 0, 0, 0, 0, 0, 0, 0, 0, 0, 0
0, 0, 0, 0, 0, 0, 0, 0, 0, 0, 0, 0, 0, 0, 0, 0, 0, 0, 0, 0, 0, 0, 0, 0, 0, 0, 0
0, 0, 1, 195, 195, 195, 195.0, 0.0, 38025.0, 0, 0, 0, 0, 0, 0, 0, 0, 0, 0, 0, 1, 195, 195, 195, 195.0, 0.0, 38025.0
3, 156, 0, 0, 0, 0, 0, 0, 0, 3, 156, 0, 0, 0, 0, 0, 0, 0, 6, 312, 0, 0, 0, 0, 0, 0, 0
0, 0, 0, 0, 0, 0, 0, 0, 0, 0, 0, 0, 0, 0, 0, 0, 0, 0, 0, 0, 0, 0, 0, 0, 0, 0, 0
0, 0, 0, 0, 0, 0, 0, 0, 0, 0, 0, 0, 0, 0, 0, 0, 0, 0, 0, 0, 0, 0, 0, 0, 0, 0, 0
0, 0, 0, 0, 0, 0, 0, 0, 0, 0, 0, 0, 0, 0, 0, 0, 0, 0, 0, 0, 0, 0, 0, 0, 0, 0, 0
20, 1040, 2, 241, 91, 150, 120.5, 870.25, 15390.5, 2, 104, 133, 784753, 91, 21322, 5900.398496240601, 17982800.35999774, 52797502.774436094, 22, 1144, 135, 784994, 91, 21322, 5814.77037037037, 18096054.008172758, 52015545.55555555
0, 0, 0, 0, 0, 0, 0, 0, 0, 0, 0, 0, 0, 0, 0, 0, 0, 0, 0, 0, 0, 0, 0, 0, 0, 0, 0
0, 0, 0, 0, 0, 0, 0, 0, 0, 0, 0, 0, 0, 0, 0, 0, 0, 0, 0, 0, 0, 0, 0, 0, 0, 0, 0
0, 0, 0, 0, 0, 0, 0, 0, 0, 0, 0, 0, 0, 0, 0, 0, 0, 0, 0, 0, 0, 0, 0, 0, 0, 0, 0
0, 0, 1, 195, 195, 195, 195.0, 0.0, 38025.0, 0, 0, 0, 0, 0, 0, 0, 0, 0, 0, 0, 1, 195, 195, 195, 195.0, 0.0, 38025.0
0, 0, 0, 0, 0, 0, 0, 0, 0, 0, 0, 0, 0, 0, 0, 0, 0, 0, 0, 0, 0, 0, 0, 0, 0, 0, 0
0, 0, 0, 0, 0, 0, 0, 0, 0, 0, 0, 0, 0, 0, 0, 0, 0, 0, 0, 0, 0, 0, 0, 0, 0, 0, 0
0, 0, 1, 195, 195, 195, 195.0, 0.0, 38025.0, 0, 0, 0, 0, 0, 0, 0, 0, 0, 0, 0, 1, 195, 195, 195, 195.0, 0.0, 38025.0
0, 0, 0, 0, 0, 0, 0, 0, 0, 0, 0, 0, 0, 0, 0, 0, 0, 0, 0, 0, 0, 0, 0, 0, 0, 0, 0
2, 104, 0, 0, 0, 0, 0, 0, 0, 1, 52, 1, 83, 83, 83, 83.0, 0.0, 6889.0, 3, 156, 1, 83, 83, 83, 83.0, 0.0, 6889.0
1, 52, 2, 395, 195, 200, 197.5, 6.25, 39012.5, 0, 0, 2, 376, 83, 293, 188.0, 11025.0, 46369.0, 1, 52, 4, 771, 83, 293, 192.75, 7372.13888888889, 42690.75
22, 1144, 4, 482, 91, 150, 120.5, 870.25, 15390.5, 4, 208, 118, 721725, 91, 22022, 6116.313559322034, 21792006.77456191, 59201298.33050848, 26, 1352, 122, 722207, 91, 22022, 5919.729508196721, 22017998.119722225, 57260776.76229508
0, 0, 0, 0, 0, 0, 0, 0, 0, 0, 0, 0, 0, 0, 0, 0, 0, 0, 0, 0, 0, 0, 0, 0, 0, 0, 0
0, 0, 2, 395, 195, 200, 197.5, 6.25, 39012.5, 0, 0, 0, 0, 0, 0, 0, 0, 0, 0, 0, 2, 395, 195, 200, 197.5, 6.25, 39012.5
0, 0, 0, 0, 0, 0, 0, 0, 0, 0, 0, 0, 0, 0, 0, 0, 0, 0, 0, 0, 0, 0, 0, 0, 0, 0, 0
0, 0, 1, 200, 200, 200, 200.0, 0.0, 40000.0, 0, 0, 0, 0, 0, 0, 0, 0, 0, 0, 0, 1, 200, 200, 200, 200.0, 0.0, 40000.0
0, 0, 0, 0, 0, 0, 0, 0, 0, 0, 0, 0, 0, 0, 0, 0, 0, 0, 0, 0, 0, 0, 0, 0, 0, 0, 0
0, 0, 0, 0, 0, 0, 0, 0, 0, 0, 0, 0, 0, 0, 0, 0, 0, 0, 0, 0, 0, 0, 0, 0, 0, 0, 0
0, 0, 2, 395, 195, 200, 197.5, 6.25, 39012.5, 0, 0, 0, 0, 0, 0, 0, 0, 0, 0, 0, 2, 395, 195, 200, 197.5, 6.25, 39012.5
0, 0, 0, 0, 0, 0, 0, 0, 0, 0, 0, 0, 0, 0, 0, 0, 0, 0, 0, 0, 0, 0, 0, 0, 0, 0, 0
0, 0, 0, 0, 0, 0, 0, 0, 0, 0, 0, 0, 0, 0, 0, 0, 0, 0, 0, 0, 0, 0, 0, 0, 0, 0, 0
0, 0, 1, 195, 195, 195, 195.0, 0.0, 38025.0, 0, 0, 0, 0, 0, 0, 0, 0, 0, 0, 0, 1, 195, 195, 195, 195.0, 0.0, 38025.0
23, 1196, 2, 241, 91, 150, 120.5, 870.25, 15390.5, 2, 104, 103, 659478, 91, 22740, 6402.699029126214, 24474862.365727216, 65469417.22330097, 25, 1300, 105, 659719, 91, 22740, 6283.038095238096, 24615367.668800853, 64222673.85714286
2, 104, 2, 241, 91, 150, 120.5, 870.25, 15390.5, 2, 104, 15, 67693, 91, 11396, 4512.866666666667, 11379089.848888887, 31745055.4, 4, 208, 17, 67934, 91, 11396, 3996.1176470588234, 11798393.600585938, 28012153.647058822
0, 0, 1, 195, 195, 195, 195.0, 0.0, 38025.0, 0, 0, 0, 0, 0, 0, 0, 0, 0, 0, 0, 1, 195, 195, 195, 195.0, 0.0, 38025.0
0, 0, 0, 0, 0, 0, 0, 0, 0, 0, 0, 0, 0, 0, 0, 0, 0, 0, 0, 0, 0, 0, 0, 0, 0, 0, 0
3, 164, 0, 0, 0, 0, 0, 0, 0, 0, 0, 0, 0, 0, 0, 0, 0, 0, 3, 164, 0, 0, 0, 0, 0, 0, 0
3, 164, 3, 1333, 195, 569, 444.3333333333333, 31083.55555555556, 228515.66666666666, 3, 172, 0, 0, 0, 0, 0, 0, 0, 6, 336, 3, 1333, 195, 569, 444.3333333333333, 31083.55555555556, 228515.66666666666
3, 156, 3, 988, 103, 782, 329.3333333333333, 102453.55555555555, 210914.0, 1, 52, 3, 679, 189, 301, 226.33333333333334, 2787.555555555555, 54014.333333333336, 4, 208, 6, 1667, 103, 782, 277.8333333333333, 38367.1111111111, 132464.16666666666
0, 0, 0, 0, 0, 0, 0, 0, 0, 1, 52, 0, 0, 0, 0, 0, 0, 0, 1, 52, 0, 0, 0, 0, 0, 0, 0
0, 0, 1, 195, 195, 195, 195.0, 0.0, 38025.0, 0, 0, 0, 0, 0, 0, 0, 0, 0, 0, 0, 1, 195, 195, 195, 195.0, 0.0, 38025.0
0, 0, 0, 0, 0, 0, 0, 0, 0, 0, 0, 0, 0, 0, 0, 0, 0, 0, 0, 0, 0, 0, 0, 0, 0, 0, 0
0, 0, 0, 0, 0, 0, 0, 0, 0, 0, 0, 0, 0, 0, 0, 0, 0, 0, 0, 0, 0, 0, 0, 0, 0, 0, 0
0, 0, 1, 195, 195, 195, 195.0, 0.0, 38025.0, 0, 0, 0, 0, 0, 0, 0, 0, 0, 0, 0, 1, 195, 195, 195, 195.0, 0.0, 38025.0
49, 2548, 4, 482, 91, 150, 120.5, 870.25, 15390.5, 4, 208, 162, 1222445, 91, 22740, 7545.956790123457, 36431623.49813291, 93373087.37654321, 53, 2756, 166, 1222927, 91, 22740, 7367.030120481928, 36651553.35023795, 91123504.31927711
0, 0, 0, 0, 0, 0, 0, 0, 0, 0, 0, 0, 0, 0, 0, 0, 0, 0, 0, 0, 0, 0, 0, 0, 0, 0, 0
0, 0, 1, 195, 195, 195, 195.0, 0.0, 38025.0, 0, 0, 0, 0, 0, 0, 0, 0, 0, 0, 0, 1, 195, 195, 195, 195.0, 0.0, 38025.0
0, 0, 0, 0, 0, 0, 0, 0, 0, 0, 0, 0, 0, 0, 0, 0, 0, 0, 0, 0, 0, 0, 0, 0, 0, 0, 0
2, 104, 3, 924, 91, 638, 308.0, 56252.666666666664, 151116.66666666666, 1, 52, 2, 422, 91, 331, 211.0, 14400.0, 58921.0, 3, 156, 5, 1346, 91, 638, 269.2, 34641.10204081633, 114238.4
0, 0, 0, 0, 0, 0, 0, 0, 0, 0, 0, 0, 0, 0, 0, 0, 0, 0, 0, 0, 0, 0, 0, 0, 0, 0, 0
0, 0, 0, 0, 0, 0, 0, 0, 0, 0, 0, 0, 0, 0, 0, 0, 0, 0, 0, 0, 0, 0, 0, 0, 0, 0, 0
0, 0, 0, 0, 0, 0, 0, 0, 0, 0, 0, 0, 0, 0, 0, 0, 0, 0, 0, 0, 0, 0, 0, 0, 0, 0, 0
0, 0, 0, 0, 0, 0, 0, 0, 0, 0, 0, 0, 0, 0, 0, 0, 0, 0, 0, 0, 0, 0, 0, 0, 0, 0, 0
0, 0, 0, 0, 0, 0, 0, 0, 0, 0, 0, 0, 0, 0, 0, 0, 0, 0, 0, 0, 0, 0, 0, 0, 0, 0, 0
2, 104, 2, 241, 91, 150, 120.5, 870.25, 15390.5, 2, 104, 16, 67088, 91, 12096, 4193.0, 13035454.625, 30616703.625, 4, 208, 18, 67329, 91, 12096, 3740.5, 13186929.246539792, 27216557.722222224
51, 2676, 6, 545, 72, 150, 90.83333333333333, 740.8055555555553, 8991.5, 2, 104, 207, 1665779, 91, 22740, 8047.241545893719, 39963167.00445751, 104721263.50241546, 53, 2780, 213, 1666324, 72, 22740, 7823.117370892019, 40283704.95335035, 101771622.03755869
0, 0, 0, 0, 0, 0, 0, 0, 0, 0, 0, 0, 0, 0, 0, 0, 0, 0, 0, 0, 0, 0, 0, 0, 0, 0, 0
0, 0, 0, 0, 0, 0, 0, 0, 0, 0, 0, 0, 0, 0, 0, 0, 0, 0, 0, 0, 0, 0, 0, 0, 0, 0, 0
1, 60, 0, 0, 0, 0, 0, 0, 0, 1, 60, 0, 0, 0, 0, 0, 0, 0, 2, 120, 0, 0, 0, 0, 0, 0, 0
1, 52, 2, 1225, 93, 1132, 612.5, 269880.25, 645036.5, 2, 104, 1, 72, 72, 72, 72.0, 0.0, 5184.0, 3, 156, 3, 1297, 72, 1132, 432.3333333333333, 207975.1875, 431752.3333333333
1, 52, 0, 0, 0, 0, 0, 0, 0, 2, 104, 0, 0, 0, 0, 0, 0, 0, 3, 156, 0, 0, 0, 0, 0, 0, 0
3, 156, 0, 0, 0, 0, 0, 0, 0, 2, 104, 3, 459, 83, 293, 153.0, 9800.0, 33209.0, 5, 260, 3, 459, 83, 293, 153.0, 9800.0, 33209.0
0, 0, 0, 0, 0, 0, 0, 0, 0, 0, 0, 0, 0, 0, 0, 0, 0, 0, 0, 0, 0, 0, 0, 0, 0, 0, 0
1, 52, 0, 0, 0, 0, 0, 0, 0, 1, 52, 0, 0, 0, 0, 0, 0, 0, 2, 104, 0, 0, 0, 0, 0, 0, 0
0, 0, 0, 0, 0, 0, 0, 0, 0, 0, 0, 0, 0, 0, 0, 0, 0, 0, 0, 0, 0, 0, 0, 0, 0, 0, 0
73, 3796, 4, 482, 91, 150, 120.5, 870.25, 15390.5, 3, 156, 170, 1326613, 91, 24158, 7803.605882352941, 30574459.450553637, 91470724.21764706, 76, 3952, 174, 1327095, 91, 24158, 7626.982758620689, 30897367.940102756, 89368302.75287357
2, 104, 0, 0, 0, 0, 0, 0, 0, 2, 104, 1, 76, 76, 76, 76.0, 0.0, 5776.0, 4, 208, 1, 76, 76, 76, 76.0, 0.0, 5776.0
0, 0, 0, 0, 0, 0, 0, 0, 0, 0, 0, 0, 0, 0, 0, 0, 0, 0, 0, 0, 0, 0, 0, 0, 0, 0, 0
1, 52, 0, 0, 0, 0, 0, 0, 0, 1, 52, 0, 0, 0, 0, 0, 0, 0, 2, 104, 0, 0, 0, 0, 0, 0, 0
0, 0, 0, 0, 0, 0, 0, 0, 0, 0, 0, 0, 0, 0, 0, 0, 0, 0, 0, 0, 0, 0, 0, 0, 0, 0, 0
0, 0, 0, 0, 0, 0, 0, 0, 0, 0, 0, 0, 0, 0, 0, 0, 0, 0, 0, 0, 0, 0, 0, 0, 0, 0, 0
0, 0, 0, 0, 0, 0, 0, 0, 0, 0, 0, 0, 0, 0, 0, 0, 0, 0, 0, 0, 0, 0, 0, 0, 0, 0, 0
0, 0, 0, 0, 0, 0, 0, 0, 0, 0, 0, 0, 0, 0, 0, 0, 0, 0, 0, 0, 0, 0, 0, 0, 0, 0, 0
0, 0, 0, 0, 0, 0, 0, 0, 0, 0, 0, 0, 0, 0, 0, 0, 0, 0, 0, 0, 0, 0, 0, 0, 0, 0, 0
0, 0, 0, 0, 0, 0, 0, 0, 0, 0, 0, 0, 0, 0, 0, 0, 0, 0, 0, 0, 0, 0, 0, 0, 0, 0, 0
0, 0, 0, 0, 0, 0, 0, 0, 0, 0, 0, 0, 0, 0, 0, 0, 0, 0, 0, 0, 0, 0, 0, 0, 0, 0, 0
51, 2676, 19, 1693, 72, 150, 89.10526315789474, 520.1994459833795, 8459.947368421053, 5, 260, 219, 1724414, 91, 19904, 7874.036529680366, 31777998.975834537, 93778450.24657534, 56, 2936, 238, 1726107, 72, 19904, 7252.550420168067, 32871766.48362214, 86292610.68487395
0, 0, 0, 0, 0, 0, 0, 0, 0, 0, 0, 0, 0, 0, 0, 0, 0, 0, 0, 0, 0, 0, 0, 0, 0, 0, 0
5, 276, 1, 569, 569, 569, 569.0, 0.0, 323761.0, 2, 112, 0, 0, 0, 0, 0, 0, 0, 7, 388, 1, 569, 569, 569, 569.0, 0.0, 323761.0
2, 104, 3, 1454, 103, 782, 484.6666666666667, 80396.22222222222, 315298.0, 1, 60, 1, 189, 189, 189, 189.0, 0.0, 35721.0, 3, 164, 4, 1643, 103, 782, 410.75, 69218.23999999999, 245403.75
2, 104, 1, 103, 103, 103, 103.0, 0.0, 10609.0, 1, 52, 2, 490, 189, 301, 245.0, 3136.0, 63161.0, 3, 156, 3, 593, 103, 301, 197.66666666666666, 5735.039999999999, 45643.666666666664
0, 0, 0, 0, 0, 0, 0, 0, 0, 1, 52, 0, 0, 0, 0, 0, 0, 0, 1, 52, 0, 0, 0, 0, 0, 0, 0
0, 0, 0, 0, 0, 0, 0, 0, 0, 0, 0, 0, 0, 0, 0, 0, 0, 0, 0, 0, 0, 0, 0, 0, 0, 0, 0
0, 0, 0, 0, 0, 0, 0, 0, 0, 0, 0, 0, 0, 0, 0, 0, 0, 0, 0, 0, 0, 0, 0, 0, 0, 0, 0
0, 0, 0, 0, 0, 0, 0, 0, 0, 0, 0, 0, 0, 0, 0, 0, 0, 0, 0, 0, 0, 0, 0, 0, 0, 0, 0
0, 0, 0, 0, 0, 0, 0, 0, 0, 0, 0, 0, 0, 0, 0, 0, 0, 0, 0, 0, 0, 0, 0, 0, 0, 0, 0
0, 0, 0, 0, 0, 0, 0, 0, 0, 0, 0, 0, 0, 0, 0, 0, 0, 0, 0, 0, 0, 0, 0, 0, 0, 0, 0
0, 0, 1, 150, 150, 150, 150.0, 0.0, 22500.0, 1, 52, 0, 0, 0, 0, 0, 0, 0, 1, 52, 1, 150, 150, 150, 150.0, 0.0, 22500.0
75, 3900, 3, 332, 91, 150, 110.66666666666667, 773.5555555555555, 13020.666666666666, 3, 156, 174, 1504729, 91, 25576, 8647.867816091954, 44337914.0457458, 119123531.81034483, 78, 4056, 177, 1505061, 91, 25576, 8503.169491525423, 44576578.35757827, 117104709.58757062
0, 0, 0, 0, 0, 0, 0, 0, 0, 0, 0, 0, 0, 0, 0, 0, 0, 0, 0, 0, 0, 0, 0, 0, 0, 0, 0
0, 0, 0, 0, 0, 0, 0, 0, 0, 0, 0, 0, 0, 0, 0, 0, 0, 0, 0, 0, 0, 0, 0, 0, 0, 0, 0
0, 0, 0, 0, 0, 0, 0, 0, 0, 0, 0, 0, 0, 0, 0, 0, 0, 0, 0, 0, 0, 0, 0, 0, 0, 0, 0
0, 0, 0, 0, 0, 0, 0, 0, 0, 0, 0, 0, 0, 0, 0, 0, 0, 0, 0, 0, 0, 0, 0, 0, 0, 0, 0
0, 0, 0, 0, 0, 0, 0, 0, 0, 0, 0, 0, 0, 0, 0, 0, 0, 0, 0, 0, 0, 0, 0, 0, 0, 0, 0
0, 0, 0, 0, 0, 0, 0, 0, 0, 0, 0, 0, 0, 0, 0, 0, 0, 0, 0, 0, 0, 0, 0, 0, 0, 0, 0
0, 0, 0, 0, 0, 0, 0, 0, 0, 0, 0, 0, 0, 0, 0, 0, 0, 0, 0, 0, 0, 0, 0, 0, 0, 0, 0
0, 0, 0, 0, 0, 0, 0, 0, 0, 0, 0, 0, 0, 0, 0, 0, 0, 0, 0, 0, 0, 0, 0, 0, 0, 0, 0
0, 0, 0, 0, 0, 0, 0, 0, 0, 0, 0, 0, 0, 0, 0, 0, 0, 0, 0, 0, 0, 0, 0, 0, 0, 0, 0
0, 0, 0, 0, 0, 0, 0, 0, 0, 0, 0, 0, 0, 0, 0, 0, 0, 0, 0, 0, 0, 0, 0, 0, 0, 0, 0
