addr1_packet_ctrl, addr1_bytes_ctrl, addr1_packet, addr1_bytes, addr1_pkt_len_min, addr1_pkt_len_max, addr1_pkt_len_avg,addr1_pkt_len_var, addr1_pkt_len_mom2, addr2_packet_ctrl, addr2_bytes_ctrl, addr2_packet, addr2_bytes, addr2_pkt_len_min, addr2_pkt_len_max, addr2_pkt_len_avg,addr2_pkt_len_var, addr2_pkt_len_mom2, addra_packet_ctrl, addra_bytes_ctrl, addra_packet, addra_bytes, addra_pkt_len_min, addra_pkt_len_max, addra_pkt_len_avg,addra_pkt_len_var, addra_pkt_len_mom2 
0, 0, 0, 0, 0, 0, 0, 0, 0, 0, 0, 0, 0, 0, 0, 0, 0, 0, 0, 0, 0, 0, 0, 0, 0, 0, 0
0, 0, 0, 0, 0, 0, 0, 0, 0, 0, 0, 0, 0, 0, 0, 0, 0, 0, 0, 0, 0, 0, 0, 0, 0, 0, 0
0, 0, 1, 157, 157, 157, 157.0, 0.0, 24649.0, 0, 0, 0, 0, 0, 0, 0, 0, 0, 0, 0, 1, 157, 157, 157, 157.0, 0.0, 24649.0
0, 0, 0, 0, 0, 0, 0, 0, 0, 0, 0, 0, 0, 0, 0, 0, 0, 0, 0, 0, 0, 0, 0, 0, 0, 0, 0
0, 0, 0, 0, 0, 0, 0, 0, 0, 0, 0, 0, 0, 0, 0, 0, 0, 0, 0, 0, 0, 0, 0, 0, 0, 0, 0
0, 0, 1, 172, 172, 172, 172.0, 0.0, 29584.0, 0, 0, 0, 0, 0, 0, 0, 0, 0, 0, 0, 1, 172, 172, 172, 172.0, 0.0, 29584.0
0, 0, 0, 0, 0, 0, 0, 0, 0, 0, 0, 0, 0, 0, 0, 0, 0, 0, 0, 0, 0, 0, 0, 0, 0, 0, 0
0, 0, 0, 0, 0, 0, 0, 0, 0, 0, 0, 0, 0, 0, 0, 0, 0, 0, 0, 0, 0, 0, 0, 0, 0, 0, 0
0, 0, 1, 172, 172, 172, 172.0, 0.0, 29584.0, 0, 0, 0, 0, 0, 0, 0, 0, 0, 0, 0, 1, 172, 172, 172, 172.0, 0.0, 29584.0
4, 224, 4, 1409, 71, 569, 352.25, 49060.6875, 173140.75, 4, 224, 1, 87, 87, 87, 87.0, 0.0, 7569.0, 8, 448, 5, 1496, 71, 569, 299.2, 48342.13888888888, 140026.4
18, 936, 16, 2677, 83, 611, 167.3125, 21061.33984375, 49054.8125, 14, 728, 29, 52305, 83, 5724, 1803.6206896551723, 3579684.856123662, 6832732.448275862, 32, 1664, 45, 54982, 83, 5724, 1221.8222222222223, 3264000.766435354, 4420758.177777777
9, 484, 10, 2363, 80, 569, 236.3, 37485.61, 93323.3, 9, 484, 9, 8414, 83, 3833, 934.8888888888889, 1683362.9876543211, 2557380.222222222, 18, 968, 19, 10777, 80, 3833, 567.2105263157895, 1207596.524234694, 1260508.1578947369
30, 1584, 13, 3882, 68, 569, 298.61538461538464, 41417.4674556213, 130588.61538461539, 11, 596, 28, 58666, 83, 5724, 2095.214285714286, 3387250.8112244895, 7777173.714285715, 41, 2180, 41, 62548, 68, 5724, 1525.560975609756, 3250431.3009871882, 5352646.731707317
9, 468, 5, 607, 68, 200, 121.4, 2429.04, 17167.0, 2, 104, 9, 22479, 91, 5724, 2497.6666666666665, 3651961.9999999995, 9890300.777777778, 11, 572, 14, 23086, 68, 5724, 1649.0, 3819261.818525521, 6364181.571428572
2, 80, 0, 0, 0, 0, 0, 0, 0, 0, 0, 0, 0, 0, 0, 0, 0, 0, 2, 80, 0, 0, 0, 0, 0, 0, 0
0, 0, 1, 200, 200, 200, 200.0, 0.0, 40000.0, 0, 0, 0, 0, 0, 0, 0, 0, 0, 0, 0, 1, 200, 200, 200, 200.0, 0.0, 40000.0
0, 0, 2, 268, 68, 200, 134.0, 4356.0, 22312.0, 0, 0, 0, 0, 0, 0, 0, 0, 0, 0, 0, 2, 268, 68, 200, 134.0, 4356.0, 22312.0
77, 4012, 8, 6136, 91, 1492, 767.0, 330883.5, 919172.5, 8, 424, 78, 424069, 83, 18876, 5436.782051282052, 9967003.452498356, 39525602.525641024, 85, 4436, 86, 430205, 83, 18876, 5002.383720930233, 10508808.085217133, 35934306.70930233
57, 2964, 11, 7219, 87, 1462, 656.2727272727273, 362868.92561983474, 793562.8181818182, 8, 416, 80, 669553, 83, 20324, 8369.4125, 37767731.21734375, 107814796.8125, 65, 3380, 91, 676772, 83, 20324, 7437.054945054945, 38942393.44844567, 94878164.13186814
73, 3796, 2, 1664, 200, 1464, 832.0, 399424.0, 1091648.0, 1, 52, 96, 923763, 923, 29012, 9622.53125, 73905659.60319011, 166498767.26041666, 74, 3848, 98, 925427, 200, 29012, 9443.132653061224, 73936284.0429376, 163123111.76530612
0, 0, 1, 68, 68, 68, 68.0, 0.0, 4624.0, 0, 0, 0, 0, 0, 0, 0, 0, 0, 0, 0, 1, 68, 68, 68, 68.0, 0.0, 4624.0
0, 0, 1, 200, 200, 200, 200.0, 0.0, 40000.0, 0, 0, 0, 0, 0, 0, 0, 0, 0, 0, 0, 1, 200, 200, 200, 200.0, 0.0, 40000.0
0, 0, 3, 320, 68, 161, 106.66666666666667, 1564.2222222222224, 12942.0, 2, 104, 1, 131, 131, 131, 131.0, 0.0, 17161.0, 2, 104, 4, 451, 68, 161, 112.75, 1080.6399999999999, 13996.75
3, 156, 3, 344, 68, 185, 114.66666666666667, 2561.5555555555557, 15710.0, 2, 104, 5, 4539, 83, 2711, 907.8, 1087788.56, 1911889.4, 5, 260, 8, 4883, 68, 2711, 610.375, 949019.1005917161, 1200822.125
0, 0, 1, 226, 226, 226, 226.0, 0.0, 51076.0, 0, 0, 0, 0, 0, 0, 0, 0, 0, 0, 0, 1, 226, 226, 226, 226.0, 0.0, 51076.0
0, 0, 0, 0, 0, 0, 0, 0, 0, 0, 0, 0, 0, 0, 0, 0, 0, 0, 0, 0, 0, 0, 0, 0, 0, 0, 0
0, 0, 0, 0, 0, 0, 0, 0, 0, 0, 0, 0, 0, 0, 0, 0, 0, 0, 0, 0, 0, 0, 0, 0, 0, 0, 0
0, 0, 3, 390, 87, 212, 130.0, 3364.6666666666665, 20264.666666666668, 2, 104, 1, 160, 160, 160, 160.0, 0.0, 25600.0, 2, 104, 4, 550, 87, 212, 137.5, 2234.8, 21598.5
3, 156, 18, 27968, 68, 4156, 1553.7777777777778, 1964493.8395061728, 4378719.222222222, 27, 1404, 8, 889, 83, 174, 111.125, 858.359375, 13207.125, 30, 1560, 26, 28857, 68, 4156, 1109.8846153846155, 1558941.4567474045, 3035484.730769231
1, 52, 1, 91, 91, 91, 91.0, 0.0, 8281.0, 1, 52, 3, 306, 83, 132, 102.0, 460.6666666666667, 10864.666666666666, 2, 104, 4, 397, 83, 132, 99.25, 409.6734693877552, 10218.75
26, 1352, 2, 2828, 1362, 1466, 1414.0, 2704.0, 2002100.0, 2, 104, 27, 344921, 2948, 23220, 12774.851851851852, 57757728.496570654, 220954568.33333334, 28, 1456, 29, 347749, 1362, 23220, 11991.344827586207, 60140025.80994897, 205854398.10344827
29, 1508, 0, 0, 0, 0, 0, 0, 0, 0, 0, 29, 364384, 2948, 23220, 12564.965517241379, 49370138.10225922, 207248496.55172414, 29, 1508, 29, 364384, 2948, 23220, 12564.965517241379, 49370138.10225922, 207248496.55172414
1, 52, 2, 538, 91, 447, 269.0, 31684.0, 104045.0, 2, 104, 3, 296, 83, 122, 98.66666666666667, 282.88888888888886, 10018.0, 3, 156, 5, 834, 83, 447, 166.8, 13573.1875, 47628.8
0, 0, 0, 0, 0, 0, 0, 0, 0, 0, 0, 0, 0, 0, 0, 0, 0, 0, 0, 0, 0, 0, 0, 0, 0, 0, 0
0, 0, 0, 0, 0, 0, 0, 0, 0, 0, 0, 0, 0, 0, 0, 0, 0, 0, 0, 0, 0, 0, 0, 0, 0, 0, 0
0, 0, 1, 200, 200, 200, 200.0, 0.0, 40000.0, 0, 0, 0, 0, 0, 0, 0, 0, 0, 0, 0, 1, 200, 200, 200, 200.0, 0.0, 40000.0
0, 0, 0, 0, 0, 0, 0, 0, 0, 0, 0, 0, 0, 0, 0, 0, 0, 0, 0, 0, 0, 0, 0, 0, 0, 0, 0
0, 0, 2, 395, 195, 200, 197.5, 6.25, 39012.5, 0, 0, 0, 0, 0, 0, 0, 0, 0, 0, 0, 2, 395, 195, 200, 197.5, 6.25, 39012.5
0, 0, 0, 0, 0, 0, 0, 0, 0, 0, 0, 0, 0, 0, 0, 0, 0, 0, 0, 0, 0, 0, 0, 0, 0, 0, 0
0, 0, 1, 195, 195, 195, 195.0, 0.0, 38025.0, 0, 0, 0, 0, 0, 0, 0, 0, 0, 0, 0, 1, 195, 195, 195, 195.0, 0.0, 38025.0
19, 988, 5, 4913, 200, 1695, 982.6, 287852.24, 1253355.0, 6, 312, 36, 365106, 2948, 26116, 10141.833333333334, 71028388.69444445, 173885172.05555555, 25, 1300, 41, 370019, 200, 26116, 9024.853658536585, 71528616.95496711, 152832511.4390244
2, 104, 1, 91, 91, 91, 91.0, 0.0, 8281.0, 1, 52, 5, 505, 83, 124, 101.0, 361.2, 10562.2, 3, 156, 6, 596, 83, 124, 99.33333333333333, 336.6280991735537, 10182.0
0, 0, 1, 195, 195, 195, 195.0, 0.0, 38025.0, 0, 0, 0, 0, 0, 0, 0, 0, 0, 0, 0, 1, 195, 195, 195, 195.0, 0.0, 38025.0
0, 0, 1, 200, 200, 200, 200.0, 0.0, 40000.0, 0, 0, 0, 0, 0, 0, 0, 0, 0, 0, 0, 1, 200, 200, 200, 200.0, 0.0, 40000.0
0, 0, 0, 0, 0, 0, 0, 0, 0, 0, 0, 0, 0, 0, 0, 0, 0, 0, 0, 0, 0, 0, 0, 0, 0, 0, 0
0, 0, 1, 195, 195, 195, 195.0, 0.0, 38025.0, 0, 0, 0, 0, 0, 0, 0, 0, 0, 0, 0, 1, 195, 195, 195, 195.0, 0.0, 38025.0
8, 416, 1, 1466, 1466, 1466, 1466.0, 0.0, 2149156.0, 0, 0, 40, 362499, 1500, 26116, 9062.475, 56245372.099374995, 138373825.225, 8, 416, 41, 363965, 1466, 26116, 8877.19512195122, 56254614.50967841, 135051272.31707317
0, 0, 0, 0, 0, 0, 0, 0, 0, 0, 0, 0, 0, 0, 0, 0, 0, 0, 0, 0, 0, 0, 0, 0, 0, 0, 0
0, 0, 0, 0, 0, 0, 0, 0, 0, 0, 0, 0, 0, 0, 0, 0, 0, 0, 0, 0, 0, 0, 0, 0, 0, 0, 0
0, 0, 0, 0, 0, 0, 0, 0, 0, 0, 0, 0, 0, 0, 0, 0, 0, 0, 0, 0, 0, 0, 0, 0, 0, 0, 0
0, 0, 0, 0, 0, 0, 0, 0, 0, 0, 0, 0, 0, 0, 0, 0, 0, 0, 0, 0, 0, 0, 0, 0, 0, 0, 0
0, 0, 0, 0, 0, 0, 0, 0, 0, 0, 0, 0, 0, 0, 0, 0, 0, 0, 0, 0, 0, 0, 0, 0, 0, 0, 0
0, 0, 0, 0, 0, 0, 0, 0, 0, 0, 0, 0, 0, 0, 0, 0, 0, 0, 0, 0, 0, 0, 0, 0, 0, 0, 0
10, 520, 1, 1466, 1466, 1466, 1466.0, 0.0, 2149156.0, 0, 0, 29, 364980, 1500, 17428, 12585.51724137931, 43994425.83590963, 202389670.06896552, 10, 520, 30, 366446, 1466, 17428, 12214.866666666667, 45308893.336397596, 195714986.26666668
0, 0, 0, 0, 0, 0, 0, 0, 0, 0, 0, 0, 0, 0, 0, 0, 0, 0, 0, 0, 0, 0, 0, 0, 0, 0, 0
2, 104, 3, 2030, 91, 1585, 676.6666666666666, 424062.8888888888, 881940.6666666666, 4, 208, 4, 411, 83, 123, 102.75, 266.1875, 10823.75, 6, 312, 7, 2441, 83, 1585, 348.7142857142857, 181178.7438016529, 384159.5714285714
0, 0, 1, 195, 195, 195, 195.0, 0.0, 38025.0, 0, 0, 0, 0, 0, 0, 0, 0, 0, 0, 0, 1, 195, 195, 195, 195.0, 0.0, 38025.0
13, 676, 1, 1364, 1364, 1364, 1364.0, 0.0, 1860496.0, 0, 0, 67, 685091, 1500, 26116, 10225.23880597015, 70440637.40565827, 174996146.0447761, 13, 676, 68, 686455, 1364, 26116, 10094.926470588236, 70496187.58814816, 172450033.54411766
0, 0, 0, 0, 0, 0, 0, 0, 0, 0, 0, 0, 0, 0, 0, 0, 0, 0, 0, 0, 0, 0, 0, 0, 0, 0, 0
0, 0, 1, 195, 195, 195, 195.0, 0.0, 38025.0, 0, 0, 0, 0, 0, 0, 0, 0, 0, 0, 0, 1, 195, 195, 195, 195.0, 0.0, 38025.0
9, 468, 3, 2013, 91, 1466, 671.0, 338216.6666666667, 788457.6666666666, 2, 104, 35, 376287, 83, 24668, 10751.057142857142, 62213164.79673469, 177798394.4857143, 11, 572, 38, 378300, 83, 24668, 9955.263157894737, 63674409.36048039, 163823925.78947368
0, 0, 0, 0, 0, 0, 0, 0, 0, 0, 0, 0, 0, 0, 0, 0, 0, 0, 0, 0, 0, 0, 0, 0, 0, 0, 0
0, 0, 1, 195, 195, 195, 195.0, 0.0, 38025.0, 0, 0, 0, 0, 0, 0, 0, 0, 0, 0, 0, 1, 195, 195, 195, 195.0, 0.0, 38025.0
0, 0, 0, 0, 0, 0, 0, 0, 0, 0, 0, 0, 0, 0, 0, 0, 0, 0, 0, 0, 0, 0, 0, 0, 0, 0, 0
0, 0, 0, 0, 0, 0, 0, 0, 0, 0, 0, 0, 0, 0, 0, 0, 0, 0, 0, 0, 0, 0, 0, 0, 0, 0, 0
0, 0, 1, 195, 195, 195, 195.0, 0.0, 38025.0, 0, 0, 0, 0, 0, 0, 0, 0, 0, 0, 0, 1, 195, 195, 195, 195.0, 0.0, 38025.0
14, 728, 1, 1466, 1466, 1466, 1466.0, 0.0, 2149156.0, 0, 0, 33, 365886, 2222, 26116, 11087.454545454546, 62871388.91460054, 185803037.21212122, 14, 728, 34, 367352, 1466, 26116, 10804.470588235294, 63294065.35085765, 180401452.47058824
0, 0, 0, 0, 0, 0, 0, 0, 0, 0, 0, 0, 0, 0, 0, 0, 0, 0, 0, 0, 0, 0, 0, 0, 0, 0, 0
1, 44, 0, 0, 0, 0, 0, 0, 0, 1, 44, 0, 0, 0, 0, 0, 0, 0, 2, 88, 0, 0, 0, 0, 0, 0, 0
0, 0, 0, 0, 0, 0, 0, 0, 0, 0, 0, 0, 0, 0, 0, 0, 0, 0, 0, 0, 0, 0, 0, 0, 0, 0, 0
0, 0, 0, 0, 0, 0, 0, 0, 0, 1, 40, 0, 0, 0, 0, 0, 0, 0, 1, 40, 0, 0, 0, 0, 0, 0, 0
0, 0, 0, 0, 0, 0, 0, 0, 0, 0, 0, 0, 0, 0, 0, 0, 0, 0, 0, 0, 0, 0, 0, 0, 0, 0, 0
0, 0, 0, 0, 0, 0, 0, 0, 0, 0, 0, 0, 0, 0, 0, 0, 0, 0, 0, 0, 0, 0, 0, 0, 0, 0, 0
7, 364, 1, 1466, 1466, 1466, 1466.0, 0.0, 2149156.0, 0, 0, 31, 363557, 1500, 24668, 11727.645161290322, 61435663.64828305, 198973324.67741936, 7, 364, 32, 365023, 1466, 24668, 11406.96875, 62105413.60997733, 192822569.40625
0, 0, 0, 0, 0, 0, 0, 0, 0, 0, 0, 0, 0, 0, 0, 0, 0, 0, 0, 0, 0, 0, 0, 0, 0, 0, 0
0, 0, 0, 0, 0, 0, 0, 0, 0, 0, 0, 0, 0, 0, 0, 0, 0, 0, 0, 0, 0, 0, 0, 0, 0, 0, 0
0, 0, 0, 0, 0, 0, 0, 0, 0, 0, 0, 0, 0, 0, 0, 0, 0, 0, 0, 0, 0, 0, 0, 0, 0, 0, 0
0, 0, 0, 0, 0, 0, 0, 0, 0, 0, 0, 0, 0, 0, 0, 0, 0, 0, 0, 0, 0, 0, 0, 0, 0, 0, 0
0, 0, 0, 0, 0, 0, 0, 0, 0, 0, 0, 0, 0, 0, 0, 0, 0, 0, 0, 0, 0, 0, 0, 0, 0, 0, 0
0, 0, 0, 0, 0, 0, 0, 0, 0, 0, 0, 0, 0, 0, 0, 0, 0, 0, 0, 0, 0, 0, 0, 0, 0, 0, 0
11, 572, 1, 1466, 1466, 1466, 1466.0, 0.0, 2149156.0, 0, 0, 36, 364845, 2826, 26116, 10134.583333333334, 69180186.79861112, 171889966.1388889, 11, 572, 37, 366311, 1466, 26116, 9900.297297297297, 69247786.46612872, 167302376.6756757
0, 0, 0, 0, 0, 0, 0, 0, 0, 0, 0, 0, 0, 0, 0, 0, 0, 0, 0, 0, 0, 0, 0, 0, 0, 0, 0
0, 0, 0, 0, 0, 0, 0, 0, 0, 0, 0, 0, 0, 0, 0, 0, 0, 0, 0, 0, 0, 0, 0, 0, 0, 0, 0
0, 0, 0, 0, 0, 0, 0, 0, 0, 0, 0, 0, 0, 0, 0, 0, 0, 0, 0, 0, 0, 0, 0, 0, 0, 0, 0
0, 0, 0, 0, 0, 0, 0, 0, 0, 0, 0, 0, 0, 0, 0, 0, 0, 0, 0, 0, 0, 0, 0, 0, 0, 0, 0
0, 0, 0, 0, 0, 0, 0, 0, 0, 0, 0, 0, 0, 0, 0, 0, 0, 0, 0, 0, 0, 0, 0, 0, 0, 0, 0
0, 0, 0, 0, 0, 0, 0, 0, 0, 0, 0, 0, 0, 0, 0, 0, 0, 0, 0, 0, 0, 0, 0, 0, 0, 0, 0
0, 0, 0, 0, 0, 0, 0, 0, 0, 0, 0, 0, 0, 0, 0, 0, 0, 0, 0, 0, 0, 0, 0, 0, 0, 0, 0
1, 52, 2, 545, 91, 454, 272.5, 32942.25, 107198.5, 2, 104, 3, 296, 83, 122, 98.66666666666667, 282.88888888888886, 10018.0, 3, 156, 5, 841, 83, 454, 168.2, 14113.609375, 48890.2
0, 0, 0, 0, 0, 0, 0, 0, 0, 0, 0, 0, 0, 0, 0, 0, 0, 0, 0, 0, 0, 0, 0, 0, 0, 0, 0
10, 520, 1, 1466, 1466, 1466, 1466.0, 0.0, 2149156.0, 0, 0, 30, 362227, 167, 20324, 12074.233333333334, 54303775.845555544, 200090886.43333334, 10, 520, 31, 363693, 167, 20324, 11732.032258064517, 55228136.646600366, 193705669.32258064
0, 0, 0, 0, 0, 0, 0, 0, 0, 0, 0, 0, 0, 0, 0, 0, 0, 0, 0, 0, 0, 0, 0, 0, 0, 0, 0
0, 0, 0, 0, 0, 0, 0, 0, 0, 0, 0, 0, 0, 0, 0, 0, 0, 0, 0, 0, 0, 0, 0, 0, 0, 0, 0
0, 0, 0, 0, 0, 0, 0, 0, 0, 0, 0, 0, 0, 0, 0, 0, 0, 0, 0, 0, 0, 0, 0, 0, 0, 0, 0
0, 0, 0, 0, 0, 0, 0, 0, 0, 0, 0, 0, 0, 0, 0, 0, 0, 0, 0, 0, 0, 0, 0, 0, 0, 0, 0
0, 0, 0, 0, 0, 0, 0, 0, 0, 0, 0, 0, 0, 0, 0, 0, 0, 0, 0, 0, 0, 0, 0, 0, 0, 0, 0
1, 52, 1, 1466, 1466, 1466, 1466.0, 0.0, 2149156.0, 0, 0, 14, 167248, 2948, 23220, 11946.285714285714, 73138598.20408164, 215852340.57142857, 1, 52, 15, 168714, 1466, 23220, 11247.6, 74273437.1272295, 201605461.6
6, 312, 0, 0, 0, 0, 0, 0, 0, 0, 0, 22, 197156, 2032, 20324, 8961.636363636364, 65278546.41322314, 145589472.72727272, 6, 312, 22, 197156, 2032, 20324, 8961.636363636364, 65278546.41322315, 145589472.72727272
0, 0, 0, 0, 0, 0, 0, 0, 0, 0, 0, 0, 0, 0, 0, 0, 0, 0, 0, 0, 0, 0, 0, 0, 0, 0, 0
0, 0, 0, 0, 0, 0, 0, 0, 0, 0, 0, 0, 0, 0, 0, 0, 0, 0, 0, 0, 0, 0, 0, 0, 0, 0, 0
0, 0, 0, 0, 0, 0, 0, 0, 0, 0, 0, 0, 0, 0, 0, 0, 0, 0, 0, 0, 0, 0, 0, 0, 0, 0, 0
0, 0, 0, 0, 0, 0, 0, 0, 0, 0, 0, 0, 0, 0, 0, 0, 0, 0, 0, 0, 0, 0, 0, 0, 0, 0, 0
0, 0, 0, 0, 0, 0, 0, 0, 0, 0, 0, 0, 0, 0, 0, 0, 0, 0, 0, 0, 0, 0, 0, 0, 0, 0, 0
0, 0, 1, 195, 195, 195, 195.0, 0.0, 38025.0, 0, 0, 0, 0, 0, 0, 0, 0, 0, 0, 0, 1, 195, 195, 195, 195.0, 0.0, 38025.0
8, 416, 1, 1466, 1466, 1466, 1466.0, 0.0, 2149156.0, 0, 0, 41, 372799, 1479, 23220, 9092.658536585366, 57261154.12730517, 139937593.3902439, 8, 416, 42, 374265, 1466, 23220, 8911.07142857143, 57263611.622296415, 136656916.30952382
0, 0, 1, 195, 195, 195, 195.0, 0.0, 38025.0, 0, 0, 0, 0, 0, 0, 0, 0, 0, 0, 0, 1, 195, 195, 195, 195.0, 0.0, 38025.0
0, 0, 0, 0, 0, 0, 0, 0, 0, 0, 0, 0, 0, 0, 0, 0, 0, 0, 0, 0, 0, 0, 0, 0, 0, 0, 0
0, 0, 0, 0, 0, 0, 0, 0, 0, 0, 0, 0, 0, 0, 0, 0, 0, 0, 0, 0, 0, 0, 0, 0, 0, 0, 0
0, 0, 1, 195, 195, 195, 195.0, 0.0, 38025.0, 0, 0, 0, 0, 0, 0, 0, 0, 0, 0, 0, 1, 195, 195, 195, 195.0, 0.0, 38025.0
0, 0, 0, 0, 0, 0, 0, 0, 0, 0, 0, 0, 0, 0, 0, 0, 0, 0, 0, 0, 0, 0, 0, 0, 0, 0, 0
0, 0, 0, 0, 0, 0, 0, 0, 0, 0, 0, 0, 0, 0, 0, 0, 0, 0, 0, 0, 0, 0, 0, 0, 0, 0, 0
6, 312, 2, 1661, 195, 1466, 830.5, 403860.25, 1093590.5, 0, 0, 36, 364073, 1500, 31908, 10113.138888888889, 85695076.28626545, 187970654.4722222, 6, 312, 38, 365734, 195, 31908, 9624.578947368422, 85655814.67731921, 178135019.52631578
0, 0, 0, 0, 0, 0, 0, 0, 0, 0, 0, 0, 0, 0, 0, 0, 0, 0, 0, 0, 0, 0, 0, 0, 0, 0, 0
0, 0, 0, 0, 0, 0, 0, 0, 0, 0, 0, 0, 0, 0, 0, 0, 0, 0, 0, 0, 0, 0, 0, 0, 0, 0, 0
22, 1144, 1, 1365, 1365, 1365, 1365.0, 0.0, 1863225.0, 0, 0, 54, 687359, 1500, 23220, 12728.87037037037, 60972983.11282579, 222997124.0185185, 22, 1144, 55, 688724, 1365, 23220, 12522.254545454545, 61587476.86070196, 218976507.6727273
0, 0, 0, 0, 0, 0, 0, 0, 0, 0, 0, 0, 0, 0, 0, 0, 0, 0, 0, 0, 0, 0, 0, 0, 0, 0, 0
0, 0, 0, 0, 0, 0, 0, 0, 0, 0, 0, 0, 0, 0, 0, 0, 0, 0, 0, 0, 0, 0, 0, 0, 0, 0, 0
9, 468, 1, 1466, 1466, 1466, 1466.0, 0.0, 2149156.0, 0, 0, 34, 363120, 2948, 23220, 10680.0, 55738722.823529415, 169801122.82352942, 9, 468, 35, 364586, 1466, 23220, 10416.742857142857, 56143486.16173074, 165011066.62857142
0, 0, 0, 0, 0, 0, 0, 0, 0, 0, 0, 0, 0, 0, 0, 0, 0, 0, 0, 0, 0, 0, 0, 0, 0, 0, 0
0, 0, 0, 0, 0, 0, 0, 0, 0, 0, 0, 0, 0, 0, 0, 0, 0, 0, 0, 0, 0, 0, 0, 0, 0, 0, 0
0, 0, 0, 0, 0, 0, 0, 0, 0, 0, 0, 0, 0, 0, 0, 0, 0, 0, 0, 0, 0, 0, 0, 0, 0, 0, 0
0, 0, 0, 0, 0, 0, 0, 0, 0, 0, 0, 0, 0, 0, 0, 0, 0, 0, 0, 0, 0, 0, 0, 0, 0, 0, 0
0, 0, 1, 195, 195, 195, 195.0, 0.0, 38025.0, 0, 0, 0, 0, 0, 0, 0, 0, 0, 0, 0, 1, 195, 195, 195, 195.0, 0.0, 38025.0
0, 0, 1, 1466, 1466, 1466, 1466.0, 0.0, 2149156.0, 1, 52, 0, 0, 0, 0, 0, 0, 0, 1, 52, 1, 1466, 1466, 1466, 1466.0, 0.0, 2149156.0
8, 416, 0, 0, 0, 0, 0, 0, 0, 0, 0, 34, 364098, 2948, 23220, 10708.764705882353, 58260167.06228373, 172937808.5882353, 8, 416, 34, 364098, 2948, 23220, 10708.764705882353, 58260167.06228375, 172937808.5882353
0, 0, 1, 195, 195, 195, 195.0, 0.0, 38025.0, 0, 0, 0, 0, 0, 0, 0, 0, 0, 0, 0, 1, 195, 195, 195, 195.0, 0.0, 38025.0
0, 0, 0, 0, 0, 0, 0, 0, 0, 0, 0, 0, 0, 0, 0, 0, 0, 0, 0, 0, 0, 0, 0, 0, 0, 0, 0
1, 52, 4, 1374, 91, 905, 343.5, 106712.75, 224705.0, 3, 156, 1, 91, 91, 91, 91.0, 0.0, 8281.0, 4, 208, 5, 1465, 91, 905, 293.0, 85309.8888888889, 181420.2
4, 208, 1, 91, 91, 91, 91.0, 0.0, 8281.0, 1, 52, 4, 411, 83, 123, 102.75, 266.1875, 10823.75, 5, 260, 5, 502, 83, 123, 100.4, 250.2469135802469, 10315.2
0, 0, 0, 0, 0, 0, 0, 0, 0, 0, 0, 0, 0, 0, 0, 0, 0, 0, 0, 0, 0, 0, 0, 0, 0, 0, 0
10, 520, 2, 1661, 195, 1466, 830.5, 403860.25, 1093590.5, 1, 52, 37, 362609, 185, 23220, 9800.243243243243, 65511756.940832734, 161556524.56756756, 11, 572, 39, 364270, 185, 23220, 9340.25641025641, 65859944.47420361, 153327656.15384614
2, 112, 2, 660, 91, 569, 330.0, 57121.0, 166021.0, 2, 112, 1, 107, 107, 107, 107.0, 0.0, 11449.0, 4, 224, 3, 767, 91, 569, 255.66666666666666, 40992.75, 114497.0
10, 520, 5, 1015, 83, 581, 203.0, 36175.6, 77384.6, 4, 208, 17, 51173, 83, 5724, 3010.176470588235, 5057464.380622837, 14118626.764705881, 14, 728, 22, 52188, 83, 5724, 2372.181818181818, 5294472.561472716, 10927435.363636363
0, 0, 0, 0, 0, 0, 0, 0, 0, 0, 0, 0, 0, 0, 0, 0, 0, 0, 0, 0, 0, 0, 0, 0, 0, 0, 0
0, 0, 0, 0, 0, 0, 0, 0, 0, 0, 0, 0, 0, 0, 0, 0, 0, 0, 0, 0, 0, 0, 0, 0, 0, 0, 0
0, 0, 0, 0, 0, 0, 0, 0, 0, 0, 0, 0, 0, 0, 0, 0, 0, 0, 0, 0, 0, 0, 0, 0, 0, 0, 0
0, 0, 0, 0, 0, 0, 0, 0, 0, 0, 0, 0, 0, 0, 0, 0, 0, 0, 0, 0, 0, 0, 0, 0, 0, 0, 0
11, 572, 1, 1466, 1466, 1466, 1466.0, 0.0, 2149156.0, 0, 0, 46, 366414, 2074, 18876, 7965.521739130435, 43303025.24952741, 106752561.82608695, 11, 572, 47, 367880, 1466, 18876, 7827.234042553191, 43286751.30720313, 104526957.44680852
2, 104, 0, 0, 0, 0, 0, 0, 0, 2, 104, 0, 0, 0, 0, 0, 0, 0, 4, 208, 0, 0, 0, 0, 0, 0, 0
0, 0, 0, 0, 0, 0, 0, 0, 0, 0, 0, 0, 0, 0, 0, 0, 0, 0, 0, 0, 0, 0, 0, 0, 0, 0, 0
0, 0, 0, 0, 0, 0, 0, 0, 0, 0, 0, 0, 0, 0, 0, 0, 0, 0, 0, 0, 0, 0, 0, 0, 0, 0, 0
0, 0, 0, 0, 0, 0, 0, 0, 0, 0, 0, 0, 0, 0, 0, 0, 0, 0, 0, 0, 0, 0, 0, 0, 0, 0, 0
1, 52, 1, 68, 68, 68, 68.0, 0.0, 4624.0, 1, 52, 0, 0, 0, 0, 0, 0, 0, 2, 104, 1, 68, 68, 68, 68.0, 0.0, 4624.0
1, 52, 0, 0, 0, 0, 0, 0, 0, 1, 52, 0, 0, 0, 0, 0, 0, 0, 2, 104, 0, 0, 0, 0, 0, 0, 0
0, 0, 1, 68, 68, 68, 68.0, 0.0, 4624.0, 0, 0, 0, 0, 0, 0, 0, 0, 0, 0, 0, 1, 68, 68, 68, 68.0, 0.0, 4624.0
0, 0, 0, 0, 0, 0, 0, 0, 0, 0, 0, 0, 0, 0, 0, 0, 0, 0, 0, 0, 0, 0, 0, 0, 0, 0, 0
9, 468, 1, 1466, 1466, 1466, 1466.0, 0.0, 2149156.0, 0, 0, 34, 371245, 2948, 26116, 10918.970588235294, 64834057.32266436, 184057976.02941176, 9, 468, 35, 372711, 1466, 26116, 10648.885714285714, 65170717.36147866, 178860581.17142856
0, 0, 0, 0, 0, 0, 0, 0, 0, 0, 0, 0, 0, 0, 0, 0, 0, 0, 0, 0, 0, 0, 0, 0, 0, 0, 0
0, 0, 0, 0, 0, 0, 0, 0, 0, 0, 0, 0, 0, 0, 0, 0, 0, 0, 0, 0, 0, 0, 0, 0, 0, 0, 0
0, 0, 0, 0, 0, 0, 0, 0, 0, 0, 0, 0, 0, 0, 0, 0, 0, 0, 0, 0, 0, 0, 0, 0, 0, 0, 0
0, 0, 1, 68, 68, 68, 68.0, 0.0, 4624.0, 0, 0, 0, 0, 0, 0, 0, 0, 0, 0, 0, 1, 68, 68, 68, 68.0, 0.0, 4624.0
0, 0, 1, 720, 720, 720, 720.0, 0.0, 518400.0, 0, 0, 0, 0, 0, 0, 0, 0, 0, 0, 0, 1, 720, 720, 720, 720.0, 0.0, 518400.0
9, 468, 2, 1557, 91, 1466, 778.5, 472656.25, 1078718.5, 2, 104, 53, 365145, 83, 26116, 6889.528301886792, 50319215.07938768, 97784815.3018868, 11, 572, 55, 366702, 83, 26116, 6667.309090909091, 50074891.74922839, 94268229.96363637
1, 52, 0, 0, 0, 0, 0, 0, 0, 1, 52, 0, 0, 0, 0, 0, 0, 0, 2, 104, 0, 0, 0, 0, 0, 0, 0
0, 0, 0, 0, 0, 0, 0, 0, 0, 0, 0, 0, 0, 0, 0, 0, 0, 0, 0, 0, 0, 0, 0, 0, 0, 0, 0
0, 0, 0, 0, 0, 0, 0, 0, 0, 0, 0, 0, 0, 0, 0, 0, 0, 0, 0, 0, 0, 0, 0, 0, 0, 0, 0
0, 0, 0, 0, 0, 0, 0, 0, 0, 0, 0, 0, 0, 0, 0, 0, 0, 0, 0, 0, 0, 0, 0, 0, 0, 0, 0
0, 0, 0, 0, 0, 0, 0, 0, 0, 0, 0, 0, 0, 0, 0, 0, 0, 0, 0, 0, 0, 0, 0, 0, 0, 0, 0
0, 0, 0, 0, 0, 0, 0, 0, 0, 0, 0, 0, 0, 0, 0, 0, 0, 0, 0, 0, 0, 0, 0, 0, 0, 0, 0
0, 0, 0, 0, 0, 0, 0, 0, 0, 0, 0, 0, 0, 0, 0, 0, 0, 0, 0, 0, 0, 0, 0, 0, 0, 0, 0
12, 624, 1, 1466, 1466, 1466, 1466.0, 0.0, 2149156.0, 0, 0, 37, 364501, 1500, 23220, 9851.378378378378, 59050414.451424405, 156100070.4054054, 12, 624, 38, 365967, 1466, 23220, 9630.71052631579, 59188102.8312889, 152048730.5526316
0, 0, 0, 0, 0, 0, 0, 0, 0, 0, 0, 0, 0, 0, 0, 0, 0, 0, 0, 0, 0, 0, 0, 0, 0, 0, 0
0, 0, 0, 0, 0, 0, 0, 0, 0, 0, 0, 0, 0, 0, 0, 0, 0, 0, 0, 0, 0, 0, 0, 0, 0, 0, 0
0, 0, 0, 0, 0, 0, 0, 0, 0, 0, 0, 0, 0, 0, 0, 0, 0, 0, 0, 0, 0, 0, 0, 0, 0, 0, 0
0, 0, 0, 0, 0, 0, 0, 0, 0, 0, 0, 0, 0, 0, 0, 0, 0, 0, 0, 0, 0, 0, 0, 0, 0, 0, 0
0, 0, 0, 0, 0, 0, 0, 0, 0, 0, 0, 0, 0, 0, 0, 0, 0, 0, 0, 0, 0, 0, 0, 0, 0, 0, 0
11, 572, 1, 1466, 1466, 1466, 1466.0, 0.0, 2149156.0, 0, 0, 27, 363395, 2948, 27564, 13459.074074074075, 69203935.17969821, 250350610.1111111, 11, 572, 28, 364861, 1466, 27564, 13030.75, 70513293.90876032, 241486272.4642857
2, 120, 1, 93, 93, 93, 93.0, 0.0, 8649.0, 3, 172, 0, 0, 0, 0, 0, 0, 0, 5, 292, 1, 93, 93, 93, 93.0, 0.0, 8649.0
1, 52, 3, 1420, 93, 1132, 473.3333333333333, 218654.8888888889, 442699.3333333333, 2, 104, 1, 87, 87, 87, 87.0, 0.0, 7569.0, 3, 156, 4, 1507, 87, 1132, 376.75, 167013.76, 333916.75
26, 1352, 2, 2497, 1132, 1365, 1248.5, 13572.25, 1572324.5, 2, 104, 63, 688326, 87, 23220, 10925.809523809523, 63523713.45578232, 182897027.2063492, 28, 1456, 65, 690823, 87, 23220, 10628.046153846153, 63971789.89593506, 177317805.58461538
2, 104, 1, 504, 504, 504, 504.0, 0.0, 254016.0, 1, 52, 2, 1544, 100, 1444, 772.0, 451584.0, 1047568.0, 3, 156, 3, 2048, 100, 1444, 682.6666666666666, 372759.04, 783050.6666666666
2, 104, 2, 699, 195, 504, 349.5, 23870.25, 146020.5, 1, 52, 2, 168, 68, 100, 84.0, 256.0, 7312.0, 3, 156, 4, 867, 68, 504, 216.75, 23791.916666666668, 76666.25
2, 104, 1, 96, 96, 96, 96.0, 0.0, 9216.0, 1, 52, 2, 164, 68, 96, 82.0, 196.0, 6920.0, 3, 156, 3, 260, 68, 96, 86.66666666666667, 188.16, 7685.333333333333
1, 52, 3, 387, 96, 195, 129.0, 2178.0, 18819.0, 1, 52, 2, 208, 96, 112, 104.0, 64.0, 10880.0, 2, 104, 5, 595, 96, 195, 119.0, 1123.061224489796, 15643.4
1, 52, 1, 96, 96, 96, 96.0, 0.0, 9216.0, 2, 104, 1, 112, 112, 112, 112.0, 0.0, 12544.0, 3, 156, 2, 208, 96, 112, 104.0, 56.88888888888889, 10880.0
7, 364, 1, 1466, 1466, 1466, 1466.0, 0.0, 2149156.0, 3, 156, 43, 364757, 1500, 23220, 8482.720930232557, 49551024.61979449, 121507579.0, 10, 520, 44, 366223, 1466, 23220, 8323.25, 49540880.2021403, 118794887.56818181
2, 112, 3, 842, 78, 569, 280.6666666666667, 43849.555555555555, 122623.33333333333, 2, 112, 1, 94, 94, 94, 94.0, 0.0, 8836.0, 4, 224, 4, 936, 78, 569, 234.0, 34672.4, 94176.5
3, 156, 10, 5981, 83, 2788, 598.1, 617243.29, 974966.9, 9, 468, 7, 5803, 83, 2962, 829.0, 854533.1428571428, 1541774.142857143, 12, 624, 17, 11784, 83, 2962, 693.1764705882352, 768620.8315972224, 1208358.1176470588
2, 104, 1, 91, 91, 91, 91.0, 0.0, 8281.0, 1, 52, 4, 1153, 91, 585, 288.25, 38544.6875, 121632.75, 3, 156, 5, 1244, 91, 585, 248.8, 38104.666666666664, 98962.4
0, 0, 0, 0, 0, 0, 0, 0, 0, 0, 0, 0, 0, 0, 0, 0, 0, 0, 0, 0, 0, 0, 0, 0, 0, 0, 0
17, 884, 5, 3009, 91, 1466, 601.8, 354817.36, 716980.6, 3, 156, 40, 365227, 83, 20324, 9130.675, 56203696.869375005, 139572922.825, 20, 1040, 45, 368236, 83, 20324, 8183.022222222222, 56945691.293564014, 124144484.8
0, 0, 0, 0, 0, 0, 0, 0, 0, 1, 52, 0, 0, 0, 0, 0, 0, 0, 1, 52, 0, 0, 0, 0, 0, 0, 0
0, 0, 0, 0, 0, 0, 0, 0, 0, 0, 0, 0, 0, 0, 0, 0, 0, 0, 0, 0, 0, 0, 0, 0, 0, 0, 0
0, 0, 0, 0, 0, 0, 0, 0, 0, 0, 0, 0, 0, 0, 0, 0, 0, 0, 0, 0, 0, 0, 0, 0, 0, 0, 0
0, 0, 0, 0, 0, 0, 0, 0, 0, 0, 0, 0, 0, 0, 0, 0, 0, 0, 0, 0, 0, 0, 0, 0, 0, 0, 0
0, 0, 1, 458, 458, 458, 458.0, 0.0, 209764.0, 1, 52, 0, 0, 0, 0, 0, 0, 0, 1, 52, 1, 458, 458, 458, 458.0, 0.0, 209764.0
1, 52, 1, 91, 91, 91, 91.0, 0.0, 8281.0, 1, 52, 3, 296, 83, 122, 98.66666666666667, 282.88888888888886, 10018.0, 2, 104, 4, 387, 83, 122, 96.75, 249.6734693877551, 9583.75
0, 0, 0, 0, 0, 0, 0, 0, 0, 0, 0, 0, 0, 0, 0, 0, 0, 0, 0, 0, 0, 0, 0, 0, 0, 0, 0
0, 0, 0, 0, 0, 0, 0, 0, 0, 0, 0, 0, 0, 0, 0, 0, 0, 0, 0, 0, 0, 0, 0, 0, 0, 0, 0
12, 624, 1, 1466, 1466, 1466, 1466.0, 0.0, 2149156.0, 0, 0, 27, 367533, 1500, 26116, 13612.333333333334, 88537640.22222224, 273833259.0, 12, 624, 28, 368999, 1466, 26116, 13178.535714285714, 89561519.26809919, 264130255.32142857
0, 0, 0, 0, 0, 0, 0, 0, 0, 0, 0, 0, 0, 0, 0, 0, 0, 0, 0, 0, 0, 0, 0, 0, 0, 0, 0
0, 0, 0, 0, 0, 0, 0, 0, 0, 0, 0, 0, 0, 0, 0, 0, 0, 0, 0, 0, 0, 0, 0, 0, 0, 0, 0
0, 0, 0, 0, 0, 0, 0, 0, 0, 0, 0, 0, 0, 0, 0, 0, 0, 0, 0, 0, 0, 0, 0, 0, 0, 0, 0
0, 0, 0, 0, 0, 0, 0, 0, 0, 0, 0, 0, 0, 0, 0, 0, 0, 0, 0, 0, 0, 0, 0, 0, 0, 0, 0
0, 0, 0, 0, 0, 0, 0, 0, 0, 0, 0, 0, 0, 0, 0, 0, 0, 0, 0, 0, 0, 0, 0, 0, 0, 0, 0
8, 416, 1, 1467, 1467, 1467, 1467.0, 0.0, 2152089.0, 0, 0, 43, 364942, 1500, 24668, 8487.023255813954, 53529386.30178476, 125558950.04651164, 8, 416, 44, 366409, 1467, 24668, 8327.477272727272, 53474040.26819923, 122754248.6590909
0, 0, 0, 0, 0, 0, 0, 0, 0, 0, 0, 0, 0, 0, 0, 0, 0, 0, 0, 0, 0, 0, 0, 0, 0, 0, 0
0, 0, 0, 0, 0, 0, 0, 0, 0, 0, 0, 0, 0, 0, 0, 0, 0, 0, 0, 0, 0, 0, 0, 0, 0, 0, 0
0, 0, 0, 0, 0, 0, 0, 0, 0, 0, 0, 0, 0, 0, 0, 0, 0, 0, 0, 0, 0, 0, 0, 0, 0, 0, 0
0, 0, 0, 0, 0, 0, 0, 0, 0, 0, 0, 0, 0, 0, 0, 0, 0, 0, 0, 0, 0, 0, 0, 0, 0, 0, 0
0, 0, 0, 0, 0, 0, 0, 0, 0, 0, 0, 0, 0, 0, 0, 0, 0, 0, 0, 0, 0, 0, 0, 0, 0, 0, 0
12, 624, 1, 1468, 1468, 1468, 1468.0, 0.0, 2155024.0, 0, 0, 38, 363751, 2948, 23220, 9572.394736842105, 52445061.02839335, 144075802.02631578, 12, 624, 39, 365219, 1468, 23220, 9364.589743589744, 52605881.16141002, 140436807.7179487
0, 0, 0, 0, 0, 0, 0, 0, 0, 0, 0, 0, 0, 0, 0, 0, 0, 0, 0, 0, 0, 0, 0, 0, 0, 0, 0
0, 0, 0, 0, 0, 0, 0, 0, 0, 0, 0, 0, 0, 0, 0, 0, 0, 0, 0, 0, 0, 0, 0, 0, 0, 0, 0
0, 0, 0, 0, 0, 0, 0, 0, 0, 0, 0, 0, 0, 0, 0, 0, 0, 0, 0, 0, 0, 0, 0, 0, 0, 0, 0
0, 0, 0, 0, 0, 0, 0, 0, 0, 0, 0, 0, 0, 0, 0, 0, 0, 0, 0, 0, 0, 0, 0, 0, 0, 0, 0
0, 0, 0, 0, 0, 0, 0, 0, 0, 0, 0, 0, 0, 0, 0, 0, 0, 0, 0, 0, 0, 0, 0, 0, 0, 0, 0
0, 0, 0, 0, 0, 0, 0, 0, 0, 0, 0, 0, 0, 0, 0, 0, 0, 0, 0, 0, 0, 0, 0, 0, 0, 0, 0
6, 312, 1, 1468, 1468, 1468, 1468.0, 0.0, 2155024.0, 0, 0, 33, 363384, 2948, 23220, 11011.636363636364, 71449404.4738292, 192705539.87878788, 6, 312, 34, 364852, 1468, 23220, 10730.941176470587, 71722123.4698151, 187101112.94117647
0, 0, 0, 0, 0, 0, 0, 0, 0, 0, 0, 0, 0, 0, 0, 0, 0, 0, 0, 0, 0, 0, 0, 0, 0, 0, 0
2, 104, 3, 1355, 91, 1080, 451.6666666666667, 198842.88888888888, 402845.6666666667, 3, 156, 4, 411, 83, 123, 102.75, 266.1875, 10823.75, 5, 260, 7, 1766, 83, 1080, 252.28571428571428, 78570.80991735538, 178833.14285714287
0, 0, 0, 0, 0, 0, 0, 0, 0, 0, 0, 0, 0, 0, 0, 0, 0, 0, 0, 0, 0, 0, 0, 0, 0, 0, 0
0, 0, 0, 0, 0, 0, 0, 0, 0, 0, 0, 0, 0, 0, 0, 0, 0, 0, 0, 0, 0, 0, 0, 0, 0, 0, 0
0, 0, 0, 0, 0, 0, 0, 0, 0, 0, 0, 0, 0, 0, 0, 0, 0, 0, 0, 0, 0, 0, 0, 0, 0, 0, 0
0, 0, 0, 0, 0, 0, 0, 0, 0, 0, 0, 0, 0, 0, 0, 0, 0, 0, 0, 0, 0, 0, 0, 0, 0, 0, 0
0, 0, 0, 0, 0, 0, 0, 0, 0, 0, 0, 0, 0, 0, 0, 0, 0, 0, 0, 0, 0, 0, 0, 0, 0, 0, 0
0, 0, 0, 0, 0, 0, 0, 0, 0, 0, 0, 0, 0, 0, 0, 0, 0, 0, 0, 0, 0, 0, 0, 0, 0, 0, 0
0, 0, 0, 0, 0, 0, 0, 0, 0, 0, 0, 0, 0, 0, 0, 0, 0, 0, 0, 0, 0, 0, 0, 0, 0, 0, 0
6, 312, 1, 1468, 1468, 1468, 1468.0, 0.0, 2155024.0, 0, 0, 33, 365515, 2948, 26116, 11076.212121212122, 63995085.5610652, 186677560.5151515, 6, 312, 34, 366983, 1468, 26116, 10793.617647058823, 64397246.42503899, 181250427.0882353
0, 0, 0, 0, 0, 0, 0, 0, 0, 0, 0, 0, 0, 0, 0, 0, 0, 0, 0, 0, 0, 0, 0, 0, 0, 0, 0
0, 0, 1, 195, 195, 195, 195.0, 0.0, 38025.0, 0, 0, 0, 0, 0, 0, 0, 0, 0, 0, 0, 1, 195, 195, 195, 195.0, 0.0, 38025.0
0, 0, 0, 0, 0, 0, 0, 0, 0, 0, 0, 0, 0, 0, 0, 0, 0, 0, 0, 0, 0, 0, 0, 0, 0, 0, 0
0, 0, 1, 195, 195, 195, 195.0, 0.0, 38025.0, 0, 0, 0, 0, 0, 0, 0, 0, 0, 0, 0, 1, 195, 195, 195, 195.0, 0.0, 38025.0
0, 0, 0, 0, 0, 0, 0, 0, 0, 0, 0, 0, 0, 0, 0, 0, 0, 0, 0, 0, 0, 0, 0, 0, 0, 0, 0
35, 1820, 2, 2833, 1365, 1468, 1416.5, 2652.25, 2009124.5, 1, 52, 101, 1049755, 1500, 23220, 10393.613861386139, 54643317.60337222, 162670526.7029703, 36, 1872, 103, 1052588, 1365, 23220, 10219.300970873786, 54889962.93548155, 159550887.82524273
0, 0, 1, 195, 195, 195, 195.0, 0.0, 38025.0, 0, 0, 0, 0, 0, 0, 0, 0, 0, 0, 0, 1, 195, 195, 195, 195.0, 0.0, 38025.0
0, 0, 0, 0, 0, 0, 0, 0, 0, 0, 0, 0, 0, 0, 0, 0, 0, 0, 0, 0, 0, 0, 0, 0, 0, 0, 0
0, 0, 0, 0, 0, 0, 0, 0, 0, 0, 0, 0, 0, 0, 0, 0, 0, 0, 0, 0, 0, 0, 0, 0, 0, 0, 0
0, 0, 1, 195, 195, 195, 195.0, 0.0, 38025.0, 0, 0, 0, 0, 0, 0, 0, 0, 0, 0, 0, 1, 195, 195, 195, 195.0, 0.0, 38025.0
0, 0, 0, 0, 0, 0, 0, 0, 0, 0, 0, 0, 0, 0, 0, 0, 0, 0, 0, 0, 0, 0, 0, 0, 0, 0, 0
11, 572, 1, 1468, 1468, 1468, 1468.0, 0.0, 2155024.0, 1, 52, 37, 368389, 1500, 23220, 9956.45945945946, 69761361.11322132, 168892446.0810811, 12, 624, 38, 369857, 1468, 23220, 9733.078947368422, 69779119.29493335, 164504619.18421054
0, 0, 0, 0, 0, 0, 0, 0, 0, 0, 0, 0, 0, 0, 0, 0, 0, 0, 0, 0, 0, 0, 0, 0, 0, 0, 0
0, 0, 0, 0, 0, 0, 0, 0, 0, 0, 0, 0, 0, 0, 0, 0, 0, 0, 0, 0, 0, 0, 0, 0, 0, 0, 0
0, 0, 0, 0, 0, 0, 0, 0, 0, 0, 0, 0, 0, 0, 0, 0, 0, 0, 0, 0, 0, 0, 0, 0, 0, 0, 0
0, 0, 0, 0, 0, 0, 0, 0, 0, 0, 0, 0, 0, 0, 0, 0, 0, 0, 0, 0, 0, 0, 0, 0, 0, 0, 0
1, 52, 2, 811, 91, 720, 405.5, 98910.25, 263340.5, 2, 104, 3, 298, 83, 124, 99.33333333333333, 314.88888888888886, 10182.0, 3, 156, 5, 1109, 83, 720, 221.8, 42539.609375, 111445.4
0, 0, 0, 0, 0, 0, 0, 0, 0, 0, 0, 0, 0, 0, 0, 0, 0, 0, 0, 0, 0, 0, 0, 0, 0, 0, 0
12, 612, 2, 1663, 195, 1468, 831.5, 405132.25, 1096524.5, 0, 0, 36, 363979, 2948, 23220, 10110.527777777777, 58684812.97145062, 160907584.91666666, 12, 612, 38, 365642, 195, 23220, 9622.157894736842, 59373830.24488677, 152496476.47368422
0, 0, 0, 0, 0, 0, 0, 0, 0, 0, 0, 0, 0, 0, 0, 0, 0, 0, 0, 0, 0, 0, 0, 0, 0, 0, 0
1, 40, 0, 0, 0, 0, 0, 0, 0, 0, 0, 0, 0, 0, 0, 0, 0, 0, 1, 40, 0, 0, 0, 0, 0, 0, 0
0, 0, 1, 195, 195, 195, 195.0, 0.0, 38025.0, 0, 0, 0, 0, 0, 0, 0, 0, 0, 0, 0, 1, 195, 195, 195, 195.0, 0.0, 38025.0
0, 0, 0, 0, 0, 0, 0, 0, 0, 0, 0, 0, 0, 0, 0, 0, 0, 0, 0, 0, 0, 0, 0, 0, 0, 0, 0
0, 0, 0, 0, 0, 0, 0, 0, 0, 0, 0, 0, 0, 0, 0, 0, 0, 0, 0, 0, 0, 0, 0, 0, 0, 0, 0
0, 0, 1, 195, 195, 195, 195.0, 0.0, 38025.0, 0, 0, 0, 0, 0, 0, 0, 0, 0, 0, 0, 1, 195, 195, 195, 195.0, 0.0, 38025.0
12, 624, 1, 1468, 1468, 1468, 1468.0, 0.0, 2155024.0, 0, 0, 41, 365549, 2506, 26116, 8915.829268292682, 64867087.11719213, 144359098.65853658, 12, 624, 42, 367017, 1468, 26116, 8738.5, 64745819.14733632, 140973287.35714287
0, 0, 0, 0, 0, 0, 0, 0, 0, 0, 0, 0, 0, 0, 0, 0, 0, 0, 0, 0, 0, 0, 0, 0, 0, 0, 0
0, 0, 1, 195, 195, 195, 195.0, 0.0, 38025.0, 0, 0, 0, 0, 0, 0, 0, 0, 0, 0, 0, 1, 195, 195, 195, 195.0, 0.0, 38025.0
0, 0, 0, 0, 0, 0, 0, 0, 0, 0, 0, 0, 0, 0, 0, 0, 0, 0, 0, 0, 0, 0, 0, 0, 0, 0, 0
1, 40, 0, 0, 0, 0, 0, 0, 0, 0, 0, 0, 0, 0, 0, 0, 0, 0, 1, 40, 0, 0, 0, 0, 0, 0, 0
0, 0, 0, 0, 0, 0, 0, 0, 0, 0, 0, 0, 0, 0, 0, 0, 0, 0, 0, 0, 0, 0, 0, 0, 0, 0, 0
1, 40, 1, 195, 195, 195, 195.0, 0.0, 38025.0, 0, 0, 0, 0, 0, 0, 0, 0, 0, 1, 40, 1, 195, 195, 195, 195.0, 0.0, 38025.0
0, 0, 0, 0, 0, 0, 0, 0, 0, 0, 0, 0, 0, 0, 0, 0, 0, 0, 0, 0, 0, 0, 0, 0, 0, 0, 0
0, 0, 0, 0, 0, 0, 0, 0, 0, 0, 0, 0, 0, 0, 0, 0, 0, 0, 0, 0, 0, 0, 0, 0, 0, 0, 0
0, 0, 1, 195, 195, 195, 195.0, 0.0, 38025.0, 0, 0, 0, 0, 0, 0, 0, 0, 0, 0, 0, 1, 195, 195, 195, 195.0, 0.0, 38025.0
8, 416, 1, 1468, 1468, 1468, 1468.0, 0.0, 2155024.0, 0, 0, 39, 362582, 2948, 23220, 9296.97435897436, 50278889.81985537, 136712622.05128205, 8, 416, 40, 364050, 1468, 23220, 9101.25, 50408485.90802756, 133348682.1
0, 0, 1, 195, 195, 195, 195.0, 0.0, 38025.0, 0, 0, 0, 0, 0, 0, 0, 0, 0, 0, 0, 1, 195, 195, 195, 195.0, 0.0, 38025.0
0, 0, 0, 0, 0, 0, 0, 0, 0, 0, 0, 0, 0, 0, 0, 0, 0, 0, 0, 0, 0, 0, 0, 0, 0, 0, 0
1, 52, 0, 0, 0, 0, 0, 0, 0, 1, 52, 0, 0, 0, 0, 0, 0, 0, 2, 104, 0, 0, 0, 0, 0, 0, 0
0, 0, 1, 195, 195, 195, 195.0, 0.0, 38025.0, 0, 0, 0, 0, 0, 0, 0, 0, 0, 0, 0, 1, 195, 195, 195, 195.0, 0.0, 38025.0
0, 0, 0, 0, 0, 0, 0, 0, 0, 0, 0, 0, 0, 0, 0, 0, 0, 0, 0, 0, 0, 0, 0, 0, 0, 0, 0
11, 572, 1, 1469, 1469, 1469, 1469.0, 0.0, 2157961.0, 0, 0, 35, 365966, 1500, 23220, 10456.171428571428, 51811846.48489797, 161143367.42857143, 11, 572, 36, 367435, 1469, 23220, 10206.527777777777, 52203674.77683, 156727106.1388889
0, 0, 0, 0, 0, 0, 0, 0, 0, 0, 0, 0, 0, 0, 0, 0, 0, 0, 0, 0, 0, 0, 0, 0, 0, 0, 0
0, 0, 0, 0, 0, 0, 0, 0, 0, 0, 0, 0, 0, 0, 0, 0, 0, 0, 0, 0, 0, 0, 0, 0, 0, 0, 0
2, 104, 0, 0, 0, 0, 0, 0, 0, 2, 104, 0, 0, 0, 0, 0, 0, 0, 4, 208, 0, 0, 0, 0, 0, 0, 0
0, 0, 0, 0, 0, 0, 0, 0, 0, 0, 0, 0, 0, 0, 0, 0, 0, 0, 0, 0, 0, 0, 0, 0, 0, 0, 0
0, 0, 0, 0, 0, 0, 0, 0, 0, 0, 0, 0, 0, 0, 0, 0, 0, 0, 0, 0, 0, 0, 0, 0, 0, 0, 0
1, 44, 0, 0, 0, 0, 0, 0, 0, 1, 40, 0, 0, 0, 0, 0, 0, 0, 2, 84, 0, 0, 0, 0, 0, 0, 0
11, 572, 1, 1469, 1469, 1469, 1469.0, 0.0, 2157961.0, 1, 40, 32, 369631, 2948, 23220, 11550.96875, 63073403.21777344, 196498282.28125, 12, 612, 33, 371100, 1469, 23220, 11245.454545454546, 63642770.98082841, 190609181.63636363
2, 104, 0, 0, 0, 0, 0, 0, 0, 3, 144, 0, 0, 0, 0, 0, 0, 0, 5, 248, 0, 0, 0, 0, 0, 0, 0
1, 60, 0, 0, 0, 0, 0, 0, 0, 1, 60, 0, 0, 0, 0, 0, 0, 0, 2, 120, 0, 0, 0, 0, 0, 0, 0
0, 0, 1, 93, 93, 93, 93.0, 0.0, 8649.0, 1, 52, 0, 0, 0, 0, 0, 0, 0, 1, 52, 1, 93, 93, 93, 93.0, 0.0, 8649.0
0, 0, 0, 0, 0, 0, 0, 0, 0, 1, 52, 0, 0, 0, 0, 0, 0, 0, 1, 52, 0, 0, 0, 0, 0, 0, 0
1, 52, 1, 1132, 1132, 1132, 1132.0, 0.0, 1281424.0, 0, 0, 1, 75, 75, 75, 75.0, 0.0, 5625.0, 1, 52, 2, 1207, 75, 1132, 603.5, 248277.5555555556, 643524.5
0, 0, 0, 0, 0, 0, 0, 0, 0, 1, 52, 0, 0, 0, 0, 0, 0, 0, 1, 52, 0, 0, 0, 0, 0, 0, 0
9, 468, 1, 1469, 1469, 1469, 1469.0, 0.0, 2157961.0, 0, 0, 32, 367095, 908, 26116, 11471.71875, 72574247.20214844, 204174578.28125, 9, 468, 33, 368564, 908, 26116, 11168.60606060606, 72973337.00213017, 198052862.6060606
0, 0, 0, 0, 0, 0, 0, 0, 0, 0, 0, 0, 0, 0, 0, 0, 0, 0, 0, 0, 0, 0, 0, 0, 0, 0, 0
0, 0, 0, 0, 0, 0, 0, 0, 0, 0, 0, 0, 0, 0, 0, 0, 0, 0, 0, 0, 0, 0, 0, 0, 0, 0, 0
0, 0, 0, 0, 0, 0, 0, 0, 0, 0, 0, 0, 0, 0, 0, 0, 0, 0, 0, 0, 0, 0, 0, 0, 0, 0, 0
0, 0, 0, 0, 0, 0, 0, 0, 0, 0, 0, 0, 0, 0, 0, 0, 0, 0, 0, 0, 0, 0, 0, 0, 0, 0, 0
0, 0, 0, 0, 0, 0, 0, 0, 0, 0, 0, 0, 0, 0, 0, 0, 0, 0, 0, 0, 0, 0, 0, 0, 0, 0, 0
2, 104, 1, 364, 364, 364, 364.0, 0.0, 132496.0, 1, 52, 1, 132, 132, 132, 132.0, 0.0, 17424.0, 3, 156, 2, 496, 132, 364, 248.0, 11960.888888888889, 74960.0
26, 1352, 2, 2835, 1366, 1469, 1417.5, 2652.25, 2011958.5, 2, 104, 91, 1051124, 2948, 23220, 11550.813186813188, 53327712.723342605, 186748998.0, 28, 1456, 93, 1053959, 1366, 23220, 11332.89247311828, 53852091.471615076, 182776158.4408602
0, 0, 0, 0, 0, 0, 0, 0, 0, 0, 0, 0, 0, 0, 0, 0, 0, 0, 0, 0, 0, 0, 0, 0, 0, 0, 0
0, 0, 1, 116, 116, 116, 116.0, 0.0, 13456.0, 0, 0, 1, 132, 132, 132, 132.0, 0.0, 17424.0, 0, 0, 2, 248, 116, 132, 124.0, 56.88888888888889, 15440.0
0, 0, 0, 0, 0, 0, 0, 0, 0, 1, 52, 0, 0, 0, 0, 0, 0, 0, 1, 52, 0, 0, 0, 0, 0, 0, 0
0, 0, 1, 116, 116, 116, 116.0, 0.0, 13456.0, 0, 0, 1, 148, 148, 148, 148.0, 0.0, 21904.0, 0, 0, 2, 264, 116, 148, 132.0, 227.55555555555557, 17680.0
0, 0, 0, 0, 0, 0, 0, 0, 0, 1, 52, 0, 0, 0, 0, 0, 0, 0, 1, 52, 0, 0, 0, 0, 0, 0, 0
4, 208, 1, 1469, 1469, 1469, 1469.0, 0.0, 2157961.0, 2, 104, 9, 109448, 2948, 20324, 12160.888888888889, 57405688.09876544, 205292906.66666666, 6, 312, 10, 110917, 1469, 20324, 11091.7, 60084327.185595565, 184979412.1
8, 416, 0, 0, 0, 0, 0, 0, 0, 1, 52, 24, 255366, 1500, 29012, 10640.25, 90328292.77083333, 203543212.83333334, 9, 468, 24, 255366, 1500, 29012, 10640.25, 90328292.77083333, 203543212.83333334
0, 0, 0, 0, 0, 0, 0, 0, 0, 0, 0, 0, 0, 0, 0, 0, 0, 0, 0, 0, 0, 0, 0, 0, 0, 0, 0
0, 0, 0, 0, 0, 0, 0, 0, 0, 0, 0, 0, 0, 0, 0, 0, 0, 0, 0, 0, 0, 0, 0, 0, 0, 0, 0
0, 0, 0, 0, 0, 0, 0, 0, 0, 0, 0, 0, 0, 0, 0, 0, 0, 0, 0, 0, 0, 0, 0, 0, 0, 0, 0
0, 0, 0, 0, 0, 0, 0, 0, 0, 0, 0, 0, 0, 0, 0, 0, 0, 0, 0, 0, 0, 0, 0, 0, 0, 0, 0
3, 156, 6, 1546, 91, 630, 257.6666666666667, 44654.555555555555, 111046.66666666667, 6, 312, 8, 798, 83, 123, 99.75, 253.6875, 10203.75, 9, 468, 14, 2344, 83, 630, 167.42857142857142, 17309.3305785124, 53422.142857142855
14, 728, 1, 1469, 1469, 1469, 1469.0, 0.0, 2157961.0, 0, 0, 36, 363197, 1500, 26116, 10088.805555555555, 51014730.489969134, 152798728.0277778, 14, 728, 37, 364666, 1469, 26116, 9855.837837837838, 51319778.363295175, 148727355.94594595
0, 0, 0, 0, 0, 0, 0, 0, 0, 0, 0, 0, 0, 0, 0, 0, 0, 0, 0, 0, 0, 0, 0, 0, 0, 0, 0
0, 0, 0, 0, 0, 0, 0, 0, 0, 0, 0, 0, 0, 0, 0, 0, 0, 0, 0, 0, 0, 0, 0, 0, 0, 0, 0
0, 0, 0, 0, 0, 0, 0, 0, 0, 0, 0, 0, 0, 0, 0, 0, 0, 0, 0, 0, 0, 0, 0, 0, 0, 0, 0
2, 120, 0, 0, 0, 0, 0, 0, 0, 2, 120, 0, 0, 0, 0, 0, 0, 0, 4, 240, 0, 0, 0, 0, 0, 0, 0
0, 0, 1, 200, 200, 200, 200.0, 0.0, 40000.0, 0, 0, 0, 0, 0, 0, 0, 0, 0, 0, 0, 1, 200, 200, 200, 200.0, 0.0, 40000.0
0, 0, 1, 93, 93, 93, 93.0, 0.0, 8649.0, 2, 116, 0, 0, 0, 0, 0, 0, 0, 2, 116, 1, 93, 93, 93, 93.0, 0.0, 8649.0
10, 520, 1, 1469, 1469, 1469, 1469.0, 0.0, 2157961.0, 0, 0, 41, 366282, 2948, 23220, 8933.707317073171, 51462269.182629384, 131273395.6097561, 10, 520, 42, 367751, 1469, 23220, 8755.97619047619, 51505500.971694, 128199218.59523809
0, 0, 2, 395, 195, 200, 197.5, 6.25, 39012.5, 0, 0, 0, 0, 0, 0, 0, 0, 0, 0, 0, 2, 395, 195, 200, 197.5, 6.25, 39012.5
1, 52, 1, 195, 195, 195, 195.0, 0.0, 38025.0, 1, 52, 0, 0, 0, 0, 0, 0, 0, 2, 104, 1, 195, 195, 195, 195.0, 0.0, 38025.0
0, 0, 0, 0, 0, 0, 0, 0, 0, 0, 0, 0, 0, 0, 0, 0, 0, 0, 0, 0, 0, 0, 0, 0, 0, 0, 0
0, 0, 3, 488, 93, 200, 162.66666666666666, 2430.888888888889, 28891.333333333332, 0, 0, 0, 0, 0, 0, 0, 0, 0, 0, 0, 3, 488, 93, 200, 162.66666666666666, 2430.888888888889, 28891.333333333332
0, 0, 1, 195, 195, 195, 195.0, 0.0, 38025.0, 0, 0, 0, 0, 0, 0, 0, 0, 0, 0, 0, 1, 195, 195, 195, 195.0, 0.0, 38025.0
0, 0, 0, 0, 0, 0, 0, 0, 0, 2, 116, 0, 0, 0, 0, 0, 0, 0, 2, 116, 0, 0, 0, 0, 0, 0, 0
7, 364, 3, 1864, 195, 1469, 621.3333333333334, 359273.55555555556, 745328.6666666666, 0, 0, 39, 374700, 2948, 26116, 9607.692307692309, 62587768.93096645, 154895520.41025642, 7, 364, 42, 376564, 195, 26116, 8965.809523809523, 63163148.16674287, 143884792.42857143
0, 0, 1, 195, 195, 195, 195.0, 0.0, 38025.0, 0, 0, 0, 0, 0, 0, 0, 0, 0, 0, 0, 1, 195, 195, 195, 195.0, 0.0, 38025.0
1, 52, 1, 1132, 1132, 1132, 1132.0, 0.0, 1281424.0, 0, 0, 1, 75, 75, 75, 75.0, 0.0, 5625.0, 1, 52, 2, 1207, 75, 1132, 603.5, 248277.5555555556, 643524.5
0, 0, 1, 195, 195, 195, 195.0, 0.0, 38025.0, 0, 0, 0, 0, 0, 0, 0, 0, 0, 0, 0, 1, 195, 195, 195, 195.0, 0.0, 38025.0
0, 0, 1, 195, 195, 195, 195.0, 0.0, 38025.0, 1, 52, 0, 0, 0, 0, 0, 0, 0, 1, 52, 1, 195, 195, 195, 195.0, 0.0, 38025.0
0, 0, 0, 0, 0, 0, 0, 0, 0, 0, 0, 0, 0, 0, 0, 0, 0, 0, 0, 0, 0, 0, 0, 0, 0, 0, 0
0, 0, 0, 0, 0, 0, 0, 0, 0, 0, 0, 0, 0, 0, 0, 0, 0, 0, 0, 0, 0, 0, 0, 0, 0, 0, 0
0, 0, 0, 0, 0, 0, 0, 0, 0, 0, 0, 0, 0, 0, 0, 0, 0, 0, 0, 0, 0, 0, 0, 0, 0, 0, 0
0, 0, 0, 0, 0, 0, 0, 0, 0, 0, 0, 0, 0, 0, 0, 0, 0, 0, 0, 0, 0, 0, 0, 0, 0, 0, 0
0, 0, 0, 0, 0, 0, 0, 0, 0, 0, 0, 0, 0, 0, 0, 0, 0, 0, 0, 0, 0, 0, 0, 0, 0, 0, 0
1, 52, 2, 815, 91, 724, 407.5, 100172.25, 266228.5, 2, 104, 3, 298, 83, 124, 99.33333333333333, 314.88888888888886, 10182.0, 3, 156, 5, 1113, 83, 724, 222.6, 43085.484375, 112600.6
0, 0, 0, 0, 0, 0, 0, 0, 0, 0, 0, 0, 0, 0, 0, 0, 0, 0, 0, 0, 0, 0, 0, 0, 0, 0, 0
0, 0, 0, 0, 0, 0, 0, 0, 0, 0, 0, 0, 0, 0, 0, 0, 0, 0, 0, 0, 0, 0, 0, 0, 0, 0, 0
8, 416, 1, 1469, 1469, 1469, 1469.0, 0.0, 2157961.0, 0, 0, 44, 366312, 2948, 23220, 8325.272727272728, 48945646.380165294, 118255812.36363636, 8, 416, 45, 367781, 1469, 23220, 8172.9111111111115, 48917945.75331399, 115675860.1111111
0, 0, 0, 0, 0, 0, 0, 0, 0, 0, 0, 0, 0, 0, 0, 0, 0, 0, 0, 0, 0, 0, 0, 0, 0, 0, 0
0, 0, 1, 68, 68, 68, 68.0, 0.0, 4624.0, 0, 0, 0, 0, 0, 0, 0, 0, 0, 0, 0, 1, 68, 68, 68, 68.0, 0.0, 4624.0
0, 0, 0, 0, 0, 0, 0, 0, 0, 0, 0, 0, 0, 0, 0, 0, 0, 0, 0, 0, 0, 0, 0, 0, 0, 0, 0
0, 0, 0, 0, 0, 0, 0, 0, 0, 0, 0, 0, 0, 0, 0, 0, 0, 0, 0, 0, 0, 0, 0, 0, 0, 0, 0
0, 0, 1, 68, 68, 68, 68.0, 0.0, 4624.0, 0, 0, 0, 0, 0, 0, 0, 0, 0, 0, 0, 1, 68, 68, 68, 68.0, 0.0, 4624.0
0, 0, 0, 0, 0, 0, 0, 0, 0, 0, 0, 0, 0, 0, 0, 0, 0, 0, 0, 0, 0, 0, 0, 0, 0, 0, 0
1, 52, 0, 0, 0, 0, 0, 0, 0, 1, 52, 0, 0, 0, 0, 0, 0, 0, 2, 104, 0, 0, 0, 0, 0, 0, 0
0, 0, 1, 81, 81, 81, 81.0, 0.0, 6561.0, 2, 80, 0, 0, 0, 0, 0, 0, 0, 2, 80, 1, 81, 81, 81, 81.0, 0.0, 6561.0
3, 144, 1, 1120, 1120, 1120, 1120.0, 0.0, 1254400.0, 2, 115, 1, 896, 896, 896, 896.0, 0.0, 802816.0, 5, 259, 2, 2016, 896, 1120, 1008.0, 11150.222222222224, 1028608.0
0, 0, 0, 0, 0, 0, 0, 0, 0, 1, 40, 0, 0, 0, 0, 0, 0, 0, 1, 40, 0, 0, 0, 0, 0, 0, 0
0, 0, 2, 420, 68, 352, 210.0, 20164.0, 64264.0, 1, 40, 1, 120, 120, 120, 120.0, 0.0, 14400.0, 1, 40, 3, 540, 68, 352, 180.0, 12107.0, 47642.666666666664
0, 0, 1, 104, 104, 104, 104.0, 0.0, 10816.0, 0, 0, 1, 120, 120, 120, 120.0, 0.0, 14400.0, 0, 0, 2, 224, 104, 120, 112.0, 56.88888888888889, 12608.0
2, 80, 1, 157, 157, 157, 157.0, 0.0, 24649.0, 1, 40, 0, 0, 0, 0, 0, 0, 0, 3, 120, 1, 157, 157, 157, 157.0, 0.0, 24649.0
0, 0, 1, 104, 104, 104, 104.0, 0.0, 10816.0, 0, 0, 1, 136, 136, 136, 136.0, 0.0, 18496.0, 0, 0, 2, 240, 104, 136, 120.0, 227.55555555555557, 14656.0
0, 0, 0, 0, 0, 0, 0, 0, 0, 1, 40, 0, 0, 0, 0, 0, 0, 0, 1, 40, 0, 0, 0, 0, 0, 0, 0
1, 40, 1, 157, 157, 157, 157.0, 0.0, 24649.0, 1, 40, 0, 0, 0, 0, 0, 0, 0, 2, 80, 1, 157, 157, 157, 157.0, 0.0, 24649.0
9, 468, 1, 1469, 1469, 1469, 1469.0, 0.0, 2157961.0, 1, 40, 40, 365329, 2749, 17428, 9133.225, 45454888.924375, 128870687.825, 10, 508, 41, 366798, 1469, 17428, 8946.292682926829, 45609953.94269168, 125780133.51219513
0, 0, 0, 0, 0, 0, 0, 0, 0, 0, 0, 0, 0, 0, 0, 0, 0, 0, 0, 0, 0, 0, 0, 0, 0, 0, 0
0, 0, 1, 172, 172, 172, 172.0, 0.0, 29584.0, 0, 0, 0, 0, 0, 0, 0, 0, 0, 0, 0, 1, 172, 172, 172, 172.0, 0.0, 29584.0
0, 0, 0, 0, 0, 0, 0, 0, 0, 0, 0, 0, 0, 0, 0, 0, 0, 0, 0, 0, 0, 0, 0, 0, 0, 0, 0
0, 0, 0, 0, 0, 0, 0, 0, 0, 0, 0, 0, 0, 0, 0, 0, 0, 0, 0, 0, 0, 0, 0, 0, 0, 0, 0
0, 0, 2, 372, 172, 200, 186.0, 196.0, 34792.0, 0, 0, 0, 0, 0, 0, 0, 0, 0, 0, 0, 2, 372, 172, 200, 186.0, 196.0, 34792.0
0, 0, 0, 0, 0, 0, 0, 0, 0, 0, 0, 0, 0, 0, 0, 0, 0, 0, 0, 0, 0, 0, 0, 0, 0, 0, 0
0, 0, 2, 357, 157, 200, 178.5, 462.25, 32324.5, 0, 0, 0, 0, 0, 0, 0, 0, 0, 0, 0, 2, 357, 157, 200, 178.5, 462.25, 32324.5
0, 0, 1, 200, 200, 200, 200.0, 0.0, 40000.0, 0, 0, 0, 0, 0, 0, 0, 0, 0, 0, 0, 1, 200, 200, 200, 200.0, 0.0, 40000.0
0, 0, 0, 0, 0, 0, 0, 0, 0, 0, 0, 0, 0, 0, 0, 0, 0, 0, 0, 0, 0, 0, 0, 0, 0, 0, 0
0, 0, 2, 357, 157, 200, 178.5, 462.25, 32324.5, 0, 0, 0, 0, 0, 0, 0, 0, 0, 0, 0, 2, 357, 157, 200, 178.5, 462.25, 32324.5
0, 0, 1, 200, 200, 200, 200.0, 0.0, 40000.0, 0, 0, 0, 0, 0, 0, 0, 0, 0, 0, 0, 1, 200, 200, 200, 200.0, 0.0, 40000.0
0, 0, 0, 0, 0, 0, 0, 0, 0, 0, 0, 0, 0, 0, 0, 0, 0, 0, 0, 0, 0, 0, 0, 0, 0, 0, 0
2, 104, 2, 1669, 200, 1469, 834.5, 402590.25, 1098980.5, 3, 156, 0, 0, 0, 0, 0, 0, 0, 5, 260, 2, 1669, 200, 1469, 834.5, 402590.25, 1098980.5
9, 468, 1, 200, 200, 200, 200.0, 0.0, 40000.0, 1, 52, 37, 366560, 1500, 23220, 9907.027027027027, 54987894.83710737, 153137079.35135135, 10, 520, 38, 366760, 200, 23220, 9651.578947368422, 55494323.2, 149108208.84210527
2, 104, 1, 364, 364, 364, 364.0, 0.0, 132496.0, 0, 0, 1, 988, 988, 988, 988.0, 0.0, 976144.0, 2, 104, 2, 1352, 364, 988, 676.0, 86528.0, 554320.0
0, 0, 0, 0, 0, 0, 0, 0, 0, 2, 104, 0, 0, 0, 0, 0, 0, 0, 2, 104, 0, 0, 0, 0, 0, 0, 0
0, 0, 1, 200, 200, 200, 200.0, 0.0, 40000.0, 0, 0, 0, 0, 0, 0, 0, 0, 0, 0, 0, 1, 200, 200, 200, 200.0, 0.0, 40000.0
0, 0, 0, 0, 0, 0, 0, 0, 0, 0, 0, 0, 0, 0, 0, 0, 0, 0, 0, 0, 0, 0, 0, 0, 0, 0, 0
0, 0, 0, 0, 0, 0, 0, 0, 0, 0, 0, 0, 0, 0, 0, 0, 0, 0, 0, 0, 0, 0, 0, 0, 0, 0, 0
0, 0, 0, 0, 0, 0, 0, 0, 0, 0, 0, 0, 0, 0, 0, 0, 0, 0, 0, 0, 0, 0, 0, 0, 0, 0, 0
0, 0, 0, 0, 0, 0, 0, 0, 0, 0, 0, 0, 0, 0, 0, 0, 0, 0, 0, 0, 0, 0, 0, 0, 0, 0, 0
0, 0, 0, 0, 0, 0, 0, 0, 0, 0, 0, 0, 0, 0, 0, 0, 0, 0, 0, 0, 0, 0, 0, 0, 0, 0, 0
0, 0, 0, 0, 0, 0, 0, 0, 0, 0, 0, 0, 0, 0, 0, 0, 0, 0, 0, 0, 0, 0, 0, 0, 0, 0, 0
20, 1040, 1, 1366, 1366, 1366, 1366.0, 0.0, 1865956.0, 2, 104, 59, 686964, 1500, 26116, 11643.457627118643, 76708154.28210285, 212278259.79661018, 22, 1144, 60, 688330, 1366, 26116, 11472.166666666666, 76943703.57969071, 208771388.06666666
0, 0, 0, 0, 0, 0, 0, 0, 0, 0, 0, 0, 0, 0, 0, 0, 0, 0, 0, 0, 0, 0, 0, 0, 0, 0, 0
0, 0, 0, 0, 0, 0, 0, 0, 0, 0, 0, 0, 0, 0, 0, 0, 0, 0, 0, 0, 0, 0, 0, 0, 0, 0, 0
14, 728, 1, 1469, 1469, 1469, 1469.0, 0.0, 2157961.0, 1, 52, 33, 362783, 1500, 17428, 10993.424242424242, 47528496.91092746, 168383873.4848485, 15, 780, 34, 364252, 1469, 17428, 10713.29411764706, 48152858.25618178, 163494876.05882353
0, 0, 0, 0, 0, 0, 0, 0, 0, 0, 0, 0, 0, 0, 0, 0, 0, 0, 0, 0, 0, 0, 0, 0, 0, 0, 0
0, 0, 0, 0, 0, 0, 0, 0, 0, 0, 0, 0, 0, 0, 0, 0, 0, 0, 0, 0, 0, 0, 0, 0, 0, 0, 0
0, 0, 1, 200, 200, 200, 200.0, 0.0, 40000.0, 0, 0, 0, 0, 0, 0, 0, 0, 0, 0, 0, 1, 200, 200, 200, 200.0, 0.0, 40000.0
1, 40, 1, 226, 226, 226, 226.0, 0.0, 51076.0, 0, 0, 0, 0, 0, 0, 0, 0, 0, 1, 40, 1, 226, 226, 226, 226.0, 0.0, 51076.0
0, 0, 1, 195, 195, 195, 195.0, 0.0, 38025.0, 0, 0, 0, 0, 0, 0, 0, 0, 0, 0, 0, 1, 195, 195, 195, 195.0, 0.0, 38025.0
1, 40, 1, 200, 200, 200, 200.0, 0.0, 40000.0, 0, 0, 0, 0, 0, 0, 0, 0, 0, 1, 40, 1, 200, 200, 200, 200.0, 0.0, 40000.0
0, 0, 0, 0, 0, 0, 0, 0, 0, 0, 0, 0, 0, 0, 0, 0, 0, 0, 0, 0, 0, 0, 0, 0, 0, 0, 0
0, 0, 2, 395, 195, 200, 197.5, 6.25, 39012.5, 0, 0, 0, 0, 0, 0, 0, 0, 0, 0, 0, 2, 395, 195, 200, 197.5, 6.25, 39012.5
0, 0, 0, 0, 0, 0, 0, 0, 0, 0, 0, 0, 0, 0, 0, 0, 0, 0, 0, 0, 0, 0, 0, 0, 0, 0, 0
0, 0, 1, 195, 195, 195, 195.0, 0.0, 38025.0, 0, 0, 0, 0, 0, 0, 0, 0, 0, 0, 0, 1, 195, 195, 195, 195.0, 0.0, 38025.0
0, 0, 1, 200, 200, 200, 200.0, 0.0, 40000.0, 0, 0, 0, 0, 0, 0, 0, 0, 0, 0, 0, 1, 200, 200, 200, 200.0, 0.0, 40000.0
0, 0, 0, 0, 0, 0, 0, 0, 0, 0, 0, 0, 0, 0, 0, 0, 0, 0, 0, 0, 0, 0, 0, 0, 0, 0, 0
10, 520, 2, 1664, 195, 1469, 832.0, 405769.0, 1097993.0, 0, 0, 30, 364949, 1500, 23220, 12164.966666666667, 74315864.43222222, 222302278.43333334, 10, 520, 32, 366613, 195, 23220, 11456.65625, 75941120.46305934, 208477010.59375
0, 0, 0, 0, 0, 0, 0, 0, 0, 0, 0, 0, 0, 0, 0, 0, 0, 0, 0, 0, 0, 0, 0, 0, 0, 0, 0
0, 0, 0, 0, 0, 0, 0, 0, 0, 0, 0, 0, 0, 0, 0, 0, 0, 0, 0, 0, 0, 0, 0, 0, 0, 0, 0
0, 0, 0, 0, 0, 0, 0, 0, 0, 0, 0, 0, 0, 0, 0, 0, 0, 0, 0, 0, 0, 0, 0, 0, 0, 0, 0
1, 52, 0, 0, 0, 0, 0, 0, 0, 1, 52, 0, 0, 0, 0, 0, 0, 0, 2, 104, 0, 0, 0, 0, 0, 0, 0
0, 0, 0, 0, 0, 0, 0, 0, 0, 0, 0, 0, 0, 0, 0, 0, 0, 0, 0, 0, 0, 0, 0, 0, 0, 0, 0
0, 0, 0, 0, 0, 0, 0, 0, 0, 0, 0, 0, 0, 0, 0, 0, 0, 0, 0, 0, 0, 0, 0, 0, 0, 0, 0
0, 0, 0, 0, 0, 0, 0, 0, 0, 0, 0, 0, 0, 0, 0, 0, 0, 0, 0, 0, 0, 0, 0, 0, 0, 0, 0
0, 0, 0, 0, 0, 0, 0, 0, 0, 0, 0, 0, 0, 0, 0, 0, 0, 0, 0, 0, 0, 0, 0, 0, 0, 0, 0
0, 0, 0, 0, 0, 0, 0, 0, 0, 0, 0, 0, 0, 0, 0, 0, 0, 0, 0, 0, 0, 0, 0, 0, 0, 0, 0
2, 104, 0, 0, 0, 0, 0, 0, 0, 2, 104, 0, 0, 0, 0, 0, 0, 0, 4, 208, 0, 0, 0, 0, 0, 0, 0
0, 0, 0, 0, 0, 0, 0, 0, 0, 0, 0, 0, 0, 0, 0, 0, 0, 0, 0, 0, 0, 0, 0, 0, 0, 0, 0
0, 0, 1, 195, 195, 195, 195.0, 0.0, 38025.0, 0, 0, 0, 0, 0, 0, 0, 0, 0, 0, 0, 1, 195, 195, 195, 195.0, 0.0, 38025.0
0, 0, 0, 0, 0, 0, 0, 0, 0, 0, 0, 0, 0, 0, 0, 0, 0, 0, 0, 0, 0, 0, 0, 0, 0, 0, 0
0, 0, 0, 0, 0, 0, 0, 0, 0, 0, 0, 0, 0, 0, 0, 0, 0, 0, 0, 0, 0, 0, 0, 0, 0, 0, 0
0, 0, 1, 195, 195, 195, 195.0, 0.0, 38025.0, 0, 0, 0, 0, 0, 0, 0, 0, 0, 0, 0, 1, 195, 195, 195, 195.0, 0.0, 38025.0
14, 728, 1, 1469, 1469, 1469, 1469.0, 0.0, 2157961.0, 0, 0, 35, 375997, 1500, 26116, 10742.771428571428, 61889655.890612245, 177296793.85714287, 14, 728, 36, 377466, 1469, 26116, 10485.166666666666, 62212217.483039066, 172431826.2777778
0, 0, 1, 195, 195, 195, 195.0, 0.0, 38025.0, 0, 0, 0, 0, 0, 0, 0, 0, 0, 0, 0, 1, 195, 195, 195, 195.0, 0.0, 38025.0
0, 0, 0, 0, 0, 0, 0, 0, 0, 0, 0, 0, 0, 0, 0, 0, 0, 0, 0, 0, 0, 0, 0, 0, 0, 0, 0
0, 0, 0, 0, 0, 0, 0, 0, 0, 0, 0, 0, 0, 0, 0, 0, 0, 0, 0, 0, 0, 0, 0, 0, 0, 0, 0
0, 0, 1, 195, 195, 195, 195.0, 0.0, 38025.0, 0, 0, 0, 0, 0, 0, 0, 0, 0, 0, 0, 1, 195, 195, 195, 195.0, 0.0, 38025.0
0, 0, 0, 0, 0, 0, 0, 0, 0, 0, 0, 0, 0, 0, 0, 0, 0, 0, 0, 0, 0, 0, 0, 0, 0, 0, 0
0, 0, 0, 0, 0, 0, 0, 0, 0, 0, 0, 0, 0, 0, 0, 0, 0, 0, 0, 0, 0, 0, 0, 0, 0, 0, 0
0, 0, 2, 816, 91, 725, 408.0, 100489.0, 266953.0, 2, 104, 1, 91, 91, 91, 91.0, 0.0, 8281.0, 2, 104, 3, 907, 91, 725, 302.3333333333333, 75366.75, 180729.0
4, 208, 1, 91, 91, 91, 91.0, 0.0, 8281.0, 1, 52, 3, 298, 83, 124, 99.33333333333333, 314.88888888888886, 10182.0, 5, 260, 4, 389, 83, 124, 97.25, 278.40816326530614, 9706.75
0, 0, 0, 0, 0, 0, 0, 0, 0, 0, 0, 0, 0, 0, 0, 0, 0, 0, 0, 0, 0, 0, 0, 0, 0, 0, 0
0, 0, 1, 459, 459, 459, 459.0, 0.0, 210681.0, 1, 52, 0, 0, 0, 0, 0, 0, 0, 1, 52, 1, 459, 459, 459, 459.0, 0.0, 210681.0
2, 104, 1, 91, 91, 91, 91.0, 0.0, 8281.0, 2, 104, 3, 296, 83, 122, 98.66666666666667, 282.88888888888886, 10018.0, 4, 208, 4, 387, 83, 122, 96.75, 249.6734693877551, 9583.75
0, 0, 0, 0, 0, 0, 0, 0, 0, 0, 0, 0, 0, 0, 0, 0, 0, 0, 0, 0, 0, 0, 0, 0, 0, 0, 0
8, 416, 1, 1469, 1469, 1469, 1469.0, 0.0, 2157961.0, 0, 0, 33, 364991, 1500, 26116, 11060.333333333334, 82681336.4040404, 205012309.84848484, 8, 416, 34, 366460, 1469, 26116, 10778.235294117647, 82799833.4007574, 199046005.47058824
0, 0, 0, 0, 0, 0, 0, 0, 0, 0, 0, 0, 0, 0, 0, 0, 0, 0, 0, 0, 0, 0, 0, 0, 0, 0, 0
0, 0, 0, 0, 0, 0, 0, 0, 0, 0, 0, 0, 0, 0, 0, 0, 0, 0, 0, 0, 0, 0, 0, 0, 0, 0, 0
0, 0, 0, 0, 0, 0, 0, 0, 0, 0, 0, 0, 0, 0, 0, 0, 0, 0, 0, 0, 0, 0, 0, 0, 0, 0, 0
0, 0, 0, 0, 0, 0, 0, 0, 0, 0, 0, 0, 0, 0, 0, 0, 0, 0, 0, 0, 0, 0, 0, 0, 0, 0, 0
0, 0, 0, 0, 0, 0, 0, 0, 0, 0, 0, 0, 0, 0, 0, 0, 0, 0, 0, 0, 0, 0, 0, 0, 0, 0, 0
0, 0, 0, 0, 0, 0, 0, 0, 0, 0, 0, 0, 0, 0, 0, 0, 0, 0, 0, 0, 0, 0, 0, 0, 0, 0, 0
0, 0, 0, 0, 0, 0, 0, 0, 0, 0, 0, 0, 0, 0, 0, 0, 0, 0, 0, 0, 0, 0, 0, 0, 0, 0, 0
0, 0, 0, 0, 0, 0, 0, 0, 0, 0, 0, 0, 0, 0, 0, 0, 0, 0, 0, 0, 0, 0, 0, 0, 0, 0, 0
0, 0, 0, 0, 0, 0, 0, 0, 0, 0, 0, 0, 0, 0, 0, 0, 0, 0, 0, 0, 0, 0, 0, 0, 0, 0, 0
0, 0, 0, 0, 0, 0, 0, 0, 0, 0, 0, 0, 0, 0, 0, 0, 0, 0, 0, 0, 0, 0, 0, 0, 0, 0, 0
0, 0, 0, 0, 0, 0, 0, 0, 0, 0, 0, 0, 0, 0, 0, 0, 0, 0, 0, 0, 0, 0, 0, 0, 0, 0, 0
0, 0, 0, 0, 0, 0, 0, 0, 0, 0, 0, 0, 0, 0, 0, 0, 0, 0, 0, 0, 0, 0, 0, 0, 0, 0, 0
0, 0, 0, 0, 0, 0, 0, 0, 0, 0, 0, 0, 0, 0, 0, 0, 0, 0, 0, 0, 0, 0, 0, 0, 0, 0, 0
0, 0, 0, 0, 0, 0, 0, 0, 0, 0, 0, 0, 0, 0, 0, 0, 0, 0, 0, 0, 0, 0, 0, 0, 0, 0, 0
0, 0, 0, 0, 0, 0, 0, 0, 0, 0, 0, 0, 0, 0, 0, 0, 0, 0, 0, 0, 0, 0, 0, 0, 0, 0, 0
8, 416, 1, 1469, 1469, 1469, 1469.0, 0.0, 2157961.0, 0, 0, 25, 307519, 2948, 27564, 12300.76, 76972214.1824, 228280910.76, 8, 416, 26, 308988, 1469, 27564, 11884.153846153846, 77718376.54748175, 219583874.23076922
3, 156, 0, 0, 0, 0, 0, 0, 0, 0, 0, 4, 56313, 2948, 26116, 14078.25, 97568507.1875, 295765630.25, 3, 156, 4, 56313, 2948, 26116, 14078.25, 97568507.1875, 295765630.25
0, 0, 0, 0, 0, 0, 0, 0, 0, 0, 0, 0, 0, 0, 0, 0, 0, 0, 0, 0, 0, 0, 0, 0, 0, 0, 0
0, 0, 0, 0, 0, 0, 0, 0, 0, 0, 0, 0, 0, 0, 0, 0, 0, 0, 0, 0, 0, 0, 0, 0, 0, 0, 0
0, 0, 0, 0, 0, 0, 0, 0, 0, 0, 0, 0, 0, 0, 0, 0, 0, 0, 0, 0, 0, 0, 0, 0, 0, 0, 0
1, 52, 0, 0, 0, 0, 0, 0, 0, 1, 52, 0, 0, 0, 0, 0, 0, 0, 2, 104, 0, 0, 0, 0, 0, 0, 0
0, 0, 0, 0, 0, 0, 0, 0, 0, 0, 0, 0, 0, 0, 0, 0, 0, 0, 0, 0, 0, 0, 0, 0, 0, 0, 0
0, 0, 0, 0, 0, 0, 0, 0, 0, 0, 0, 0, 0, 0, 0, 0, 0, 0, 0, 0, 0, 0, 0, 0, 0, 0, 0
0, 0, 0, 0, 0, 0, 0, 0, 0, 0, 0, 0, 0, 0, 0, 0, 0, 0, 0, 0, 0, 0, 0, 0, 0, 0, 0
0, 0, 0, 0, 0, 0, 0, 0, 0, 0, 0, 0, 0, 0, 0, 0, 0, 0, 0, 0, 0, 0, 0, 0, 0, 0, 0
0, 0, 0, 0, 0, 0, 0, 0, 0, 0, 0, 0, 0, 0, 0, 0, 0, 0, 0, 0, 0, 0, 0, 0, 0, 0, 0
0, 0, 0, 0, 0, 0, 0, 0, 0, 0, 0, 0, 0, 0, 0, 0, 0, 0, 0, 0, 0, 0, 0, 0, 0, 0, 0
0, 0, 0, 0, 0, 0, 0, 0, 0, 0, 0, 0, 0, 0, 0, 0, 0, 0, 0, 0, 0, 0, 0, 0, 0, 0, 0
0, 0, 1, 195, 195, 195, 195.0, 0.0, 38025.0, 0, 0, 0, 0, 0, 0, 0, 0, 0, 0, 0, 1, 195, 195, 195, 195.0, 0.0, 38025.0
12, 624, 1, 1469, 1469, 1469, 1469.0, 0.0, 2157961.0, 0, 0, 39, 365014, 2948, 20324, 9359.333333333334, 45450876.37606837, 133047996.82051282, 12, 624, 40, 366483, 1469, 20324, 9162.075, 45653641.13411313, 129775745.925
0, 0, 0, 0, 0, 0, 0, 0, 0, 0, 0, 0, 0, 0, 0, 0, 0, 0, 0, 0, 0, 0, 0, 0, 0, 0, 0
0, 0, 1, 195, 195, 195, 195.0, 0.0, 38025.0, 0, 0, 0, 0, 0, 0, 0, 0, 0, 0, 0, 1, 195, 195, 195, 195.0, 0.0, 38025.0
0, 0, 0, 0, 0, 0, 0, 0, 0, 0, 0, 0, 0, 0, 0, 0, 0, 0, 0, 0, 0, 0, 0, 0, 0, 0, 0
0, 0, 0, 0, 0, 0, 0, 0, 0, 0, 0, 0, 0, 0, 0, 0, 0, 0, 0, 0, 0, 0, 0, 0, 0, 0, 0
0, 0, 1, 195, 195, 195, 195.0, 0.0, 38025.0, 0, 0, 0, 0, 0, 0, 0, 0, 0, 0, 0, 1, 195, 195, 195, 195.0, 0.0, 38025.0
0, 0, 0, 0, 0, 0, 0, 0, 0, 0, 0, 0, 0, 0, 0, 0, 0, 0, 0, 0, 0, 0, 0, 0, 0, 0, 0
0, 0, 1, 195, 195, 195, 195.0, 0.0, 38025.0, 0, 0, 0, 0, 0, 0, 0, 0, 0, 0, 0, 1, 195, 195, 195, 195.0, 0.0, 38025.0
0, 0, 0, 0, 0, 0, 0, 0, 0, 0, 0, 0, 0, 0, 0, 0, 0, 0, 0, 0, 0, 0, 0, 0, 0, 0, 0
0, 0, 0, 0, 0, 0, 0, 0, 0, 0, 0, 0, 0, 0, 0, 0, 0, 0, 0, 0, 0, 0, 0, 0, 0, 0, 0
0, 0, 0, 0, 0, 0, 0, 0, 0, 0, 0, 0, 0, 0, 0, 0, 0, 0, 0, 0, 0, 0, 0, 0, 0, 0, 0
0, 0, 0, 0, 0, 0, 0, 0, 0, 0, 0, 0, 0, 0, 0, 0, 0, 0, 0, 0, 0, 0, 0, 0, 0, 0, 0
0, 0, 0, 0, 0, 0, 0, 0, 0, 0, 0, 0, 0, 0, 0, 0, 0, 0, 0, 0, 0, 0, 0, 0, 0, 0, 0
0, 0, 0, 0, 0, 0, 0, 0, 0, 0, 0, 0, 0, 0, 0, 0, 0, 0, 0, 0, 0, 0, 0, 0, 0, 0, 0
6, 312, 1, 1469, 1469, 1469, 1469.0, 0.0, 2157961.0, 0, 0, 38, 362487, 2907, 20324, 9539.131578947368, 49198239.69321329, 140193270.97368422, 6, 312, 39, 363956, 1469, 20324, 9332.205128205129, 49394122.53094958, 136653904.05128205
0, 0, 0, 0, 0, 0, 0, 0, 0, 0, 0, 0, 0, 0, 0, 0, 0, 0, 0, 0, 0, 0, 0, 0, 0, 0, 0
0, 0, 0, 0, 0, 0, 0, 0, 0, 0, 0, 0, 0, 0, 0, 0, 0, 0, 0, 0, 0, 0, 0, 0, 0, 0, 0
0, 0, 0, 0, 0, 0, 0, 0, 0, 0, 0, 0, 0, 0, 0, 0, 0, 0, 0, 0, 0, 0, 0, 0, 0, 0, 0
0, 0, 0, 0, 0, 0, 0, 0, 0, 0, 0, 0, 0, 0, 0, 0, 0, 0, 0, 0, 0, 0, 0, 0, 0, 0, 0
0, 0, 0, 0, 0, 0, 0, 0, 0, 0, 0, 0, 0, 0, 0, 0, 0, 0, 0, 0, 0, 0, 0, 0, 0, 0, 0
0, 0, 0, 0, 0, 0, 0, 0, 0, 0, 0, 0, 0, 0, 0, 0, 0, 0, 0, 0, 0, 0, 0, 0, 0, 0, 0
0, 0, 0, 0, 0, 0, 0, 0, 0, 0, 0, 0, 0, 0, 0, 0, 0, 0, 0, 0, 0, 0, 0, 0, 0, 0, 0
0, 0, 0, 0, 0, 0, 0, 0, 0, 0, 0, 0, 0, 0, 0, 0, 0, 0, 0, 0, 0, 0, 0, 0, 0, 0, 0
0, 0, 0, 0, 0, 0, 0, 0, 0, 0, 0, 0, 0, 0, 0, 0, 0, 0, 0, 0, 0, 0, 0, 0, 0, 0, 0
0, 0, 0, 0, 0, 0, 0, 0, 0, 0, 0, 0, 0, 0, 0, 0, 0, 0, 0, 0, 0, 0, 0, 0, 0, 0, 0
0, 0, 0, 0, 0, 0, 0, 0, 0, 0, 0, 0, 0, 0, 0, 0, 0, 0, 0, 0, 0, 0, 0, 0, 0, 0, 0
0, 0, 0, 0, 0, 0, 0, 0, 0, 0, 0, 0, 0, 0, 0, 0, 0, 0, 0, 0, 0, 0, 0, 0, 0, 0, 0
7, 364, 1, 1469, 1469, 1469, 1469.0, 0.0, 2157961.0, 0, 0, 39, 364784, 808, 23220, 9353.435897435897, 59407038.758711375, 146893801.84615386, 7, 364, 40, 366253, 808, 23220, 9156.325, 59431980.53613203, 143275405.825
0, 0, 0, 0, 0, 0, 0, 0, 0, 0, 0, 0, 0, 0, 0, 0, 0, 0, 0, 0, 0, 0, 0, 0, 0, 0, 0
0, 0, 0, 0, 0, 0, 0, 0, 0, 0, 0, 0, 0, 0, 0, 0, 0, 0, 0, 0, 0, 0, 0, 0, 0, 0, 0
0, 0, 0, 0, 0, 0, 0, 0, 0, 0, 0, 0, 0, 0, 0, 0, 0, 0, 0, 0, 0, 0, 0, 0, 0, 0, 0
0, 0, 0, 0, 0, 0, 0, 0, 0, 0, 0, 0, 0, 0, 0, 0, 0, 0, 0, 0, 0, 0, 0, 0, 0, 0, 0
0, 0, 0, 0, 0, 0, 0, 0, 0, 0, 0, 0, 0, 0, 0, 0, 0, 0, 0, 0, 0, 0, 0, 0, 0, 0, 0
0, 0, 0, 0, 0, 0, 0, 0, 0, 0, 0, 0, 0, 0, 0, 0, 0, 0, 0, 0, 0, 0, 0, 0, 0, 0, 0
0, 0, 0, 0, 0, 0, 0, 0, 0, 0, 0, 0, 0, 0, 0, 0, 0, 0, 0, 0, 0, 0, 0, 0, 0, 0, 0
0, 0, 0, 0, 0, 0, 0, 0, 0, 0, 0, 0, 0, 0, 0, 0, 0, 0, 0, 0, 0, 0, 0, 0, 0, 0, 0
0, 0, 0, 0, 0, 0, 0, 0, 0, 0, 0, 0, 0, 0, 0, 0, 0, 0, 0, 0, 0, 0, 0, 0, 0, 0, 0
0, 0, 0, 0, 0, 0, 0, 0, 0, 0, 0, 0, 0, 0, 0, 0, 0, 0, 0, 0, 0, 0, 0, 0, 0, 0, 0
24, 1248, 1, 1366, 1366, 1366, 1366.0, 0.0, 1865956.0, 0, 0, 67, 684576, 1500, 17428, 10217.55223880597, 48675860.99353976, 153074234.74626866, 24, 1248, 68, 685942, 1366, 17428, 10087.382352941177, 48891370.22200275, 150850583.5882353
0, 0, 0, 0, 0, 0, 0, 0, 0, 0, 0, 0, 0, 0, 0, 0, 0, 0, 0, 0, 0, 0, 0, 0, 0, 0, 0
0, 0, 0, 0, 0, 0, 0, 0, 0, 0, 0, 0, 0, 0, 0, 0, 0, 0, 0, 0, 0, 0, 0, 0, 0, 0, 0
0, 0, 0, 0, 0, 0, 0, 0, 0, 0, 0, 0, 0, 0, 0, 0, 0, 0, 0, 0, 0, 0, 0, 0, 0, 0, 0
0, 0, 0, 0, 0, 0, 0, 0, 0, 0, 0, 0, 0, 0, 0, 0, 0, 0, 0, 0, 0, 0, 0, 0, 0, 0, 0
0, 0, 0, 0, 0, 0, 0, 0, 0, 0, 0, 0, 0, 0, 0, 0, 0, 0, 0, 0, 0, 0, 0, 0, 0, 0, 0
9, 468, 1, 1469, 1469, 1469, 1469.0, 0.0, 2157961.0, 0, 0, 32, 373360, 2948, 26116, 11667.5, 81135411.75, 217265968.0, 9, 468, 33, 374829, 1469, 26116, 11358.454545454546, 81462701.68615384, 210747543.54545453
0, 0, 0, 0, 0, 0, 0, 0, 0, 0, 0, 0, 0, 0, 0, 0, 0, 0, 0, 0, 0, 0, 0, 0, 0, 0, 0
0, 0, 0, 0, 0, 0, 0, 0, 0, 0, 0, 0, 0, 0, 0, 0, 0, 0, 0, 0, 0, 0, 0, 0, 0, 0, 0
0, 0, 0, 0, 0, 0, 0, 0, 0, 0, 0, 0, 0, 0, 0, 0, 0, 0, 0, 0, 0, 0, 0, 0, 0, 0, 0
4, 208, 3, 908, 91, 726, 302.6666666666667, 89605.55555555556, 181212.66666666666, 3, 156, 4, 389, 83, 124, 97.25, 249.1875, 9706.75, 7, 364, 7, 1297, 83, 726, 185.28571428571428, 32988.561983471074, 83209.28571428571
0, 0, 0, 0, 0, 0, 0, 0, 0, 0, 0, 0, 0, 0, 0, 0, 0, 0, 0, 0, 0, 0, 0, 0, 0, 0, 0
0, 0, 0, 0, 0, 0, 0, 0, 0, 0, 0, 0, 0, 0, 0, 0, 0, 0, 0, 0, 0, 0, 0, 0, 0, 0, 0
0, 0, 0, 0, 0, 0, 0, 0, 0, 0, 0, 0, 0, 0, 0, 0, 0, 0, 0, 0, 0, 0, 0, 0, 0, 0, 0
0, 0, 0, 0, 0, 0, 0, 0, 0, 0, 0, 0, 0, 0, 0, 0, 0, 0, 0, 0, 0, 0, 0, 0, 0, 0, 0
0, 0, 0, 0, 0, 0, 0, 0, 0, 0, 0, 0, 0, 0, 0, 0, 0, 0, 0, 0, 0, 0, 0, 0, 0, 0, 0
0, 0, 0, 0, 0, 0, 0, 0, 0, 0, 0, 0, 0, 0, 0, 0, 0, 0, 0, 0, 0, 0, 0, 0, 0, 0, 0
0, 0, 0, 0, 0, 0, 0, 0, 0, 0, 0, 0, 0, 0, 0, 0, 0, 0, 0, 0, 0, 0, 0, 0, 0, 0, 0
0, 0, 0, 0, 0, 0, 0, 0, 0, 0, 0, 0, 0, 0, 0, 0, 0, 0, 0, 0, 0, 0, 0, 0, 0, 0, 0
0, 0, 0, 0, 0, 0, 0, 0, 0, 0, 0, 0, 0, 0, 0, 0, 0, 0, 0, 0, 0, 0, 0, 0, 0, 0, 0
8, 416, 1, 1469, 1469, 1469, 1469.0, 0.0, 2157961.0, 0, 0, 32, 364727, 2948, 23220, 11397.71875, 60590546.57714844, 190498539.28125, 8, 416, 33, 366196, 1469, 23220, 11096.848484848484, 61151658.92213017, 184791249.03030303
0, 0, 0, 0, 0, 0, 0, 0, 0, 0, 0, 0, 0, 0, 0, 0, 0, 0, 0, 0, 0, 0, 0, 0, 0, 0, 0
0, 0, 0, 0, 0, 0, 0, 0, 0, 0, 0, 0, 0, 0, 0, 0, 0, 0, 0, 0, 0, 0, 0, 0, 0, 0, 0
0, 0, 0, 0, 0, 0, 0, 0, 0, 0, 0, 0, 0, 0, 0, 0, 0, 0, 0, 0, 0, 0, 0, 0, 0, 0, 0
0, 0, 0, 0, 0, 0, 0, 0, 0, 0, 0, 0, 0, 0, 0, 0, 0, 0, 0, 0, 0, 0, 0, 0, 0, 0, 0
