addr1_packet_ctrl, addr1_bytes_ctrl, addr1_packet, addr1_bytes, addr1_pkt_len_min, addr1_pkt_len_max, addr1_pkt_len_avg,addr1_pkt_len_var, addr1_pkt_len_mom2, addr2_packet_ctrl, addr2_bytes_ctrl, addr2_packet, addr2_bytes, addr2_pkt_len_min, addr2_pkt_len_max, addr2_pkt_len_avg,addr2_pkt_len_var, addr2_pkt_len_mom2, addra_packet_ctrl, addra_bytes_ctrl, addra_packet, addra_bytes, addra_pkt_len_min, addra_pkt_len_max, addra_pkt_len_avg,addra_pkt_len_var, addra_pkt_len_mom2 
2, 104, 0, 0, 0, 0, 0, 0, 0, 2, 104, 0, 0, 0, 0, 0, 0, 0, 4, 208, 0, 0, 0, 0, 0, 0, 0
18, 936, 8, 3524, 72, 1612, 440.5, 247561.0, 441601.25, 10, 532, 8, 2390, 83, 707, 298.75, 31315.4375, 120567.0, 28, 1468, 16, 5914, 72, 1612, 369.625, 107862.41666666667, 281084.125
7, 372, 9, 2144, 72, 651, 238.22222222222223, 43995.50617283951, 100745.33333333333, 4, 216, 7, 1951, 122, 665, 278.7142857142857, 29833.0612244898, 107514.71428571429, 11, 588, 16, 4095, 72, 665, 255.9375, 35765.41776937618, 103706.9375
28, 1480, 31, 10397, 81, 2156, 335.38709677419354, 156495.52757544228, 268980.03225806454, 21, 1116, 45, 26305, 83, 3329, 584.5555555555555, 616580.824691358, 958286.0222222222, 49, 2596, 76, 36702, 81, 3329, 482.92105263157896, 510538.6813742231, 677121.7368421053
30, 1584, 35, 12643, 72, 1628, 361.22857142857146, 114927.37632653062, 245413.45714285714, 27, 1428, 41, 13151, 83, 1274, 320.7560975609756, 113357.3551457466, 216241.82926829267, 57, 3012, 76, 25794, 72, 1628, 339.39473684210526, 114170.44283731465, 229676.13157894736
22, 1168, 30, 7617, 74, 789, 253.9, 55570.090000000004, 120035.3, 18, 952, 37, 24430, 83, 7374, 660.2702702702703, 1622682.4674945215, 2058639.2972972973, 40, 2120, 67, 32047, 74, 7374, 478.3134328358209, 1204525.3919193784, 1190607.656716418
152, 7928, 30, 13008, 71, 1816, 433.6, 217880.04000000004, 405889.0, 20, 1072, 296, 3079902, 83, 26116, 10405.074324324325, 60153737.453935355, 168419309.14864865, 172, 9000, 326, 3092910, 71, 26116, 9487.453987730061, 61827311.528385766, 152957951.46625766
27, 1404, 5, 2775, 178, 1232, 555.0, 158907.2, 466932.2, 2, 104, 101, 829849, 87, 23220, 8216.326732673268, 50389523.051661596, 117897548.02970298, 29, 1508, 106, 832624, 87, 23220, 7854.943396226415, 50559753.37608813, 112358368.03773585
97, 5052, 3, 326, 85, 150, 108.66666666666667, 860.2222222222223, 12668.666666666666, 2, 104, 130, 1180547, 103, 18486, 9081.13076923077, 37304919.39059172, 119771855.43846154, 99, 5156, 133, 1180873, 85, 18486, 8878.744360902256, 37787232.055689685, 117070520.39849624
109, 5692, 10, 4306, 79, 1215, 430.6, 129972.84000000001, 315389.2, 6, 328, 164, 1306490, 83, 17068, 7966.40243902439, 30738534.301457465, 94202102.12195122, 115, 6020, 174, 1310796, 79, 17068, 7533.310344827586, 31463375.40131648, 88806314.02298851
7, 364, 6, 3235, 178, 1563, 539.1666666666666, 240223.13888888888, 530923.8333333334, 4, 224, 5, 16849, 346, 5546, 3369.8, 4731852.160000001, 16087404.2, 11, 588, 11, 20084, 178, 5546, 1825.8181818181818, 4925417.46484375, 7602051.2727272725
67, 3492, 11, 6553, 91, 1967, 595.7272727272727, 383818.74380165286, 738709.7272727273, 4, 208, 183, 1359968, 91, 17068, 7431.51912568306, 28180070.063841857, 83407546.57923497, 71, 3700, 194, 1366521, 91, 17068, 7043.922680412371, 28692675.34573521, 78720138.30412371
45, 2340, 11, 3572, 87, 1234, 324.72727272727275, 104927.47107438017, 210375.27272727274, 11, 580, 181, 1237515, 83, 16498, 6837.099447513812, 28735585.934861574, 75481514.79005525, 56, 2920, 192, 1241087, 83, 16498, 6463.994791666667, 29105091.75931689, 71169105.75520833
10, 520, 7, 3346, 91, 1227, 478.0, 157081.7142857143, 385565.71428571426, 3, 156, 21, 66906, 83, 15783, 3186.0, 23358873.904761903, 33509469.904761903, 13, 676, 28, 70252, 83, 15783, 2509.0, 20942282.85714286, 25228493.85714286
80, 4160, 8, 982, 91, 156, 122.75, 1011.4375, 16079.0, 7, 364, 155, 1269678, 91, 19904, 8191.470967741935, 33613377.2814152, 100713573.89677419, 87, 4524, 163, 1270660, 91, 19904, 7795.460122699386, 34364422.54535027, 95771365.55828221
67, 3484, 2, 241, 91, 150, 120.5, 870.25, 15390.5, 2, 104, 155, 1209403, 83, 16498, 7802.6, 29243456.549677424, 90124023.30967742, 69, 3588, 157, 1209644, 83, 16498, 7704.738853503185, 29431878.184325688, 88976142.63694267
14, 728, 14, 2800, 87, 1233, 200.0, 83067.0, 123067.0, 8, 416, 73, 482385, 91, 19904, 6608.013698630137, 36422903.68474385, 80088748.7260274, 22, 1144, 87, 485185, 87, 19904, 5576.83908045977, 36521763.10234375, 67220707.98850575
71, 3692, 6, 734, 91, 156, 122.33333333333333, 987.2222222222222, 15952.666666666666, 4, 208, 154, 1244537, 91, 16498, 8081.409090909091, 30044737.683293976, 95353910.57792208, 75, 3900, 160, 1245271, 91, 16498, 7782.94375, 30657973.72887338, 91778737.15625
68, 3536, 4, 2142, 91, 1216, 535.5, 208173.25, 494933.5, 2, 104, 105, 1013017, 83, 19904, 9647.780952380952, 30591629.618684806, 123671306.92380953, 70, 3640, 109, 1015159, 83, 19904, 9313.385321100917, 31546735.7248668, 119151073.03669725
5, 260, 2, 1317, 629, 688, 658.5, 870.25, 434492.5, 0, 0, 12, 64881, 87, 16458, 5406.75, 32805422.854166668, 62038368.416666664, 5, 260, 14, 66198, 87, 16458, 4728.428571428572, 31882886.480769232, 53237814.71428572
87, 4524, 7, 4386, 91, 1220, 626.5714285714286, 132404.2448979592, 524996.0, 2, 104, 166, 1273431, 91, 19904, 7671.27108433735, 27052757.101212077, 85901157.15060242, 89, 4628, 173, 1277817, 91, 19904, 7386.225433526011, 27500482.00929334, 82446630.39884393
105, 5460, 4, 480, 91, 149, 120.0, 841.0, 15241.0, 4, 208, 234, 1913578, 83, 22740, 8177.683760683761, 34357755.592300385, 101232267.28205128, 109, 5668, 238, 1914058, 83, 22740, 8042.26050420168, 34612155.00237001, 99531140.78991596
2, 104, 0, 0, 0, 0, 0, 0, 0, 0, 0, 7, 64174, 354, 19904, 9167.714285714286, 46022465.63265306, 130069450.85714285, 2, 104, 7, 64174, 354, 19904, 9167.714285714286, 46022465.63265306, 130069450.85714285
12, 624, 4, 480, 91, 149, 120.0, 841.0, 15241.0, 4, 208, 32, 225949, 91, 18684, 7060.90625, 31227219.022460938, 81083616.09375, 16, 832, 36, 226429, 91, 18684, 6289.694444444444, 32057566.589100346, 72076018.8611111
14, 728, 1, 91, 91, 91, 91.0, 0.0, 8281.0, 0, 0, 36, 291849, 83, 16498, 8106.916666666667, 33698624.74305555, 99420722.58333333, 14, 728, 37, 291940, 83, 16498, 7890.27027027027, 34105146.53593545, 96733899.83783785
4, 208, 9, 2909, 87, 1232, 323.22222222222223, 115207.50617283954, 219680.11111111112, 8, 416, 9, 1489, 83, 346, 165.44444444444446, 9603.358024691359, 36975.22222222222, 12, 624, 18, 4398, 83, 1232, 244.33333333333334, 50336.702331961584, 128327.66666666667
99, 5148, 5, 859, 91, 437, 171.8, 18087.359999999997, 47602.6, 5, 260, 172, 1404734, 83, 16498, 8167.058139534884, 28019992.287317466, 94720830.94186047, 104, 5408, 177, 1405593, 83, 16498, 7941.203389830508, 28521517.05785667, 92046445.96045198
84, 4368, 7, 822, 87, 156, 117.42857142857143, 1008.2448979591836, 14797.714285714286, 5, 260, 167, 1382983, 91, 16498, 8281.335329341317, 30079152.306715913, 98659667.14371258, 89, 4628, 174, 1383805, 87, 16498, 7952.902298850575, 30801795.778037682, 94691195.38505746
1, 52, 0, 0, 0, 0, 0, 0, 0, 1, 52, 8, 64522, 656, 16458, 8065.25, 28433685.6875, 93481943.25, 2, 104, 8, 64522, 656, 16458, 8065.25, 28433685.6875, 93481943.25
126, 6552, 3, 332, 91, 150, 110.66666666666667, 773.5555555555555, 13020.666666666666, 5, 260, 262, 2185170, 76, 18486, 8340.34351145038, 37039532.40871744, 106600862.29770993, 131, 6812, 265, 2185502, 76, 18486, 8247.177358490566, 37212036.82682759, 105394207.48679246
27, 1404, 6, 741, 91, 156, 123.5, 1056.25, 16308.5, 7, 364, 32, 214961, 83, 21560, 6717.53125, 42011444.43652344, 87136670.53125, 34, 1768, 38, 215702, 83, 21560, 5676.368421052632, 41818064.0777551, 73380823.89473684
0, 0, 0, 0, 0, 0, 0, 0, 0, 0, 0, 0, 0, 0, 0, 0, 0, 0, 0, 0, 0, 0, 0, 0, 0, 0, 0
159, 8268, 6, 723, 91, 150, 120.5, 870.25, 15390.5, 5, 260, 334, 3435681, 91, 22740, 10286.47005988024, 45289491.171259284, 151100957.46407187, 164, 8528, 340, 3436404, 91, 22740, 10107.070588235294, 45798140.938374475, 148434741.57647058
3, 156, 6, 741, 91, 156, 123.5, 1056.25, 16308.5, 7, 364, 21, 199485, 91, 17068, 9499.285714285714, 51765460.394557826, 142001889.47619048, 10, 520, 27, 200226, 91, 17068, 7415.777777777777, 54909558.381510414, 110449538.14814815
0, 0, 0, 0, 0, 0, 0, 0, 0, 0, 0, 0, 0, 0, 0, 0, 0, 0, 0, 0, 0, 0, 0, 0, 0, 0, 0
0, 0, 1, 150, 150, 150, 150.0, 0.0, 22500.0, 1, 52, 0, 0, 0, 0, 0, 0, 0, 1, 52, 1, 150, 150, 150, 150.0, 0.0, 22500.0
36, 1872, 5, 575, 87, 156, 115.0, 968.4, 14193.4, 4, 208, 125, 1134493, 91, 25576, 9075.944, 49756397.540864006, 132129157.032, 40, 2080, 130, 1135068, 87, 25576, 8731.292307692307, 50324409.452579774, 127047812.27692308
133, 6916, 3, 332, 91, 150, 110.66666666666667, 773.5555555555555, 13020.666666666666, 3, 156, 297, 2494614, 83, 22740, 8399.373737373737, 32389120.402407918, 102938599.58249158, 136, 7072, 300, 2494946, 83, 22740, 8316.486666666666, 32569869.54077478, 101909343.79333334
0, 0, 0, 0, 0, 0, 0, 0, 0, 0, 0, 0, 0, 0, 0, 0, 0, 0, 0, 0, 0, 0, 0, 0, 0, 0, 0
2, 104, 0, 0, 0, 0, 0, 0, 0, 1, 52, 1, 83, 83, 83, 83.0, 0.0, 6889.0, 3, 156, 1, 83, 83, 83, 83.0, 0.0, 6889.0
0, 0, 0, 0, 0, 0, 0, 0, 0, 0, 0, 0, 0, 0, 0, 0, 0, 0, 0, 0, 0, 0, 0, 0, 0, 0, 0
0, 0, 0, 0, 0, 0, 0, 0, 0, 0, 0, 0, 0, 0, 0, 0, 0, 0, 0, 0, 0, 0, 0, 0, 0, 0, 0
1, 52, 0, 0, 0, 0, 0, 0, 0, 0, 0, 2, 376, 83, 293, 188.0, 11025.0, 46369.0, 1, 52, 2, 376, 83, 293, 188.0, 11025.0, 46369.0
45, 2340, 4, 488, 91, 156, 122.0, 965.5, 15849.5, 4, 208, 184, 1287496, 91, 21322, 6997.260869565217, 25537783.06238186, 74499442.73913044, 49, 2548, 188, 1287984, 91, 21322, 6850.978723404255, 25765999.442652334, 72914685.4361702
1, 52, 0, 0, 0, 0, 0, 0, 0, 1, 60, 0, 0, 0, 0, 0, 0, 0, 2, 112, 0, 0, 0, 0, 0, 0, 0
0, 0, 0, 0, 0, 0, 0, 0, 0, 0, 0, 0, 0, 0, 0, 0, 0, 0, 0, 0, 0, 0, 0, 0, 0, 0, 0
0, 0, 0, 0, 0, 0, 0, 0, 0, 0, 0, 0, 0, 0, 0, 0, 0, 0, 0, 0, 0, 0, 0, 0, 0, 0, 0
0, 0, 0, 0, 0, 0, 0, 0, 0, 0, 0, 0, 0, 0, 0, 0, 0, 0, 0, 0, 0, 0, 0, 0, 0, 0, 0
0, 0, 0, 0, 0, 0, 0, 0, 0, 0, 0, 0, 0, 0, 0, 0, 0, 0, 0, 0, 0, 0, 0, 0, 0, 0, 0
4, 208, 0, 0, 0, 0, 0, 0, 0, 2, 104, 2, 166, 83, 83, 83.0, 0.0, 6889.0, 6, 312, 2, 166, 83, 83, 83.0, 0.0, 6889.0
0, 0, 0, 0, 0, 0, 0, 0, 0, 0, 0, 0, 0, 0, 0, 0, 0, 0, 0, 0, 0, 0, 0, 0, 0, 0, 0
0, 0, 0, 0, 0, 0, 0, 0, 0, 0, 0, 0, 0, 0, 0, 0, 0, 0, 0, 0, 0, 0, 0, 0, 0, 0, 0
0, 0, 0, 0, 0, 0, 0, 0, 0, 0, 0, 0, 0, 0, 0, 0, 0, 0, 0, 0, 0, 0, 0, 0, 0, 0, 0
0, 0, 0, 0, 0, 0, 0, 0, 0, 0, 0, 0, 0, 0, 0, 0, 0, 0, 0, 0, 0, 0, 0, 0, 0, 0, 0
61, 3172, 4, 488, 91, 156, 122.0, 965.5, 15849.5, 4, 208, 218, 1260869, 83, 17068, 5783.802752293578, 16645903.892286003, 50098278.16972477, 65, 3380, 222, 1261357, 83, 17068, 5681.788288288289, 16783355.289896693, 49195892.067567565
0, 0, 0, 0, 0, 0, 0, 0, 0, 0, 0, 0, 0, 0, 0, 0, 0, 0, 0, 0, 0, 0, 0, 0, 0, 0, 0
0, 0, 0, 0, 0, 0, 0, 0, 0, 0, 0, 0, 0, 0, 0, 0, 0, 0, 0, 0, 0, 0, 0, 0, 0, 0, 0
0, 0, 0, 0, 0, 0, 0, 0, 0, 0, 0, 0, 0, 0, 0, 0, 0, 0, 0, 0, 0, 0, 0, 0, 0, 0, 0
0, 0, 0, 0, 0, 0, 0, 0, 0, 0, 0, 0, 0, 0, 0, 0, 0, 0, 0, 0, 0, 0, 0, 0, 0, 0, 0
0, 0, 0, 0, 0, 0, 0, 0, 0, 0, 0, 0, 0, 0, 0, 0, 0, 0, 0, 0, 0, 0, 0, 0, 0, 0, 0
2, 104, 2, 730, 91, 639, 365.0, 75076.0, 208301.0, 1, 52, 2, 422, 91, 331, 211.0, 14400.0, 58921.0, 3, 156, 4, 1152, 91, 639, 288.0, 39895.555555555555, 133611.0
0, 0, 0, 0, 0, 0, 0, 0, 0, 0, 0, 0, 0, 0, 0, 0, 0, 0, 0, 0, 0, 0, 0, 0, 0, 0, 0
15, 796, 0, 0, 0, 0, 0, 0, 0, 5, 260, 0, 0, 0, 0, 0, 0, 0, 20, 1056, 0, 0, 0, 0, 0, 0, 0
3, 156, 4, 2025, 103, 784, 506.25, 61907.6875, 318196.75, 4, 224, 1, 189, 189, 189, 189.0, 0.0, 35721.0, 7, 380, 5, 2214, 103, 784, 442.8, 63637.916666666664, 261701.6
2, 104, 1, 103, 103, 103, 103.0, 0.0, 10609.0, 1, 52, 2, 490, 189, 301, 245.0, 3136.0, 63161.0, 3, 156, 3, 593, 103, 301, 197.66666666666666, 5735.039999999999, 45643.666666666664
2, 104, 2, 247, 91, 156, 123.5, 1056.25, 16308.5, 3, 156, 15, 70256, 91, 13514, 4683.733333333334, 17088789.662222225, 39026147.6, 5, 260, 17, 70503, 91, 13514, 4147.235294117647, 17239306.014648438, 34436754.76470588
0, 0, 1, 150, 150, 150, 150.0, 0.0, 22500.0, 1, 52, 0, 0, 0, 0, 0, 0, 0, 1, 52, 1, 150, 150, 150, 150.0, 0.0, 22500.0
52, 2704, 1, 91, 91, 91, 91.0, 0.0, 8281.0, 1, 52, 314, 1360913, 91, 16458, 4334.117834394904, 10373309.632611873, 29157887.035031848, 53, 2756, 315, 1361004, 91, 16458, 4320.647619047619, 10385395.667643143, 29065348.603174604
0, 0, 0, 0, 0, 0, 0, 0, 0, 0, 0, 0, 0, 0, 0, 0, 0, 0, 0, 0, 0, 0, 0, 0, 0, 0, 0
0, 0, 0, 0, 0, 0, 0, 0, 0, 0, 0, 0, 0, 0, 0, 0, 0, 0, 0, 0, 0, 0, 0, 0, 0, 0, 0
0, 0, 0, 0, 0, 0, 0, 0, 0, 0, 0, 0, 0, 0, 0, 0, 0, 0, 0, 0, 0, 0, 0, 0, 0, 0, 0
0, 0, 0, 0, 0, 0, 0, 0, 0, 0, 0, 0, 0, 0, 0, 0, 0, 0, 0, 0, 0, 0, 0, 0, 0, 0, 0
0, 0, 0, 0, 0, 0, 0, 0, 0, 0, 0, 0, 0, 0, 0, 0, 0, 0, 0, 0, 0, 0, 0, 0, 0, 0, 0
0, 0, 0, 0, 0, 0, 0, 0, 0, 0, 0, 0, 0, 0, 0, 0, 0, 0, 0, 0, 0, 0, 0, 0, 0, 0, 0
0, 0, 0, 0, 0, 0, 0, 0, 0, 0, 0, 0, 0, 0, 0, 0, 0, 0, 0, 0, 0, 0, 0, 0, 0, 0, 0
3, 156, 0, 0, 0, 0, 0, 0, 0, 3, 156, 0, 0, 0, 0, 0, 0, 0, 6, 312, 0, 0, 0, 0, 0, 0, 0
1, 52, 2, 247, 91, 156, 123.5, 1056.25, 16308.5, 2, 104, 21, 71985, 91, 9978, 3427.8571428571427, 8333682.884353738, 20083887.476190478, 3, 156, 23, 72232, 91, 9978, 3140.521739130435, 8428675.679235538, 18338880.608695652
0, 0, 1, 150, 150, 150, 150.0, 0.0, 22500.0, 1, 52, 0, 0, 0, 0, 0, 0, 0, 1, 52, 1, 150, 150, 150, 150.0, 0.0, 22500.0
78, 4164, 2, 178, 87, 91, 89.0, 4.0, 7925.0, 2, 104, 287, 1254056, 91, 16458, 4369.5331010452965, 10623018.667022787, 29715838.18815331, 80, 4268, 289, 1254234, 87, 16458, 4339.910034602076, 10649533.693274982, 29510247.093425605
0, 0, 0, 0, 0, 0, 0, 0, 0, 0, 0, 0, 0, 0, 0, 0, 0, 0, 0, 0, 0, 0, 0, 0, 0, 0, 0
0, 0, 0, 0, 0, 0, 0, 0, 0, 0, 0, 0, 0, 0, 0, 0, 0, 0, 0, 0, 0, 0, 0, 0, 0, 0, 0
0, 0, 1, 200, 200, 200, 200.0, 0.0, 40000.0, 0, 0, 0, 0, 0, 0, 0, 0, 0, 0, 0, 1, 200, 200, 200, 200.0, 0.0, 40000.0
0, 0, 0, 0, 0, 0, 0, 0, 0, 0, 0, 0, 0, 0, 0, 0, 0, 0, 0, 0, 0, 0, 0, 0, 0, 0, 0
0, 0, 0, 0, 0, 0, 0, 0, 0, 0, 0, 0, 0, 0, 0, 0, 0, 0, 0, 0, 0, 0, 0, 0, 0, 0, 0
0, 0, 1, 200, 200, 200, 200.0, 0.0, 40000.0, 0, 0, 0, 0, 0, 0, 0, 0, 0, 0, 0, 1, 200, 200, 200, 200.0, 0.0, 40000.0
0, 0, 0, 0, 0, 0, 0, 0, 0, 0, 0, 0, 0, 0, 0, 0, 0, 0, 0, 0, 0, 0, 0, 0, 0, 0, 0
1, 52, 1, 200, 200, 200, 200.0, 0.0, 40000.0, 1, 52, 0, 0, 0, 0, 0, 0, 0, 2, 104, 1, 200, 200, 200, 200.0, 0.0, 40000.0
0, 0, 0, 0, 0, 0, 0, 0, 0, 0, 0, 0, 0, 0, 0, 0, 0, 0, 0, 0, 0, 0, 0, 0, 0, 0, 0
72, 3744, 4, 488, 91, 156, 122.0, 965.5, 15849.5, 4, 208, 227, 1550503, 91, 18486, 6830.409691629956, 25486611.854179196, 72141108.40969163, 76, 3952, 231, 1550991, 91, 18486, 6714.2467532467535, 25653634.36095803, 70892186.17748918
0, 0, 1, 200, 200, 200, 200.0, 0.0, 40000.0, 0, 0, 0, 0, 0, 0, 0, 0, 0, 0, 0, 1, 200, 200, 200, 200.0, 0.0, 40000.0
0, 0, 0, 0, 0, 0, 0, 0, 0, 0, 0, 0, 0, 0, 0, 0, 0, 0, 0, 0, 0, 0, 0, 0, 0, 0, 0
0, 0, 0, 0, 0, 0, 0, 0, 0, 0, 0, 0, 0, 0, 0, 0, 0, 0, 0, 0, 0, 0, 0, 0, 0, 0, 0
3, 156, 0, 0, 0, 0, 0, 0, 0, 2, 104, 1, 83, 83, 83, 83.0, 0.0, 6889.0, 5, 260, 1, 83, 83, 83, 83.0, 0.0, 6889.0
1, 52, 0, 0, 0, 0, 0, 0, 0, 0, 0, 2, 376, 83, 293, 188.0, 11025.0, 46369.0, 1, 52, 2, 376, 83, 293, 188.0, 11025.0, 46369.0
0, 0, 0, 0, 0, 0, 0, 0, 0, 0, 0, 0, 0, 0, 0, 0, 0, 0, 0, 0, 0, 0, 0, 0, 0, 0, 0
0, 0, 0, 0, 0, 0, 0, 0, 0, 0, 0, 0, 0, 0, 0, 0, 0, 0, 0, 0, 0, 0, 0, 0, 0, 0, 0
0, 0, 0, 0, 0, 0, 0, 0, 0, 0, 0, 0, 0, 0, 0, 0, 0, 0, 0, 0, 0, 0, 0, 0, 0, 0, 0
2, 104, 2, 247, 91, 156, 123.5, 1056.25, 16308.5, 1, 52, 15, 67428, 91, 9978, 4495.2, 7065308.5600000005, 27272131.6, 3, 156, 17, 67675, 91, 9978, 3980.8823529411766, 7743622.5302734375, 24065564.17647059
0, 0, 0, 0, 0, 0, 0, 0, 0, 1, 52, 0, 0, 0, 0, 0, 0, 0, 1, 52, 0, 0, 0, 0, 0, 0, 0
0, 0, 1, 150, 150, 150, 150.0, 0.0, 22500.0, 1, 52, 0, 0, 0, 0, 0, 0, 0, 1, 52, 1, 150, 150, 150, 150.0, 0.0, 22500.0
26, 1352, 0, 0, 0, 0, 0, 0, 0, 0, 0, 156, 606758, 331, 12814, 3889.474358974359, 7969073.069855357, 23097083.85897436, 26, 1352, 156, 606758, 331, 12814, 3889.474358974359, 7969073.069855358, 23097083.85897436
31, 1612, 1, 91, 91, 91, 91.0, 0.0, 8281.0, 1, 52, 116, 570828, 91, 16458, 4920.931034482759, 12219899.357312722, 36435461.60344828, 32, 1664, 117, 570919, 91, 16458, 4879.649572649572, 12267144.907808213, 36124118.179487176
0, 0, 0, 0, 0, 0, 0, 0, 0, 0, 0, 0, 0, 0, 0, 0, 0, 0, 0, 0, 0, 0, 0, 0, 0, 0, 0
3, 164, 0, 0, 0, 0, 0, 0, 0, 0, 0, 0, 0, 0, 0, 0, 0, 0, 3, 164, 0, 0, 0, 0, 0, 0, 0
2, 112, 1, 569, 569, 569, 569.0, 0.0, 323761.0, 2, 112, 0, 0, 0, 0, 0, 0, 0, 4, 224, 1, 569, 569, 569, 569.0, 0.0, 323761.0
2, 104, 3, 1456, 103, 784, 485.3333333333333, 80793.55555555556, 316342.0, 1, 60, 1, 189, 189, 189, 189.0, 0.0, 35721.0, 3, 164, 4, 1645, 103, 784, 411.25, 69551.36, 246186.75
2, 104, 1, 103, 103, 103, 103.0, 0.0, 10609.0, 1, 52, 2, 490, 189, 301, 245.0, 3136.0, 63161.0, 3, 156, 3, 593, 103, 301, 197.66666666666666, 5735.039999999999, 45643.666666666664
0, 0, 0, 0, 0, 0, 0, 0, 0, 1, 52, 0, 0, 0, 0, 0, 0, 0, 1, 52, 0, 0, 0, 0, 0, 0, 0
0, 0, 0, 0, 0, 0, 0, 0, 0, 0, 0, 0, 0, 0, 0, 0, 0, 0, 0, 0, 0, 0, 0, 0, 0, 0, 0
1, 52, 2, 247, 91, 156, 123.5, 1056.25, 16308.5, 2, 104, 15, 70945, 91, 13514, 4729.666666666667, 18665142.488888893, 41034889.266666666, 3, 156, 17, 71192, 91, 13514, 4187.764705882353, 18741807.295898438, 36209173.88235294
38, 1976, 2, 241, 91, 150, 120.5, 870.25, 15390.5, 1, 52, 154, 1172575, 91, 24158, 7614.123376623376, 35256492.4847782, 93231367.27922077, 39, 2028, 156, 1172816, 91, 24158, 7518.051282051282, 35388985.92142559, 92036290.65384616
0, 0, 0, 0, 0, 0, 0, 0, 0, 1, 52, 0, 0, 0, 0, 0, 0, 0, 1, 52, 0, 0, 0, 0, 0, 0, 0
0, 0, 0, 0, 0, 0, 0, 0, 0, 0, 0, 0, 0, 0, 0, 0, 0, 0, 0, 0, 0, 0, 0, 0, 0, 0, 0
0, 0, 0, 0, 0, 0, 0, 0, 0, 0, 0, 0, 0, 0, 0, 0, 0, 0, 0, 0, 0, 0, 0, 0, 0, 0, 0
0, 0, 0, 0, 0, 0, 0, 0, 0, 0, 0, 0, 0, 0, 0, 0, 0, 0, 0, 0, 0, 0, 0, 0, 0, 0, 0
0, 0, 0, 0, 0, 0, 0, 0, 0, 0, 0, 0, 0, 0, 0, 0, 0, 0, 0, 0, 0, 0, 0, 0, 0, 0, 0
2, 104, 2, 730, 91, 639, 365.0, 75076.0, 208301.0, 1, 52, 2, 422, 91, 331, 211.0, 14400.0, 58921.0, 3, 156, 4, 1152, 91, 639, 288.0, 39895.555555555555, 133611.0
0, 0, 0, 0, 0, 0, 0, 0, 0, 0, 0, 0, 0, 0, 0, 0, 0, 0, 0, 0, 0, 0, 0, 0, 0, 0, 0
0, 0, 0, 0, 0, 0, 0, 0, 0, 0, 0, 0, 0, 0, 0, 0, 0, 0, 0, 0, 0, 0, 0, 0, 0, 0, 0
0, 0, 0, 0, 0, 0, 0, 0, 0, 0, 0, 0, 0, 0, 0, 0, 0, 0, 0, 0, 0, 0, 0, 0, 0, 0, 0
2, 104, 3, 397, 91, 156, 132.33333333333334, 860.2222222222222, 18372.333333333332, 3, 156, 19, 69988, 91, 8560, 3683.5789473684213, 9217555.927977838, 22786309.789473683, 5, 260, 22, 70385, 91, 8560, 3199.318181818182, 9398424.342653185, 19681591.045454547
2, 104, 0, 0, 0, 0, 0, 0, 0, 0, 0, 16, 65716, 247, 11396, 4107.25, 8851684.4375, 25721187.0, 2, 104, 16, 65716, 247, 11396, 4107.25, 8851684.4375, 25721187.0
82, 4264, 1, 91, 91, 91, 91.0, 0.0, 8281.0, 1, 52, 263, 1156781, 91, 16458, 4398.406844106464, 8669220.035998786, 28015202.80228137, 83, 4316, 264, 1156872, 91, 16458, 4382.090909090909, 8687909.461655067, 27909115.977272727
0, 0, 0, 0, 0, 0, 0, 0, 0, 0, 0, 0, 0, 0, 0, 0, 0, 0, 0, 0, 0, 0, 0, 0, 0, 0, 0
0, 0, 0, 0, 0, 0, 0, 0, 0, 0, 0, 0, 0, 0, 0, 0, 0, 0, 0, 0, 0, 0, 0, 0, 0, 0, 0
0, 0, 0, 0, 0, 0, 0, 0, 0, 0, 0, 0, 0, 0, 0, 0, 0, 0, 0, 0, 0, 0, 0, 0, 0, 0, 0
0, 0, 0, 0, 0, 0, 0, 0, 0, 0, 0, 0, 0, 0, 0, 0, 0, 0, 0, 0, 0, 0, 0, 0, 0, 0, 0
0, 0, 0, 0, 0, 0, 0, 0, 0, 0, 0, 0, 0, 0, 0, 0, 0, 0, 0, 0, 0, 0, 0, 0, 0, 0, 0
0, 0, 0, 0, 0, 0, 0, 0, 0, 0, 0, 0, 0, 0, 0, 0, 0, 0, 0, 0, 0, 0, 0, 0, 0, 0, 0
0, 0, 0, 0, 0, 0, 0, 0, 0, 0, 0, 0, 0, 0, 0, 0, 0, 0, 0, 0, 0, 0, 0, 0, 0, 0, 0
0, 0, 0, 0, 0, 0, 0, 0, 0, 0, 0, 0, 0, 0, 0, 0, 0, 0, 0, 0, 0, 0, 0, 0, 0, 0, 0
2, 104, 3, 397, 91, 156, 132.33333333333334, 860.2222222222222, 18372.333333333332, 4, 208, 15, 73770, 91, 9260, 4918.0, 7346240.4, 31532964.4, 6, 312, 18, 74167, 91, 9260, 4120.388888888889, 8571255.875114784, 26280532.388888888
12, 624, 0, 0, 0, 0, 0, 0, 0, 10, 520, 15, 65632, 331, 12814, 4375.466666666666, 11479681.448888889, 30624390.0, 22, 1144, 15, 65632, 331, 12814, 4375.466666666666, 11479681.448888889, 30624390.0
60, 3120, 1, 91, 91, 91, 91.0, 0.0, 8281.0, 1, 52, 288, 1302276, 91, 16498, 4521.791666666667, 11497599.67881944, 31944199.555555556, 61, 3172, 289, 1302367, 91, 16498, 4506.4602076124565, 11511638.311399728, 31833694.647058822
3, 156, 0, 0, 0, 0, 0, 0, 0, 1, 52, 3, 459, 83, 293, 153.0, 9800.0, 33209.0, 4, 208, 3, 459, 83, 293, 153.0, 9800.0, 33209.0
0, 0, 0, 0, 0, 0, 0, 0, 0, 0, 0, 0, 0, 0, 0, 0, 0, 0, 0, 0, 0, 0, 0, 0, 0, 0, 0
2, 104, 0, 0, 0, 0, 0, 0, 0, 2, 104, 1, 76, 76, 76, 76.0, 0.0, 5776.0, 4, 208, 1, 76, 76, 76, 76.0, 0.0, 5776.0
0, 0, 0, 0, 0, 0, 0, 0, 0, 0, 0, 0, 0, 0, 0, 0, 0, 0, 0, 0, 0, 0, 0, 0, 0, 0, 0
0, 0, 0, 0, 0, 0, 0, 0, 0, 0, 0, 0, 0, 0, 0, 0, 0, 0, 0, 0, 0, 0, 0, 0, 0, 0, 0
0, 0, 0, 0, 0, 0, 0, 0, 0, 0, 0, 0, 0, 0, 0, 0, 0, 0, 0, 0, 0, 0, 0, 0, 0, 0, 0
0, 0, 0, 0, 0, 0, 0, 0, 0, 0, 0, 0, 0, 0, 0, 0, 0, 0, 0, 0, 0, 0, 0, 0, 0, 0, 0
0, 0, 0, 0, 0, 0, 0, 0, 0, 0, 0, 0, 0, 0, 0, 0, 0, 0, 0, 0, 0, 0, 0, 0, 0, 0, 0
2, 104, 2, 247, 91, 156, 123.5, 1056.25, 16308.5, 2, 104, 17, 71879, 91, 9978, 4228.176470588235, 8147635.439446367, 26025111.70588235, 4, 208, 19, 72126, 91, 9978, 3796.1052631578946, 8579067.06404321, 23287342.94736842
0, 0, 1, 150, 150, 150, 150.0, 0.0, 22500.0, 1, 52, 0, 0, 0, 0, 0, 0, 0, 1, 52, 1, 150, 150, 150, 150.0, 0.0, 22500.0
55, 2860, 2, 178, 87, 91, 89.0, 4.0, 7925.0, 2, 104, 291, 1322178, 91, 17068, 4543.567010309278, 12266613.94310412, 32910615.120274913, 57, 2964, 293, 1322356, 87, 17068, 4513.160409556314, 12292328.330960313, 32686023.37883959
3, 164, 0, 0, 0, 0, 0, 0, 0, 0, 0, 0, 0, 0, 0, 0, 0, 0, 3, 164, 0, 0, 0, 0, 0, 0, 0
2, 112, 1, 569, 569, 569, 569.0, 0.0, 323761.0, 2, 112, 0, 0, 0, 0, 0, 0, 0, 4, 224, 1, 569, 569, 569, 569.0, 0.0, 323761.0
3, 156, 4, 1558, 103, 783, 389.5, 87806.75, 239517.0, 1, 60, 2, 378, 189, 189, 189.0, 0.0, 35721.0, 4, 216, 6, 1936, 103, 783, 322.6666666666667, 53953.4375, 171585.0
1, 52, 0, 0, 0, 0, 0, 0, 0, 2, 104, 1, 301, 301, 301, 301.0, 0.0, 90601.0, 3, 156, 1, 301, 301, 301, 301.0, 0.0, 90601.0
0, 0, 0, 0, 0, 0, 0, 0, 0, 0, 0, 0, 0, 0, 0, 0, 0, 0, 0, 0, 0, 0, 0, 0, 0, 0, 0
1, 52, 0, 0, 0, 0, 0, 0, 0, 1, 52, 0, 0, 0, 0, 0, 0, 0, 2, 104, 0, 0, 0, 0, 0, 0, 0
0, 0, 0, 0, 0, 0, 0, 0, 0, 0, 0, 0, 0, 0, 0, 0, 0, 0, 0, 0, 0, 0, 0, 0, 0, 0, 0
0, 0, 0, 0, 0, 0, 0, 0, 0, 0, 0, 0, 0, 0, 0, 0, 0, 0, 0, 0, 0, 0, 0, 0, 0, 0, 0
0, 0, 0, 0, 0, 0, 0, 0, 0, 0, 0, 0, 0, 0, 0, 0, 0, 0, 0, 0, 0, 0, 0, 0, 0, 0, 0
5, 260, 3, 397, 91, 156, 132.33333333333334, 860.2222222222222, 18372.333333333332, 6, 312, 16, 67906, 91, 8560, 4244.125, 8496422.109375, 26509019.125, 11, 572, 19, 68303, 91, 8560, 3594.8947368421054, 9093174.558367347, 22326285.42105263
50, 2600, 1, 91, 91, 91, 91.0, 0.0, 8281.0, 1, 52, 264, 1177235, 91, 16458, 4459.223484848485, 9324349.938690886, 29209024.026515152, 51, 2652, 265, 1177326, 91, 16458, 4442.739622641509, 9342726.036649384, 29098832.543396227
0, 0, 0, 0, 0, 0, 0, 0, 0, 0, 0, 0, 0, 0, 0, 0, 0, 0, 0, 0, 0, 0, 0, 0, 0, 0, 0
0, 0, 0, 0, 0, 0, 0, 0, 0, 0, 0, 0, 0, 0, 0, 0, 0, 0, 0, 0, 0, 0, 0, 0, 0, 0, 0
0, 0, 0, 0, 0, 0, 0, 0, 0, 0, 0, 0, 0, 0, 0, 0, 0, 0, 0, 0, 0, 0, 0, 0, 0, 0, 0
0, 0, 0, 0, 0, 0, 0, 0, 0, 0, 0, 0, 0, 0, 0, 0, 0, 0, 0, 0, 0, 0, 0, 0, 0, 0, 0
0, 0, 0, 0, 0, 0, 0, 0, 0, 0, 0, 0, 0, 0, 0, 0, 0, 0, 0, 0, 0, 0, 0, 0, 0, 0, 0
0, 0, 0, 0, 0, 0, 0, 0, 0, 0, 0, 0, 0, 0, 0, 0, 0, 0, 0, 0, 0, 0, 0, 0, 0, 0, 0
0, 0, 0, 0, 0, 0, 0, 0, 0, 0, 0, 0, 0, 0, 0, 0, 0, 0, 0, 0, 0, 0, 0, 0, 0, 0, 0
0, 0, 0, 0, 0, 0, 0, 0, 0, 0, 0, 0, 0, 0, 0, 0, 0, 0, 0, 0, 0, 0, 0, 0, 0, 0, 0
0, 0, 0, 0, 0, 0, 0, 0, 0, 0, 0, 0, 0, 0, 0, 0, 0, 0, 0, 0, 0, 0, 0, 0, 0, 0, 0
37, 1924, 4, 488, 91, 156, 122.0, 965.5, 15849.5, 4, 208, 172, 1329148, 91, 19904, 7727.604651162791, 27605476.332071394, 87321349.97674419, 41, 2132, 176, 1329636, 91, 19904, 7554.75, 27945428.328246802, 85337134.05681819
0, 0, 0, 0, 0, 0, 0, 0, 0, 0, 0, 0, 0, 0, 0, 0, 0, 0, 0, 0, 0, 0, 0, 0, 0, 0, 0
0, 0, 0, 0, 0, 0, 0, 0, 0, 0, 0, 0, 0, 0, 0, 0, 0, 0, 0, 0, 0, 0, 0, 0, 0, 0, 0
0, 0, 0, 0, 0, 0, 0, 0, 0, 0, 0, 0, 0, 0, 0, 0, 0, 0, 0, 0, 0, 0, 0, 0, 0, 0, 0
0, 0, 0, 0, 0, 0, 0, 0, 0, 0, 0, 0, 0, 0, 0, 0, 0, 0, 0, 0, 0, 0, 0, 0, 0, 0, 0
0, 0, 0, 0, 0, 0, 0, 0, 0, 0, 0, 0, 0, 0, 0, 0, 0, 0, 0, 0, 0, 0, 0, 0, 0, 0, 0
0, 0, 2, 730, 91, 639, 365.0, 75076.0, 208301.0, 0, 0, 0, 0, 0, 0, 0, 0, 0, 0, 0, 2, 730, 91, 639, 365.0, 75076.0, 208301.0
2, 104, 0, 0, 0, 0, 0, 0, 0, 1, 52, 2, 422, 91, 331, 211.0, 14400.0, 58921.0, 3, 156, 2, 422, 91, 331, 211.0, 14400.0, 58921.0
0, 0, 0, 0, 0, 0, 0, 0, 0, 0, 0, 0, 0, 0, 0, 0, 0, 0, 0, 0, 0, 0, 0, 0, 0, 0, 0
1, 52, 0, 0, 0, 0, 0, 0, 0, 0, 0, 1, 83, 83, 83, 83.0, 0.0, 6889.0, 1, 52, 1, 83, 83, 83, 83.0, 0.0, 6889.0
2, 104, 0, 0, 0, 0, 0, 0, 0, 1, 52, 1, 83, 83, 83, 83.0, 0.0, 6889.0, 3, 156, 1, 83, 83, 83, 83.0, 0.0, 6889.0
3, 156, 3, 397, 91, 156, 132.33333333333334, 860.2222222222222, 18372.333333333332, 2, 104, 21, 73784, 83, 12096, 3513.5238095238096, 10535547.011337869, 22880396.57142857, 5, 260, 24, 74181, 83, 12096, 3090.875, 10544586.94320988, 20022643.541666668
63, 3236, 7, 4048, 72, 2875, 578.2857142857143, 915291.3469387757, 1249705.7142857143, 8, 424, 176, 1238740, 83, 21322, 7038.295454545455, 29819703.20816116, 79357306.11363636, 71, 3660, 183, 1242788, 72, 21322, 6791.191256830601, 30053951.743422225, 76369583.69398907
0, 0, 0, 0, 0, 0, 0, 0, 0, 0, 0, 0, 0, 0, 0, 0, 0, 0, 0, 0, 0, 0, 0, 0, 0, 0, 0
0, 0, 0, 0, 0, 0, 0, 0, 0, 0, 0, 0, 0, 0, 0, 0, 0, 0, 0, 0, 0, 0, 0, 0, 0, 0, 0
0, 0, 0, 0, 0, 0, 0, 0, 0, 0, 0, 0, 0, 0, 0, 0, 0, 0, 0, 0, 0, 0, 0, 0, 0, 0, 0
0, 0, 0, 0, 0, 0, 0, 0, 0, 0, 0, 0, 0, 0, 0, 0, 0, 0, 0, 0, 0, 0, 0, 0, 0, 0, 0
0, 0, 0, 0, 0, 0, 0, 0, 0, 0, 0, 0, 0, 0, 0, 0, 0, 0, 0, 0, 0, 0, 0, 0, 0, 0, 0
0, 0, 0, 0, 0, 0, 0, 0, 0, 0, 0, 0, 0, 0, 0, 0, 0, 0, 0, 0, 0, 0, 0, 0, 0, 0, 0
0, 0, 0, 0, 0, 0, 0, 0, 0, 0, 0, 0, 0, 0, 0, 0, 0, 0, 0, 0, 0, 0, 0, 0, 0, 0, 0
0, 0, 0, 0, 0, 0, 0, 0, 0, 0, 0, 0, 0, 0, 0, 0, 0, 0, 0, 0, 0, 0, 0, 0, 0, 0, 0
2, 104, 2, 1394, 695, 699, 697.0, 4.0, 485813.0, 0, 0, 2, 508, 217, 291, 254.0, 1369.0, 65885.0, 2, 104, 4, 1902, 217, 699, 475.5, 44524.8888888889, 275849.0
5, 264, 2, 247, 91, 156, 123.5, 1056.25, 16308.5, 3, 148, 13, 64502, 91, 14232, 4961.692307692308, 21121043.44378698, 45739434.0, 8, 412, 15, 64749, 91, 14232, 4316.6, 21165051.309948977, 39643017.266666666
46, 2392, 5, 1557, 91, 569, 311.4, 45027.44, 141997.4, 4, 224, 170, 1306977, 91, 22740, 7688.1, 28047914.748823524, 87154796.35882352, 50, 2616, 175, 1308534, 91, 22740, 7477.337142857143, 28419279.70833018, 84668716.38857143
1, 52, 2, 961, 178, 783, 480.5, 91506.25, 322386.5, 0, 0, 2, 5649, 103, 5546, 2824.5, 7406562.25, 15384362.5, 1, 52, 4, 6610, 103, 5546, 1652.5, 6189173.805555555, 7853374.5
2, 104, 0, 0, 0, 0, 0, 0, 0, 0, 0, 2, 404, 103, 301, 202.0, 9801.0, 50605.0, 2, 104, 2, 404, 103, 301, 202.0, 9801.0, 50605.0
0, 0, 0, 0, 0, 0, 0, 0, 0, 0, 0, 0, 0, 0, 0, 0, 0, 0, 0, 0, 0, 0, 0, 0, 0, 0, 0
0, 0, 0, 0, 0, 0, 0, 0, 0, 0, 0, 0, 0, 0, 0, 0, 0, 0, 0, 0, 0, 0, 0, 0, 0, 0, 0
0, 0, 0, 0, 0, 0, 0, 0, 0, 0, 0, 0, 0, 0, 0, 0, 0, 0, 0, 0, 0, 0, 0, 0, 0, 0, 0
0, 0, 0, 0, 0, 0, 0, 0, 0, 0, 0, 0, 0, 0, 0, 0, 0, 0, 0, 0, 0, 0, 0, 0, 0, 0, 0
0, 0, 0, 0, 0, 0, 0, 0, 0, 0, 0, 0, 0, 0, 0, 0, 0, 0, 0, 0, 0, 0, 0, 0, 0, 0, 0
0, 0, 0, 0, 0, 0, 0, 0, 0, 0, 0, 0, 0, 0, 0, 0, 0, 0, 0, 0, 0, 0, 0, 0, 0, 0, 0
1, 52, 2, 247, 91, 156, 123.5, 1056.25, 16308.5, 2, 104, 17, 67667, 91, 9260, 3980.4117647058824, 8286231.301038062, 24129909.11764706, 3, 156, 19, 67914, 91, 9260, 3574.4210526315787, 8606462.508487653, 21591635.36842105
0, 0, 0, 0, 0, 0, 0, 0, 0, 0, 0, 0, 0, 0, 0, 0, 0, 0, 0, 0, 0, 0, 0, 0, 0, 0, 0
37, 1924, 2, 241, 91, 150, 120.5, 870.25, 15390.5, 2, 104, 114, 493856, 91, 12814, 4332.070175438596, 7706082.223145582, 26472914.228070177, 39, 2028, 116, 494097, 91, 12814, 4259.456896551724, 7791976.777712666, 26016750.025862068
1, 52, 0, 0, 0, 0, 0, 0, 0, 1, 52, 0, 0, 0, 0, 0, 0, 0, 2, 104, 0, 0, 0, 0, 0, 0, 0
0, 0, 0, 0, 0, 0, 0, 0, 0, 0, 0, 0, 0, 0, 0, 0, 0, 0, 0, 0, 0, 0, 0, 0, 0, 0, 0
0, 0, 0, 0, 0, 0, 0, 0, 0, 0, 0, 0, 0, 0, 0, 0, 0, 0, 0, 0, 0, 0, 0, 0, 0, 0, 0
0, 0, 0, 0, 0, 0, 0, 0, 0, 0, 0, 0, 0, 0, 0, 0, 0, 0, 0, 0, 0, 0, 0, 0, 0, 0, 0
0, 0, 0, 0, 0, 0, 0, 0, 0, 0, 0, 0, 0, 0, 0, 0, 0, 0, 0, 0, 0, 0, 0, 0, 0, 0, 0
1, 52, 0, 0, 0, 0, 0, 0, 0, 2, 104, 1, 91, 91, 91, 91.0, 0.0, 8281.0, 3, 156, 1, 91, 91, 91, 91.0, 0.0, 8281.0
0, 0, 0, 0, 0, 0, 0, 0, 0, 0, 0, 0, 0, 0, 0, 0, 0, 0, 0, 0, 0, 0, 0, 0, 0, 0, 0
0, 0, 0, 0, 0, 0, 0, 0, 0, 0, 0, 0, 0, 0, 0, 0, 0, 0, 0, 0, 0, 0, 0, 0, 0, 0, 0
0, 0, 0, 0, 0, 0, 0, 0, 0, 0, 0, 0, 0, 0, 0, 0, 0, 0, 0, 0, 0, 0, 0, 0, 0, 0, 0
4, 208, 4, 488, 91, 156, 122.0, 965.5, 15849.5, 4, 208, 39, 151958, 91, 11396, 3896.358974358974, 8176098.845496383, 23357712.102564104, 8, 416, 43, 152446, 91, 11396, 3545.2558139534885, 8438329.867340868, 21186376.046511628
0, 0, 0, 0, 0, 0, 0, 0, 0, 0, 0, 0, 0, 0, 0, 0, 0, 0, 0, 0, 0, 0, 0, 0, 0, 0, 0
1, 52, 0, 0, 0, 0, 0, 0, 0, 1, 52, 0, 0, 0, 0, 0, 0, 0, 2, 104, 0, 0, 0, 0, 0, 0, 0
0, 0, 0, 0, 0, 0, 0, 0, 0, 0, 0, 0, 0, 0, 0, 0, 0, 0, 0, 0, 0, 0, 0, 0, 0, 0, 0
0, 0, 0, 0, 0, 0, 0, 0, 0, 0, 0, 0, 0, 0, 0, 0, 0, 0, 0, 0, 0, 0, 0, 0, 0, 0, 0
0, 0, 0, 0, 0, 0, 0, 0, 0, 0, 0, 0, 0, 0, 0, 0, 0, 0, 0, 0, 0, 0, 0, 0, 0, 0, 0
0, 0, 0, 0, 0, 0, 0, 0, 0, 0, 0, 0, 0, 0, 0, 0, 0, 0, 0, 0, 0, 0, 0, 0, 0, 0, 0
0, 0, 0, 0, 0, 0, 0, 0, 0, 0, 0, 0, 0, 0, 0, 0, 0, 0, 0, 0, 0, 0, 0, 0, 0, 0, 0
1, 52, 0, 0, 0, 0, 0, 0, 0, 1, 52, 0, 0, 0, 0, 0, 0, 0, 2, 104, 0, 0, 0, 0, 0, 0, 0
4, 208, 0, 0, 0, 0, 0, 0, 0, 1, 52, 3, 459, 83, 293, 153.0, 9800.0, 33209.0, 5, 260, 3, 459, 83, 293, 153.0, 9800.0, 33209.0
0, 0, 0, 0, 0, 0, 0, 0, 0, 0, 0, 0, 0, 0, 0, 0, 0, 0, 0, 0, 0, 0, 0, 0, 0, 0, 0
4, 208, 4, 488, 91, 156, 122.0, 965.5, 15849.5, 4, 208, 37, 141328, 91, 11396, 3819.675675675676, 9076128.435354274, 23666050.7027027, 8, 416, 41, 141816, 91, 11396, 3458.9268292682927, 9275947.561472714, 21358714.0
0, 0, 0, 0, 0, 0, 0, 0, 0, 0, 0, 0, 0, 0, 0, 0, 0, 0, 0, 0, 0, 0, 0, 0, 0, 0, 0
0, 0, 0, 0, 0, 0, 0, 0, 0, 0, 0, 0, 0, 0, 0, 0, 0, 0, 0, 0, 0, 0, 0, 0, 0, 0, 0
0, 0, 0, 0, 0, 0, 0, 0, 0, 0, 0, 0, 0, 0, 0, 0, 0, 0, 0, 0, 0, 0, 0, 0, 0, 0, 0
0, 0, 0, 0, 0, 0, 0, 0, 0, 0, 0, 0, 0, 0, 0, 0, 0, 0, 0, 0, 0, 0, 0, 0, 0, 0, 0
0, 0, 0, 0, 0, 0, 0, 0, 0, 0, 0, 0, 0, 0, 0, 0, 0, 0, 0, 0, 0, 0, 0, 0, 0, 0, 0
0, 0, 0, 0, 0, 0, 0, 0, 0, 0, 0, 0, 0, 0, 0, 0, 0, 0, 0, 0, 0, 0, 0, 0, 0, 0, 0
2, 104, 2, 730, 91, 639, 365.0, 75076.0, 208301.0, 1, 52, 2, 422, 91, 331, 211.0, 14400.0, 58921.0, 3, 156, 4, 1152, 91, 639, 288.0, 39895.555555555555, 133611.0
3, 164, 0, 0, 0, 0, 0, 0, 0, 0, 0, 0, 0, 0, 0, 0, 0, 0, 3, 164, 0, 0, 0, 0, 0, 0, 0
2, 112, 1, 569, 569, 569, 569.0, 0.0, 323761.0, 2, 112, 0, 0, 0, 0, 0, 0, 0, 4, 224, 1, 569, 569, 569, 569.0, 0.0, 323761.0
2, 104, 3, 1456, 103, 784, 485.3333333333333, 80793.55555555556, 316342.0, 1, 60, 1, 189, 189, 189, 189.0, 0.0, 35721.0, 3, 164, 4, 1645, 103, 784, 411.25, 69551.36, 246186.75
4, 208, 3, 350, 91, 156, 116.66666666666667, 797.5555555555555, 14408.666666666666, 3, 156, 18, 69404, 91, 12814, 3855.777777777778, 13138581.506172841, 28005603.777777776, 7, 364, 21, 69754, 91, 12814, 3321.6190476190477, 13120713.053254439, 24006861.61904762
0, 0, 0, 0, 0, 0, 0, 0, 0, 1, 52, 0, 0, 0, 0, 0, 0, 0, 1, 52, 0, 0, 0, 0, 0, 0, 0
0, 0, 0, 0, 0, 0, 0, 0, 0, 0, 0, 0, 0, 0, 0, 0, 0, 0, 0, 0, 0, 0, 0, 0, 0, 0, 0
0, 0, 0, 0, 0, 0, 0, 0, 0, 0, 0, 0, 0, 0, 0, 0, 0, 0, 0, 0, 0, 0, 0, 0, 0, 0, 0
0, 0, 0, 0, 0, 0, 0, 0, 0, 0, 0, 0, 0, 0, 0, 0, 0, 0, 0, 0, 0, 0, 0, 0, 0, 0, 0
0, 0, 0, 0, 0, 0, 0, 0, 0, 0, 0, 0, 0, 0, 0, 0, 0, 0, 0, 0, 0, 0, 0, 0, 0, 0, 0
0, 0, 0, 0, 0, 0, 0, 0, 0, 0, 0, 0, 0, 0, 0, 0, 0, 0, 0, 0, 0, 0, 0, 0, 0, 0, 0
0, 0, 0, 0, 0, 0, 0, 0, 0, 0, 0, 0, 0, 0, 0, 0, 0, 0, 0, 0, 0, 0, 0, 0, 0, 0, 0
0, 0, 0, 0, 0, 0, 0, 0, 0, 0, 0, 0, 0, 0, 0, 0, 0, 0, 0, 0, 0, 0, 0, 0, 0, 0, 0
0, 0, 0, 0, 0, 0, 0, 0, 0, 0, 0, 0, 0, 0, 0, 0, 0, 0, 0, 0, 0, 0, 0, 0, 0, 0, 0
0, 0, 0, 0, 0, 0, 0, 0, 0, 0, 0, 0, 0, 0, 0, 0, 0, 0, 0, 0, 0, 0, 0, 0, 0, 0, 0
2, 104, 2, 247, 91, 156, 123.5, 1056.25, 16308.5, 2, 104, 17, 69898, 91, 12814, 4111.64705882353, 11260239.52249135, 28165881.05882353, 4, 208, 19, 70145, 91, 12814, 3691.842105263158, 11469267.576388888, 25202768.157894738
36, 1872, 3, 328, 87, 150, 109.33333333333333, 829.5555555555555, 12783.333333333334, 2, 104, 191, 1345223, 91, 17068, 7043.052356020942, 23536762.698829524, 73141349.18848167, 38, 1976, 194, 1345551, 87, 17068, 6935.829896907217, 23725068.448804185, 72010495.07731959
0, 0, 0, 0, 0, 0, 0, 0, 0, 0, 0, 0, 0, 0, 0, 0, 0, 0, 0, 0, 0, 0, 0, 0, 0, 0, 0
0, 0, 0, 0, 0, 0, 0, 0, 0, 0, 0, 0, 0, 0, 0, 0, 0, 0, 0, 0, 0, 0, 0, 0, 0, 0, 0
0, 0, 0, 0, 0, 0, 0, 0, 0, 0, 0, 0, 0, 0, 0, 0, 0, 0, 0, 0, 0, 0, 0, 0, 0, 0, 0
0, 0, 0, 0, 0, 0, 0, 0, 0, 0, 0, 0, 0, 0, 0, 0, 0, 0, 0, 0, 0, 0, 0, 0, 0, 0, 0
0, 0, 0, 0, 0, 0, 0, 0, 0, 0, 0, 0, 0, 0, 0, 0, 0, 0, 0, 0, 0, 0, 0, 0, 0, 0, 0
0, 0, 0, 0, 0, 0, 0, 0, 0, 0, 0, 0, 0, 0, 0, 0, 0, 0, 0, 0, 0, 0, 0, 0, 0, 0, 0
0, 0, 0, 0, 0, 0, 0, 0, 0, 0, 0, 0, 0, 0, 0, 0, 0, 0, 0, 0, 0, 0, 0, 0, 0, 0, 0
0, 0, 0, 0, 0, 0, 0, 0, 0, 0, 0, 0, 0, 0, 0, 0, 0, 0, 0, 0, 0, 0, 0, 0, 0, 0, 0
0, 0, 0, 0, 0, 0, 0, 0, 0, 0, 0, 0, 0, 0, 0, 0, 0, 0, 0, 0, 0, 0, 0, 0, 0, 0, 0
0, 0, 1, 156, 156, 156, 156.0, 0.0, 24336.0, 1, 52, 0, 0, 0, 0, 0, 0, 0, 1, 52, 1, 156, 156, 156, 156.0, 0.0, 24336.0
40, 2080, 3, 332, 91, 150, 110.66666666666667, 773.5555555555555, 13020.666666666666, 3, 156, 227, 1349425, 91, 17068, 5944.6035242290745, 18866247.314172603, 54204558.37444934, 43, 2236, 230, 1349757, 91, 17068, 5868.508695652174, 18964360.588865634, 53497712.23043478
0, 0, 0, 0, 0, 0, 0, 0, 0, 0, 0, 0, 0, 0, 0, 0, 0, 0, 0, 0, 0, 0, 0, 0, 0, 0, 0
0, 0, 0, 0, 0, 0, 0, 0, 0, 0, 0, 0, 0, 0, 0, 0, 0, 0, 0, 0, 0, 0, 0, 0, 0, 0, 0
10, 520, 0, 0, 0, 0, 0, 0, 0, 10, 520, 0, 0, 0, 0, 0, 0, 0, 20, 1040, 0, 0, 0, 0, 0, 0, 0
0, 0, 0, 0, 0, 0, 0, 0, 0, 0, 0, 0, 0, 0, 0, 0, 0, 0, 0, 0, 0, 0, 0, 0, 0, 0, 0
3, 156, 0, 0, 0, 0, 0, 0, 0, 2, 104, 3, 459, 83, 293, 153.0, 9800.0, 33209.0, 5, 260, 3, 459, 83, 293, 153.0, 9800.0, 33209.0
0, 0, 0, 0, 0, 0, 0, 0, 0, 0, 0, 0, 0, 0, 0, 0, 0, 0, 0, 0, 0, 0, 0, 0, 0, 0, 0
0, 0, 0, 0, 0, 0, 0, 0, 0, 0, 0, 0, 0, 0, 0, 0, 0, 0, 0, 0, 0, 0, 0, 0, 0, 0, 0
0, 0, 0, 0, 0, 0, 0, 0, 0, 0, 0, 0, 0, 0, 0, 0, 0, 0, 0, 0, 0, 0, 0, 0, 0, 0, 0
0, 0, 0, 0, 0, 0, 0, 0, 0, 0, 0, 0, 0, 0, 0, 0, 0, 0, 0, 0, 0, 0, 0, 0, 0, 0, 0
0, 0, 0, 0, 0, 0, 0, 0, 0, 0, 0, 0, 0, 0, 0, 0, 0, 0, 0, 0, 0, 0, 0, 0, 0, 0, 0
0, 0, 0, 0, 0, 0, 0, 0, 0, 0, 0, 0, 0, 0, 0, 0, 0, 0, 0, 0, 0, 0, 0, 0, 0, 0, 0
29, 1508, 4, 488, 91, 156, 122.0, 965.5, 15849.5, 3, 156, 179, 1372462, 91, 21322, 7667.385474860335, 30262968.627945445, 89051768.64804469, 32, 1664, 183, 1372950, 91, 21322, 7502.459016393443, 30550722.734684534, 87105628.33879781
0, 0, 0, 0, 0, 0, 0, 0, 0, 0, 0, 0, 0, 0, 0, 0, 0, 0, 0, 0, 0, 0, 0, 0, 0, 0, 0
0, 0, 0, 0, 0, 0, 0, 0, 0, 0, 0, 0, 0, 0, 0, 0, 0, 0, 0, 0, 0, 0, 0, 0, 0, 0, 0
0, 0, 0, 0, 0, 0, 0, 0, 0, 0, 0, 0, 0, 0, 0, 0, 0, 0, 0, 0, 0, 0, 0, 0, 0, 0, 0
3, 164, 0, 0, 0, 0, 0, 0, 0, 0, 0, 0, 0, 0, 0, 0, 0, 0, 3, 164, 0, 0, 0, 0, 0, 0, 0
2, 112, 1, 569, 569, 569, 569.0, 0.0, 323761.0, 2, 112, 0, 0, 0, 0, 0, 0, 0, 4, 224, 1, 569, 569, 569, 569.0, 0.0, 323761.0
3, 156, 4, 1559, 103, 784, 389.75, 88003.6875, 239908.75, 1, 60, 2, 378, 189, 189, 189.0, 0.0, 35721.0, 4, 216, 6, 1937, 103, 784, 322.8333333333333, 54076.984375, 171846.16666666666
1, 52, 0, 0, 0, 0, 0, 0, 0, 2, 104, 1, 301, 301, 301, 301.0, 0.0, 90601.0, 3, 156, 1, 301, 301, 301, 301.0, 0.0, 90601.0
0, 0, 0, 0, 0, 0, 0, 0, 0, 0, 0, 0, 0, 0, 0, 0, 0, 0, 0, 0, 0, 0, 0, 0, 0, 0, 0
0, 0, 1, 156, 156, 156, 156.0, 0.0, 24336.0, 0, 0, 0, 0, 0, 0, 0, 0, 0, 0, 0, 1, 156, 156, 156, 156.0, 0.0, 24336.0
2, 104, 1, 91, 91, 91, 91.0, 0.0, 8281.0, 2, 104, 19, 69904, 91, 8560, 3679.157894736842, 5743147.185595569, 19279350.0, 4, 208, 20, 69995, 91, 8560, 3499.75, 5917547.3096646955, 18315796.55
42, 2184, 2, 241, 91, 150, 120.5, 870.25, 15390.5, 2, 104, 190, 1242523, 91, 17068, 6539.594736842106, 18181549.19891967, 60947848.52105263, 44, 2288, 192, 1242764, 91, 17068, 6472.729166666667, 18300964.730195172, 60313135.416666664
0, 0, 0, 0, 0, 0, 0, 0, 0, 0, 0, 0, 0, 0, 0, 0, 0, 0, 0, 0, 0, 0, 0, 0, 0, 0, 0
0, 0, 0, 0, 0, 0, 0, 0, 0, 0, 0, 0, 0, 0, 0, 0, 0, 0, 0, 0, 0, 0, 0, 0, 0, 0, 0
3, 156, 0, 0, 0, 0, 0, 0, 0, 3, 156, 0, 0, 0, 0, 0, 0, 0, 6, 312, 0, 0, 0, 0, 0, 0, 0
0, 0, 0, 0, 0, 0, 0, 0, 0, 0, 0, 0, 0, 0, 0, 0, 0, 0, 0, 0, 0, 0, 0, 0, 0, 0, 0
0, 0, 0, 0, 0, 0, 0, 0, 0, 0, 0, 0, 0, 0, 0, 0, 0, 0, 0, 0, 0, 0, 0, 0, 0, 0, 0
2, 104, 2, 730, 91, 639, 365.0, 75076.0, 208301.0, 1, 52, 2, 422, 91, 331, 211.0, 14400.0, 58921.0, 3, 156, 4, 1152, 91, 639, 288.0, 39895.555555555555, 133611.0
0, 0, 0, 0, 0, 0, 0, 0, 0, 0, 0, 0, 0, 0, 0, 0, 0, 0, 0, 0, 0, 0, 0, 0, 0, 0, 0
0, 0, 0, 0, 0, 0, 0, 0, 0, 0, 0, 0, 0, 0, 0, 0, 0, 0, 0, 0, 0, 0, 0, 0, 0, 0, 0
0, 0, 0, 0, 0, 0, 0, 0, 0, 0, 0, 0, 0, 0, 0, 0, 0, 0, 0, 0, 0, 0, 0, 0, 0, 0, 0
2, 104, 3, 397, 91, 156, 132.33333333333334, 860.2222222222222, 18372.333333333332, 3, 156, 13, 69731, 91, 16350, 5363.923076923077, 23529326.378698222, 52300997.15384615, 5, 260, 16, 70128, 91, 16350, 4383.0, 23633781.648038045, 42498005.0
84, 4368, 1, 91, 91, 91, 91.0, 0.0, 8281.0, 3, 156, 297, 1276033, 76, 16458, 4296.407407407408, 9898420.982167354, 28357537.592592593, 87, 4524, 298, 1276124, 76, 16458, 4282.295302013423, 9911458.472977897, 28262405.859060403
0, 0, 0, 0, 0, 0, 0, 0, 0, 0, 0, 0, 0, 0, 0, 0, 0, 0, 0, 0, 0, 0, 0, 0, 0, 0, 0
0, 0, 0, 0, 0, 0, 0, 0, 0, 0, 0, 0, 0, 0, 0, 0, 0, 0, 0, 0, 0, 0, 0, 0, 0, 0, 0
0, 0, 0, 0, 0, 0, 0, 0, 0, 0, 0, 0, 0, 0, 0, 0, 0, 0, 0, 0, 0, 0, 0, 0, 0, 0, 0
0, 0, 0, 0, 0, 0, 0, 0, 0, 0, 0, 0, 0, 0, 0, 0, 0, 0, 0, 0, 0, 0, 0, 0, 0, 0, 0
0, 0, 0, 0, 0, 0, 0, 0, 0, 0, 0, 0, 0, 0, 0, 0, 0, 0, 0, 0, 0, 0, 0, 0, 0, 0, 0
0, 0, 0, 0, 0, 0, 0, 0, 0, 0, 0, 0, 0, 0, 0, 0, 0, 0, 0, 0, 0, 0, 0, 0, 0, 0, 0
0, 0, 0, 0, 0, 0, 0, 0, 0, 0, 0, 0, 0, 0, 0, 0, 0, 0, 0, 0, 0, 0, 0, 0, 0, 0, 0
0, 0, 0, 0, 0, 0, 0, 0, 0, 0, 0, 0, 0, 0, 0, 0, 0, 0, 0, 0, 0, 0, 0, 0, 0, 0, 0
0, 0, 0, 0, 0, 0, 0, 0, 0, 0, 0, 0, 0, 0, 0, 0, 0, 0, 0, 0, 0, 0, 0, 0, 0, 0, 0
54, 2808, 4, 488, 91, 156, 122.0, 965.5, 15849.5, 4, 208, 245, 1348965, 91, 20102, 5505.9795918367345, 15835610.166930446, 46151421.43265306, 58, 3016, 249, 1349453, 91, 20102, 5419.489959839358, 15940208.362192465, 45410287.746987954
0, 0, 0, 0, 0, 0, 0, 0, 0, 0, 0, 0, 0, 0, 0, 0, 0, 0, 0, 0, 0, 0, 0, 0, 0, 0, 0
1, 52, 0, 0, 0, 0, 0, 0, 0, 1, 52, 1, 83, 83, 83, 83.0, 0.0, 6889.0, 2, 104, 1, 83, 83, 83, 83.0, 0.0, 6889.0
2, 104, 0, 0, 0, 0, 0, 0, 0, 0, 0, 2, 376, 83, 293, 188.0, 11025.0, 46369.0, 2, 104, 2, 376, 83, 293, 188.0, 11025.0, 46369.0
0, 0, 0, 0, 0, 0, 0, 0, 0, 0, 0, 0, 0, 0, 0, 0, 0, 0, 0, 0, 0, 0, 0, 0, 0, 0, 0
0, 0, 0, 0, 0, 0, 0, 0, 0, 0, 0, 0, 0, 0, 0, 0, 0, 0, 0, 0, 0, 0, 0, 0, 0, 0, 0
0, 0, 0, 0, 0, 0, 0, 0, 0, 0, 0, 0, 0, 0, 0, 0, 0, 0, 0, 0, 0, 0, 0, 0, 0, 0, 0
0, 0, 0, 0, 0, 0, 0, 0, 0, 0, 0, 0, 0, 0, 0, 0, 0, 0, 0, 0, 0, 0, 0, 0, 0, 0, 0
0, 0, 0, 0, 0, 0, 0, 0, 0, 0, 0, 0, 0, 0, 0, 0, 0, 0, 0, 0, 0, 0, 0, 0, 0, 0, 0
0, 0, 0, 0, 0, 0, 0, 0, 0, 0, 0, 0, 0, 0, 0, 0, 0, 0, 0, 0, 0, 0, 0, 0, 0, 0, 0
0, 0, 0, 0, 0, 0, 0, 0, 0, 0, 0, 0, 0, 0, 0, 0, 0, 0, 0, 0, 0, 0, 0, 0, 0, 0, 0
2, 104, 2, 247, 91, 156, 123.5, 1056.25, 16308.5, 2, 104, 19, 71637, 91, 8560, 3770.3684210526317, 6159390.337950138, 20375068.36842105, 4, 208, 21, 71884, 91, 8560, 3423.0476190476193, 6483206.974375, 18436138.85714286
2, 104, 1, 150, 150, 150, 150.0, 0.0, 22500.0, 1, 52, 22, 66018, 333, 5724, 3000.818181818182, 2500870.785123967, 11505780.545454545, 3, 156, 23, 66168, 150, 5724, 2876.8695652173915, 2621886.115555555, 11006507.47826087
75, 3900, 1, 91, 91, 91, 91.0, 0.0, 8281.0, 1, 52, 271, 1152152, 91, 16498, 4251.483394833948, 9441941.216513935, 27517052.273062732, 76, 3952, 272, 1152243, 91, 16498, 4236.1875, 9456371.793134794, 27415917.084558822
4, 224, 0, 0, 0, 0, 0, 0, 0, 0, 0, 0, 0, 0, 0, 0, 0, 0, 4, 224, 0, 0, 0, 0, 0, 0, 0
3, 156, 4, 2025, 103, 784, 506.25, 61907.6875, 318196.75, 3, 172, 1, 189, 189, 189, 189.0, 0.0, 35721.0, 6, 328, 5, 2214, 103, 784, 442.8, 63637.916666666664, 261701.6
2, 104, 1, 103, 103, 103, 103.0, 0.0, 10609.0, 1, 52, 2, 490, 189, 301, 245.0, 3136.0, 63161.0, 3, 156, 3, 593, 103, 301, 197.66666666666666, 5735.039999999999, 45643.666666666664
0, 0, 0, 0, 0, 0, 0, 0, 0, 1, 52, 0, 0, 0, 0, 0, 0, 0, 1, 52, 0, 0, 0, 0, 0, 0, 0
0, 0, 0, 0, 0, 0, 0, 0, 0, 0, 0, 0, 0, 0, 0, 0, 0, 0, 0, 0, 0, 0, 0, 0, 0, 0, 0
0, 0, 0, 0, 0, 0, 0, 0, 0, 0, 0, 0, 0, 0, 0, 0, 0, 0, 0, 0, 0, 0, 0, 0, 0, 0, 0
0, 0, 0, 0, 0, 0, 0, 0, 0, 0, 0, 0, 0, 0, 0, 0, 0, 0, 0, 0, 0, 0, 0, 0, 0, 0, 0
0, 0, 0, 0, 0, 0, 0, 0, 0, 0, 0, 0, 0, 0, 0, 0, 0, 0, 0, 0, 0, 0, 0, 0, 0, 0, 0
2, 104, 3, 334, 87, 156, 111.33333333333333, 1000.2222222222223, 13395.333333333334, 1, 52, 17, 72512, 91, 12096, 4265.411764705882, 12582533.653979238, 30776271.17647059, 3, 156, 20, 72846, 87, 12096, 3642.3, 12848128.457268078, 26161839.8
35, 1820, 2, 241, 91, 150, 120.5, 870.25, 15390.5, 3, 156, 169, 1261406, 91, 21322, 7463.940828402367, 32102987.629634816, 87813400.31952663, 38, 1976, 171, 1261647, 91, 21322, 7378.0526315789475, 32229498.17864187, 86786523.0116959
0, 0, 0, 0, 0, 0, 0, 0, 0, 0, 0, 0, 0, 0, 0, 0, 0, 0, 0, 0, 0, 0, 0, 0, 0, 0, 0
0, 0, 0, 0, 0, 0, 0, 0, 0, 0, 0, 0, 0, 0, 0, 0, 0, 0, 0, 0, 0, 0, 0, 0, 0, 0, 0
0, 0, 0, 0, 0, 0, 0, 0, 0, 0, 0, 0, 0, 0, 0, 0, 0, 0, 0, 0, 0, 0, 0, 0, 0, 0, 0
1, 52, 0, 0, 0, 0, 0, 0, 0, 1, 52, 0, 0, 0, 0, 0, 0, 0, 2, 104, 0, 0, 0, 0, 0, 0, 0
0, 0, 0, 0, 0, 0, 0, 0, 0, 0, 0, 0, 0, 0, 0, 0, 0, 0, 0, 0, 0, 0, 0, 0, 0, 0, 0
0, 0, 0, 0, 0, 0, 0, 0, 0, 0, 0, 0, 0, 0, 0, 0, 0, 0, 0, 0, 0, 0, 0, 0, 0, 0, 0
0, 0, 0, 0, 0, 0, 0, 0, 0, 0, 0, 0, 0, 0, 0, 0, 0, 0, 0, 0, 0, 0, 0, 0, 0, 0, 0
0, 0, 0, 0, 0, 0, 0, 0, 0, 0, 0, 0, 0, 0, 0, 0, 0, 0, 0, 0, 0, 0, 0, 0, 0, 0, 0
0, 0, 0, 0, 0, 0, 0, 0, 0, 0, 0, 0, 0, 0, 0, 0, 0, 0, 0, 0, 0, 0, 0, 0, 0, 0, 0
0, 0, 0, 0, 0, 0, 0, 0, 0, 0, 0, 0, 0, 0, 0, 0, 0, 0, 0, 0, 0, 0, 0, 0, 0, 0, 0
2, 104, 3, 397, 91, 156, 132.33333333333334, 860.2222222222222, 18372.333333333332, 3, 156, 14, 71058, 91, 11396, 5075.571428571428, 15277594.244897958, 41039019.571428575, 5, 260, 17, 71455, 91, 11396, 4203.235294117647, 15935090.994797088, 33800081.823529415
61, 3172, 1, 91, 91, 91, 91.0, 0.0, 8281.0, 1, 52, 277, 1153466, 91, 16458, 4164.137184115523, 7156999.887317702, 24497038.375451263, 62, 3224, 278, 1153557, 91, 16458, 4149.485611510791, 7173943.227744501, 24408949.320143886
1, 60, 0, 0, 0, 0, 0, 0, 0, 1, 60, 0, 0, 0, 0, 0, 0, 0, 2, 120, 0, 0, 0, 0, 0, 0, 0
1, 52, 2, 1225, 93, 1132, 612.5, 269880.25, 645036.5, 2, 104, 1, 72, 72, 72, 72.0, 0.0, 5184.0, 3, 156, 3, 1297, 72, 1132, 432.3333333333333, 207975.1875, 431752.3333333333
2, 104, 0, 0, 0, 0, 0, 0, 0, 2, 104, 0, 0, 0, 0, 0, 0, 0, 4, 208, 0, 0, 0, 0, 0, 0, 0
0, 0, 0, 0, 0, 0, 0, 0, 0, 1, 52, 0, 0, 0, 0, 0, 0, 0, 1, 52, 0, 0, 0, 0, 0, 0, 0
2, 104, 2, 730, 91, 639, 365.0, 75076.0, 208301.0, 1, 52, 2, 422, 91, 331, 211.0, 14400.0, 58921.0, 3, 156, 4, 1152, 91, 639, 288.0, 39895.555555555555, 133611.0
0, 0, 0, 0, 0, 0, 0, 0, 0, 0, 0, 0, 0, 0, 0, 0, 0, 0, 0, 0, 0, 0, 0, 0, 0, 0, 0
0, 0, 0, 0, 0, 0, 0, 0, 0, 0, 0, 0, 0, 0, 0, 0, 0, 0, 0, 0, 0, 0, 0, 0, 0, 0, 0
0, 0, 0, 0, 0, 0, 0, 0, 0, 0, 0, 0, 0, 0, 0, 0, 0, 0, 0, 0, 0, 0, 0, 0, 0, 0, 0
3, 156, 0, 0, 0, 0, 0, 0, 0, 2, 104, 1, 83, 83, 83, 83.0, 0.0, 6889.0, 5, 260, 1, 83, 83, 83, 83.0, 0.0, 6889.0
1, 52, 0, 0, 0, 0, 0, 0, 0, 0, 0, 2, 376, 83, 293, 188.0, 11025.0, 46369.0, 1, 52, 2, 376, 83, 293, 188.0, 11025.0, 46369.0
7, 372, 6, 3960, 72, 2878, 660.0, 1023886.3333333334, 1459486.3333333333, 4, 216, 5, 1267, 122, 346, 253.4, 8422.24, 72633.8, 11, 588, 11, 5227, 72, 2878, 475.1818181818182, 427968.984375, 829098.8181818182
0, 0, 0, 0, 0, 0, 0, 0, 0, 1, 52, 0, 0, 0, 0, 0, 0, 0, 1, 52, 0, 0, 0, 0, 0, 0, 0
0, 0, 0, 0, 0, 0, 0, 0, 0, 0, 0, 0, 0, 0, 0, 0, 0, 0, 0, 0, 0, 0, 0, 0, 0, 0, 0
0, 0, 0, 0, 0, 0, 0, 0, 0, 0, 0, 0, 0, 0, 0, 0, 0, 0, 0, 0, 0, 0, 0, 0, 0, 0, 0
0, 0, 0, 0, 0, 0, 0, 0, 0, 0, 0, 0, 0, 0, 0, 0, 0, 0, 0, 0, 0, 0, 0, 0, 0, 0, 0
0, 0, 0, 0, 0, 0, 0, 0, 0, 0, 0, 0, 0, 0, 0, 0, 0, 0, 0, 0, 0, 0, 0, 0, 0, 0, 0
0, 0, 0, 0, 0, 0, 0, 0, 0, 0, 0, 0, 0, 0, 0, 0, 0, 0, 0, 0, 0, 0, 0, 0, 0, 0, 0
0, 0, 0, 0, 0, 0, 0, 0, 0, 0, 0, 0, 0, 0, 0, 0, 0, 0, 0, 0, 0, 0, 0, 0, 0, 0, 0
0, 0, 0, 0, 0, 0, 0, 0, 0, 0, 0, 0, 0, 0, 0, 0, 0, 0, 0, 0, 0, 0, 0, 0, 0, 0, 0
3, 164, 2, 1396, 696, 700, 698.0, 4.0, 487208.0, 0, 0, 2, 508, 217, 291, 254.0, 1369.0, 65885.0, 3, 164, 4, 1904, 217, 700, 476.0, 44722.0, 276546.5
2, 112, 1, 569, 569, 569, 569.0, 0.0, 323761.0, 1, 60, 0, 0, 0, 0, 0, 0, 0, 3, 172, 1, 569, 569, 569, 569.0, 0.0, 323761.0
2, 104, 3, 1456, 103, 784, 485.3333333333333, 80793.55555555556, 316342.0, 1, 60, 1, 189, 189, 189, 189.0, 0.0, 35721.0, 3, 164, 4, 1645, 103, 784, 411.25, 69551.36, 246186.75
2, 104, 1, 103, 103, 103, 103.0, 0.0, 10609.0, 1, 52, 2, 490, 189, 301, 245.0, 3136.0, 63161.0, 3, 156, 3, 593, 103, 301, 197.66666666666666, 5735.039999999999, 45643.666666666664
0, 0, 0, 0, 0, 0, 0, 0, 0, 1, 52, 0, 0, 0, 0, 0, 0, 0, 1, 52, 0, 0, 0, 0, 0, 0, 0
0, 0, 0, 0, 0, 0, 0, 0, 0, 0, 0, 0, 0, 0, 0, 0, 0, 0, 0, 0, 0, 0, 0, 0, 0, 0, 0
0, 0, 0, 0, 0, 0, 0, 0, 0, 0, 0, 0, 0, 0, 0, 0, 0, 0, 0, 0, 0, 0, 0, 0, 0, 0, 0
0, 0, 0, 0, 0, 0, 0, 0, 0, 0, 0, 0, 0, 0, 0, 0, 0, 0, 0, 0, 0, 0, 0, 0, 0, 0, 0
0, 0, 0, 0, 0, 0, 0, 0, 0, 0, 0, 0, 0, 0, 0, 0, 0, 0, 0, 0, 0, 0, 0, 0, 0, 0, 0
0, 0, 0, 0, 0, 0, 0, 0, 0, 0, 0, 0, 0, 0, 0, 0, 0, 0, 0, 0, 0, 0, 0, 0, 0, 0, 0
0, 0, 0, 0, 0, 0, 0, 0, 0, 0, 0, 0, 0, 0, 0, 0, 0, 0, 0, 0, 0, 0, 0, 0, 0, 0, 0
0, 0, 0, 0, 0, 0, 0, 0, 0, 0, 0, 0, 0, 0, 0, 0, 0, 0, 0, 0, 0, 0, 0, 0, 0, 0, 0
0, 0, 0, 0, 0, 0, 0, 0, 0, 0, 0, 0, 0, 0, 0, 0, 0, 0, 0, 0, 0, 0, 0, 0, 0, 0, 0
0, 0, 0, 0, 0, 0, 0, 0, 0, 0, 0, 0, 0, 0, 0, 0, 0, 0, 0, 0, 0, 0, 0, 0, 0, 0, 0
0, 0, 0, 0, 0, 0, 0, 0, 0, 0, 0, 0, 0, 0, 0, 0, 0, 0, 0, 0, 0, 0, 0, 0, 0, 0, 0
0, 0, 0, 0, 0, 0, 0, 0, 0, 0, 0, 0, 0, 0, 0, 0, 0, 0, 0, 0, 0, 0, 0, 0, 0, 0, 0
0, 0, 0, 0, 0, 0, 0, 0, 0, 0, 0, 0, 0, 0, 0, 0, 0, 0, 0, 0, 0, 0, 0, 0, 0, 0, 0
0, 0, 0, 0, 0, 0, 0, 0, 0, 0, 0, 0, 0, 0, 0, 0, 0, 0, 0, 0, 0, 0, 0, 0, 0, 0, 0
0, 0, 0, 0, 0, 0, 0, 0, 0, 0, 0, 0, 0, 0, 0, 0, 0, 0, 0, 0, 0, 0, 0, 0, 0, 0, 0
0, 0, 0, 0, 0, 0, 0, 0, 0, 0, 0, 0, 0, 0, 0, 0, 0, 0, 0, 0, 0, 0, 0, 0, 0, 0, 0
0, 0, 0, 0, 0, 0, 0, 0, 0, 0, 0, 0, 0, 0, 0, 0, 0, 0, 0, 0, 0, 0, 0, 0, 0, 0, 0
0, 0, 0, 0, 0, 0, 0, 0, 0, 0, 0, 0, 0, 0, 0, 0, 0, 0, 0, 0, 0, 0, 0, 0, 0, 0, 0
0, 0, 0, 0, 0, 0, 0, 0, 0, 0, 0, 0, 0, 0, 0, 0, 0, 0, 0, 0, 0, 0, 0, 0, 0, 0, 0
0, 0, 0, 0, 0, 0, 0, 0, 0, 0, 0, 0, 0, 0, 0, 0, 0, 0, 0, 0, 0, 0, 0, 0, 0, 0, 0
0, 0, 0, 0, 0, 0, 0, 0, 0, 0, 0, 0, 0, 0, 0, 0, 0, 0, 0, 0, 0, 0, 0, 0, 0, 0, 0
0, 0, 0, 0, 0, 0, 0, 0, 0, 0, 0, 0, 0, 0, 0, 0, 0, 0, 0, 0, 0, 0, 0, 0, 0, 0, 0
0, 0, 0, 0, 0, 0, 0, 0, 0, 0, 0, 0, 0, 0, 0, 0, 0, 0, 0, 0, 0, 0, 0, 0, 0, 0, 0
0, 0, 0, 0, 0, 0, 0, 0, 0, 0, 0, 0, 0, 0, 0, 0, 0, 0, 0, 0, 0, 0, 0, 0, 0, 0, 0
0, 0, 0, 0, 0, 0, 0, 0, 0, 0, 0, 0, 0, 0, 0, 0, 0, 0, 0, 0, 0, 0, 0, 0, 0, 0, 0
10, 520, 0, 0, 0, 0, 0, 0, 0, 10, 520, 0, 0, 0, 0, 0, 0, 0, 20, 1040, 0, 0, 0, 0, 0, 0, 0
0, 0, 0, 0, 0, 0, 0, 0, 0, 0, 0, 0, 0, 0, 0, 0, 0, 0, 0, 0, 0, 0, 0, 0, 0, 0, 0
3, 156, 0, 0, 0, 0, 0, 0, 0, 1, 52, 3, 459, 83, 293, 153.0, 9800.0, 33209.0, 4, 208, 3, 459, 83, 293, 153.0, 9800.0, 33209.0
0, 0, 0, 0, 0, 0, 0, 0, 0, 0, 0, 0, 0, 0, 0, 0, 0, 0, 0, 0, 0, 0, 0, 0, 0, 0, 0
0, 0, 0, 0, 0, 0, 0, 0, 0, 0, 0, 0, 0, 0, 0, 0, 0, 0, 0, 0, 0, 0, 0, 0, 0, 0, 0
0, 0, 0, 0, 0, 0, 0, 0, 0, 0, 0, 0, 0, 0, 0, 0, 0, 0, 0, 0, 0, 0, 0, 0, 0, 0, 0
0, 0, 0, 0, 0, 0, 0, 0, 0, 0, 0, 0, 0, 0, 0, 0, 0, 0, 0, 0, 0, 0, 0, 0, 0, 0, 0
0, 0, 0, 0, 0, 0, 0, 0, 0, 0, 0, 0, 0, 0, 0, 0, 0, 0, 0, 0, 0, 0, 0, 0, 0, 0, 0
0, 0, 0, 0, 0, 0, 0, 0, 0, 0, 0, 0, 0, 0, 0, 0, 0, 0, 0, 0, 0, 0, 0, 0, 0, 0, 0
0, 0, 0, 0, 0, 0, 0, 0, 0, 0, 0, 0, 0, 0, 0, 0, 0, 0, 0, 0, 0, 0, 0, 0, 0, 0, 0
0, 0, 0, 0, 0, 0, 0, 0, 0, 0, 0, 0, 0, 0, 0, 0, 0, 0, 0, 0, 0, 0, 0, 0, 0, 0, 0
0, 0, 0, 0, 0, 0, 0, 0, 0, 0, 0, 0, 0, 0, 0, 0, 0, 0, 0, 0, 0, 0, 0, 0, 0, 0, 0
2, 104, 2, 730, 91, 639, 365.0, 75076.0, 208301.0, 1, 52, 2, 422, 91, 331, 211.0, 14400.0, 58921.0, 3, 156, 4, 1152, 91, 639, 288.0, 39895.555555555555, 133611.0
3, 164, 0, 0, 0, 0, 0, 0, 0, 0, 0, 0, 0, 0, 0, 0, 0, 0, 3, 164, 0, 0, 0, 0, 0, 0, 0
2, 112, 1, 569, 569, 569, 569.0, 0.0, 323761.0, 2, 112, 0, 0, 0, 0, 0, 0, 0, 4, 224, 1, 569, 569, 569, 569.0, 0.0, 323761.0
3, 156, 4, 1559, 103, 784, 389.75, 88003.6875, 239908.75, 1, 60, 2, 378, 189, 189, 189.0, 0.0, 35721.0, 4, 216, 6, 1937, 103, 784, 322.8333333333333, 54076.984375, 171846.16666666666
1, 52, 0, 0, 0, 0, 0, 0, 0, 2, 104, 1, 301, 301, 301, 301.0, 0.0, 90601.0, 3, 156, 1, 301, 301, 301, 301.0, 0.0, 90601.0
0, 0, 0, 0, 0, 0, 0, 0, 0, 0, 0, 0, 0, 0, 0, 0, 0, 0, 0, 0, 0, 0, 0, 0, 0, 0, 0
0, 0, 0, 0, 0, 0, 0, 0, 0, 0, 0, 0, 0, 0, 0, 0, 0, 0, 0, 0, 0, 0, 0, 0, 0, 0, 0
0, 0, 0, 0, 0, 0, 0, 0, 0, 0, 0, 0, 0, 0, 0, 0, 0, 0, 0, 0, 0, 0, 0, 0, 0, 0, 0
0, 0, 0, 0, 0, 0, 0, 0, 0, 0, 0, 0, 0, 0, 0, 0, 0, 0, 0, 0, 0, 0, 0, 0, 0, 0, 0
0, 0, 0, 0, 0, 0, 0, 0, 0, 0, 0, 0, 0, 0, 0, 0, 0, 0, 0, 0, 0, 0, 0, 0, 0, 0, 0
0, 0, 0, 0, 0, 0, 0, 0, 0, 0, 0, 0, 0, 0, 0, 0, 0, 0, 0, 0, 0, 0, 0, 0, 0, 0, 0
3, 156, 0, 0, 0, 0, 0, 0, 0, 3, 156, 0, 0, 0, 0, 0, 0, 0, 6, 312, 0, 0, 0, 0, 0, 0, 0
0, 0, 0, 0, 0, 0, 0, 0, 0, 0, 0, 0, 0, 0, 0, 0, 0, 0, 0, 0, 0, 0, 0, 0, 0, 0, 0
0, 0, 0, 0, 0, 0, 0, 0, 0, 0, 0, 0, 0, 0, 0, 0, 0, 0, 0, 0, 0, 0, 0, 0, 0, 0, 0
0, 0, 0, 0, 0, 0, 0, 0, 0, 0, 0, 0, 0, 0, 0, 0, 0, 0, 0, 0, 0, 0, 0, 0, 0, 0, 0
0, 0, 0, 0, 0, 0, 0, 0, 0, 0, 0, 0, 0, 0, 0, 0, 0, 0, 0, 0, 0, 0, 0, 0, 0, 0, 0
0, 0, 0, 0, 0, 0, 0, 0, 0, 0, 0, 0, 0, 0, 0, 0, 0, 0, 0, 0, 0, 0, 0, 0, 0, 0, 0
0, 0, 0, 0, 0, 0, 0, 0, 0, 0, 0, 0, 0, 0, 0, 0, 0, 0, 0, 0, 0, 0, 0, 0, 0, 0, 0
0, 0, 0, 0, 0, 0, 0, 0, 0, 0, 0, 0, 0, 0, 0, 0, 0, 0, 0, 0, 0, 0, 0, 0, 0, 0, 0
0, 0, 0, 0, 0, 0, 0, 0, 0, 0, 0, 0, 0, 0, 0, 0, 0, 0, 0, 0, 0, 0, 0, 0, 0, 0, 0
0, 0, 1, 200, 200, 200, 200.0, 0.0, 40000.0, 0, 0, 0, 0, 0, 0, 0, 0, 0, 0, 0, 1, 200, 200, 200, 200.0, 0.0, 40000.0
0, 0, 0, 0, 0, 0, 0, 0, 0, 0, 0, 0, 0, 0, 0, 0, 0, 0, 0, 0, 0, 0, 0, 0, 0, 0, 0
0, 0, 0, 0, 0, 0, 0, 0, 0, 0, 0, 0, 0, 0, 0, 0, 0, 0, 0, 0, 0, 0, 0, 0, 0, 0, 0
0, 0, 1, 200, 200, 200, 200.0, 0.0, 40000.0, 0, 0, 0, 0, 0, 0, 0, 0, 0, 0, 0, 1, 200, 200, 200, 200.0, 0.0, 40000.0
0, 0, 0, 0, 0, 0, 0, 0, 0, 0, 0, 0, 0, 0, 0, 0, 0, 0, 0, 0, 0, 0, 0, 0, 0, 0, 0
0, 0, 0, 0, 0, 0, 0, 0, 0, 0, 0, 0, 0, 0, 0, 0, 0, 0, 0, 0, 0, 0, 0, 0, 0, 0, 0
2, 104, 5, 688, 91, 200, 137.6, 1745.8399999999997, 20679.6, 4, 208, 14, 71473, 91, 17068, 5105.214285714285, 25217437.025510203, 51280649.928571425, 6, 312, 19, 72161, 91, 17068, 3797.9473684210525, 24569335.823691454, 37791184.05263158
2, 104, 0, 0, 0, 0, 0, 0, 0, 0, 0, 19, 65849, 331, 8560, 3465.7368421052633, 5116626.614958448, 17127958.47368421, 2, 104, 19, 65849, 331, 8560, 3465.7368421052633, 5116626.614958447, 17127958.47368421
52, 2704, 2, 291, 91, 200, 145.5, 2970.25, 24140.5, 1, 52, 269, 1160266, 91, 20725, 4313.256505576208, 10536503.93792236, 29140685.620817844, 53, 2756, 271, 1160557, 91, 20725, 4282.49815498155, 10561586.628844308, 28925803.36900369
0, 0, 0, 0, 0, 0, 0, 0, 0, 0, 0, 0, 0, 0, 0, 0, 0, 0, 0, 0, 0, 0, 0, 0, 0, 0, 0
0, 0, 0, 0, 0, 0, 0, 0, 0, 0, 0, 0, 0, 0, 0, 0, 0, 0, 0, 0, 0, 0, 0, 0, 0, 0, 0
2, 104, 0, 0, 0, 0, 0, 0, 0, 1, 52, 1, 83, 83, 83, 83.0, 0.0, 6889.0, 3, 156, 1, 83, 83, 83, 83.0, 0.0, 6889.0
1, 52, 0, 0, 0, 0, 0, 0, 0, 0, 0, 2, 376, 83, 293, 188.0, 11025.0, 46369.0, 1, 52, 2, 376, 83, 293, 188.0, 11025.0, 46369.0
0, 0, 0, 0, 0, 0, 0, 0, 0, 0, 0, 0, 0, 0, 0, 0, 0, 0, 0, 0, 0, 0, 0, 0, 0, 0, 0
0, 0, 0, 0, 0, 0, 0, 0, 0, 0, 0, 0, 0, 0, 0, 0, 0, 0, 0, 0, 0, 0, 0, 0, 0, 0, 0
0, 0, 0, 0, 0, 0, 0, 0, 0, 0, 0, 0, 0, 0, 0, 0, 0, 0, 0, 0, 0, 0, 0, 0, 0, 0, 0
0, 0, 0, 0, 0, 0, 0, 0, 0, 0, 0, 0, 0, 0, 0, 0, 0, 0, 0, 0, 0, 0, 0, 0, 0, 0, 0
1, 52, 2, 247, 91, 156, 123.5, 1056.25, 16308.5, 2, 104, 20, 71788, 91, 11396, 3589.4, 9598435.140000002, 22482227.5, 3, 156, 22, 72035, 91, 11396, 3274.318181818182, 9686199.991496598, 20439871.227272727
0, 0, 1, 150, 150, 150, 150.0, 0.0, 22500.0, 1, 52, 0, 0, 0, 0, 0, 0, 0, 1, 52, 1, 150, 150, 150, 150.0, 0.0, 22500.0
79, 4108, 1, 91, 91, 91, 91.0, 0.0, 8281.0, 1, 52, 292, 1241155, 91, 16498, 4250.530821917808, 10195180.228502065, 28262192.49657534, 80, 4160, 293, 1241246, 91, 16498, 4236.334470989761, 10207277.563339908, 28165762.764505118
0, 0, 0, 0, 0, 0, 0, 0, 0, 0, 0, 0, 0, 0, 0, 0, 0, 0, 0, 0, 0, 0, 0, 0, 0, 0, 0
0, 0, 0, 0, 0, 0, 0, 0, 0, 0, 0, 0, 0, 0, 0, 0, 0, 0, 0, 0, 0, 0, 0, 0, 0, 0, 0
0, 0, 0, 0, 0, 0, 0, 0, 0, 0, 0, 0, 0, 0, 0, 0, 0, 0, 0, 0, 0, 0, 0, 0, 0, 0, 0
3, 164, 0, 0, 0, 0, 0, 0, 0, 0, 0, 0, 0, 0, 0, 0, 0, 0, 3, 164, 0, 0, 0, 0, 0, 0, 0
4, 216, 4, 2024, 103, 783, 506.0, 61769.0, 317805.0, 3, 172, 1, 189, 189, 189, 189.0, 0.0, 35721.0, 7, 388, 5, 2213, 103, 783, 442.6, 63510.22222222222, 261388.2
2, 104, 1, 103, 103, 103, 103.0, 0.0, 10609.0, 1, 52, 2, 490, 189, 301, 245.0, 3136.0, 63161.0, 3, 156, 3, 593, 103, 301, 197.66666666666666, 5735.039999999999, 45643.666666666664
0, 0, 0, 0, 0, 0, 0, 0, 0, 1, 52, 0, 0, 0, 0, 0, 0, 0, 1, 52, 0, 0, 0, 0, 0, 0, 0
0, 0, 0, 0, 0, 0, 0, 0, 0, 0, 0, 0, 0, 0, 0, 0, 0, 0, 0, 0, 0, 0, 0, 0, 0, 0, 0
1, 52, 2, 247, 91, 156, 123.5, 1056.25, 16308.5, 2, 104, 16, 71072, 91, 13514, 4442.0, 15901209.375, 35632573.375, 3, 156, 18, 71319, 91, 13514, 3962.1666666666665, 15998401.322664363, 31675210.611111112
0, 0, 1, 150, 150, 150, 150.0, 0.0, 22500.0, 1, 52, 0, 0, 0, 0, 0, 0, 0, 1, 52, 1, 150, 150, 150, 150.0, 0.0, 22500.0
72, 3744, 1, 91, 91, 91, 91.0, 0.0, 8281.0, 1, 52, 293, 1209579, 91, 16458, 4128.255972696245, 9777178.081235658, 26819675.457337882, 73, 3796, 294, 1209670, 91, 16458, 4114.523809523809, 9788241.948962327, 26728480.23809524
0, 0, 0, 0, 0, 0, 0, 0, 0, 0, 0, 0, 0, 0, 0, 0, 0, 0, 0, 0, 0, 0, 0, 0, 0, 0, 0
0, 0, 0, 0, 0, 0, 0, 0, 0, 0, 0, 0, 0, 0, 0, 0, 0, 0, 0, 0, 0, 0, 0, 0, 0, 0, 0
0, 0, 0, 0, 0, 0, 0, 0, 0, 0, 0, 0, 0, 0, 0, 0, 0, 0, 0, 0, 0, 0, 0, 0, 0, 0, 0
0, 0, 0, 0, 0, 0, 0, 0, 0, 0, 0, 0, 0, 0, 0, 0, 0, 0, 0, 0, 0, 0, 0, 0, 0, 0, 0
2, 104, 2, 730, 91, 639, 365.0, 75076.0, 208301.0, 1, 52, 2, 422, 91, 331, 211.0, 14400.0, 58921.0, 3, 156, 4, 1152, 91, 639, 288.0, 39895.555555555555, 133611.0
1, 52, 0, 0, 0, 0, 0, 0, 0, 1, 52, 0, 0, 0, 0, 0, 0, 0, 2, 104, 0, 0, 0, 0, 0, 0, 0
0, 0, 0, 0, 0, 0, 0, 0, 0, 0, 0, 0, 0, 0, 0, 0, 0, 0, 0, 0, 0, 0, 0, 0, 0, 0, 0
0, 0, 0, 0, 0, 0, 0, 0, 0, 0, 0, 0, 0, 0, 0, 0, 0, 0, 0, 0, 0, 0, 0, 0, 0, 0, 0
0, 0, 0, 0, 0, 0, 0, 0, 0, 0, 0, 0, 0, 0, 0, 0, 0, 0, 0, 0, 0, 0, 0, 0, 0, 0, 0
2, 104, 3, 397, 91, 156, 132.33333333333334, 860.2222222222222, 18372.333333333332, 3, 156, 13, 69163, 91, 11396, 5320.2307692307695, 14874691.715976331, 43179547.15384615, 5, 260, 16, 69560, 91, 11396, 4347.5, 15832230.936979784, 35086826.875
58, 3088, 1, 91, 91, 91, 91.0, 0.0, 8281.0, 3, 156, 274, 1320487, 76, 25576, 4819.295620437956, 14647954.157134105, 37873564.43430657, 61, 3244, 275, 1320578, 76, 25576, 4802.101818181818, 14661921.557108304, 37735872.49454545
0, 0, 0, 0, 0, 0, 0, 0, 0, 0, 0, 0, 0, 0, 0, 0, 0, 0, 0, 0, 0, 0, 0, 0, 0, 0, 0
0, 0, 0, 0, 0, 0, 0, 0, 0, 0, 0, 0, 0, 0, 0, 0, 0, 0, 0, 0, 0, 0, 0, 0, 0, 0, 0
0, 0, 0, 0, 0, 0, 0, 0, 0, 0, 0, 0, 0, 0, 0, 0, 0, 0, 0, 0, 0, 0, 0, 0, 0, 0, 0
0, 0, 0, 0, 0, 0, 0, 0, 0, 0, 0, 0, 0, 0, 0, 0, 0, 0, 0, 0, 0, 0, 0, 0, 0, 0, 0
0, 0, 1, 322, 322, 322, 322.0, 0.0, 103684.0, 0, 0, 0, 0, 0, 0, 0, 0, 0, 0, 0, 1, 322, 322, 322, 322.0, 0.0, 103684.0
0, 0, 0, 0, 0, 0, 0, 0, 0, 0, 0, 0, 0, 0, 0, 0, 0, 0, 0, 0, 0, 0, 0, 0, 0, 0, 0
1, 52, 0, 0, 0, 0, 0, 0, 0, 1, 52, 0, 0, 0, 0, 0, 0, 0, 2, 104, 0, 0, 0, 0, 0, 0, 0
0, 0, 1, 156, 156, 156, 156.0, 0.0, 24336.0, 0, 0, 0, 0, 0, 0, 0, 0, 0, 0, 0, 1, 156, 156, 156, 156.0, 0.0, 24336.0
2, 104, 1, 91, 91, 91, 91.0, 0.0, 8281.0, 2, 104, 21, 69616, 91, 8560, 3315.0476190476193, 4912043.950113379, 15901584.666666666, 4, 208, 22, 69707, 91, 8560, 3168.5, 5033920.85559762, 15179161.772727273
0, 0, 1, 150, 150, 150, 150.0, 0.0, 22500.0, 1, 52, 0, 0, 0, 0, 0, 0, 0, 1, 52, 1, 150, 150, 150, 150.0, 0.0, 22500.0
77, 4016, 2, 178, 87, 91, 89.0, 4.0, 7925.0, 2, 104, 327, 1128032, 83, 16458, 3449.6391437308866, 6169478.762749113, 18069488.98470948, 79, 4120, 329, 1128210, 83, 16458, 3429.209726443769, 6184997.019101353, 17959692.243161093
3, 156, 0, 0, 0, 0, 0, 0, 0, 2, 104, 1, 83, 83, 83, 83.0, 0.0, 6889.0, 5, 260, 1, 83, 83, 83, 83.0, 0.0, 6889.0
1, 52, 0, 0, 0, 0, 0, 0, 0, 0, 0, 2, 376, 83, 293, 188.0, 11025.0, 46369.0, 1, 52, 2, 376, 83, 293, 188.0, 11025.0, 46369.0
0, 0, 0, 0, 0, 0, 0, 0, 0, 0, 0, 0, 0, 0, 0, 0, 0, 0, 0, 0, 0, 0, 0, 0, 0, 0, 0
0, 0, 0, 0, 0, 0, 0, 0, 0, 0, 0, 0, 0, 0, 0, 0, 0, 0, 0, 0, 0, 0, 0, 0, 0, 0, 0
0, 0, 0, 0, 0, 0, 0, 0, 0, 0, 0, 0, 0, 0, 0, 0, 0, 0, 0, 0, 0, 0, 0, 0, 0, 0, 0
0, 0, 0, 0, 0, 0, 0, 0, 0, 0, 0, 0, 0, 0, 0, 0, 0, 0, 0, 0, 0, 0, 0, 0, 0, 0, 0
0, 0, 0, 0, 0, 0, 0, 0, 0, 0, 0, 0, 0, 0, 0, 0, 0, 0, 0, 0, 0, 0, 0, 0, 0, 0, 0
0, 0, 0, 0, 0, 0, 0, 0, 0, 0, 0, 0, 0, 0, 0, 0, 0, 0, 0, 0, 0, 0, 0, 0, 0, 0, 0
4, 208, 2, 247, 91, 156, 123.5, 1056.25, 16308.5, 2, 104, 20, 73939, 91, 9260, 3696.95, 6501884.7475000005, 20169324.05, 6, 312, 22, 74186, 91, 9260, 3372.090909090909, 6771439.168367348, 18337231.727272727
0, 0, 1, 150, 150, 150, 150.0, 0.0, 22500.0, 1, 52, 0, 0, 0, 0, 0, 0, 0, 1, 52, 1, 150, 150, 150, 150.0, 0.0, 22500.0
14, 728, 0, 0, 0, 0, 0, 0, 0, 0, 0, 88, 307538, 327, 9978, 3494.75, 5495451.9375, 17708729.5, 14, 728, 88, 307538, 327, 9978, 3494.75, 5495451.9375, 17708729.5
47, 2452, 1, 91, 91, 91, 91.0, 0.0, 8281.0, 1, 52, 189, 1006369, 91, 17068, 5324.7037037037035, 16041361.26670586, 44393830.7989418, 48, 2504, 190, 1006460, 91, 17068, 5297.1578947368425, 16071118.574613096, 44160222.64210527
2, 112, 1, 569, 569, 569, 569.0, 0.0, 323761.0, 2, 112, 0, 0, 0, 0, 0, 0, 0, 4, 224, 1, 569, 569, 569, 569.0, 0.0, 323761.0
2, 104, 3, 1457, 103, 785, 485.6666666666667, 80992.88888888889, 316865.0, 1, 60, 1, 189, 189, 189, 189.0, 0.0, 35721.0, 3, 164, 4, 1646, 103, 785, 411.5, 69718.4, 246579.0
2, 104, 1, 103, 103, 103, 103.0, 0.0, 10609.0, 1, 52, 2, 490, 189, 301, 245.0, 3136.0, 63161.0, 3, 156, 3, 593, 103, 301, 197.66666666666666, 5735.039999999999, 45643.666666666664
0, 0, 0, 0, 0, 0, 0, 0, 0, 1, 52, 0, 0, 0, 0, 0, 0, 0, 1, 52, 0, 0, 0, 0, 0, 0, 0
0, 0, 0, 0, 0, 0, 0, 0, 0, 0, 0, 0, 0, 0, 0, 0, 0, 0, 0, 0, 0, 0, 0, 0, 0, 0, 0
0, 0, 0, 0, 0, 0, 0, 0, 0, 0, 0, 0, 0, 0, 0, 0, 0, 0, 0, 0, 0, 0, 0, 0, 0, 0, 0
0, 0, 0, 0, 0, 0, 0, 0, 0, 0, 0, 0, 0, 0, 0, 0, 0, 0, 0, 0, 0, 0, 0, 0, 0, 0, 0
1, 52, 2, 247, 91, 156, 123.5, 1056.25, 16308.5, 2, 104, 14, 73366, 91, 14932, 5240.428571428572, 18516092.530612245, 45978184.14285714, 3, 156, 16, 73613, 91, 14932, 4600.8125, 18910918.610000003, 40232949.6875
0, 0, 1, 150, 150, 150, 150.0, 0.0, 22500.0, 1, 52, 0, 0, 0, 0, 0, 0, 0, 1, 52, 1, 150, 150, 150, 150.0, 0.0, 22500.0
2, 104, 0, 0, 0, 0, 0, 0, 0, 0, 0, 20, 65930, 358, 8560, 3296.5, 4672522.25, 15539434.5, 2, 104, 20, 65930, 358, 8560, 3296.5, 4672522.25, 15539434.5
63, 3300, 1, 91, 91, 91, 91.0, 0.0, 8281.0, 1, 52, 246, 1087711, 83, 16458, 4421.589430894309, 10468780.20948179, 30019233.30487805, 64, 3352, 247, 1087802, 83, 16458, 4404.056680161943, 10485508.777497543, 29897731.47368421
0, 0, 0, 0, 0, 0, 0, 0, 0, 0, 0, 0, 0, 0, 0, 0, 0, 0, 0, 0, 0, 0, 0, 0, 0, 0, 0
0, 0, 0, 0, 0, 0, 0, 0, 0, 0, 0, 0, 0, 0, 0, 0, 0, 0, 0, 0, 0, 0, 0, 0, 0, 0, 0
0, 0, 0, 0, 0, 0, 0, 0, 0, 0, 0, 0, 0, 0, 0, 0, 0, 0, 0, 0, 0, 0, 0, 0, 0, 0, 0
0, 0, 0, 0, 0, 0, 0, 0, 0, 0, 0, 0, 0, 0, 0, 0, 0, 0, 0, 0, 0, 0, 0, 0, 0, 0, 0
0, 0, 0, 0, 0, 0, 0, 0, 0, 0, 0, 0, 0, 0, 0, 0, 0, 0, 0, 0, 0, 0, 0, 0, 0, 0, 0
0, 0, 0, 0, 0, 0, 0, 0, 0, 0, 0, 0, 0, 0, 0, 0, 0, 0, 0, 0, 0, 0, 0, 0, 0, 0, 0
0, 0, 0, 0, 0, 0, 0, 0, 0, 0, 0, 0, 0, 0, 0, 0, 0, 0, 0, 0, 0, 0, 0, 0, 0, 0, 0
2, 104, 2, 247, 91, 156, 123.5, 1056.25, 16308.5, 2, 104, 19, 68428, 91, 9978, 3601.4736842105262, 8525047.61772853, 21495660.315789472, 4, 208, 21, 68675, 91, 9978, 3270.2380952380954, 8673422.344375, 19450007.76190476
0, 0, 1, 150, 150, 150, 150.0, 0.0, 22500.0, 0, 0, 0, 0, 0, 0, 0, 0, 0, 0, 0, 1, 150, 150, 150, 150.0, 0.0, 22500.0
0, 0, 0, 0, 0, 0, 0, 0, 0, 1, 52, 0, 0, 0, 0, 0, 0, 0, 1, 52, 0, 0, 0, 0, 0, 0, 0
