addr1_packet_ctrl, addr1_bytes_ctrl, addr1_packet, addr1_bytes, addr1_pkt_len_min, addr1_pkt_len_max, addr1_pkt_len_avg,addr1_pkt_len_var, addr1_pkt_len_mom2, addr2_packet_ctrl, addr2_bytes_ctrl, addr2_packet, addr2_bytes, addr2_pkt_len_min, addr2_pkt_len_max, addr2_pkt_len_avg,addr2_pkt_len_var, addr2_pkt_len_mom2, addra_packet_ctrl, addra_bytes_ctrl, addra_packet, addra_bytes, addra_pkt_len_min, addra_pkt_len_max, addra_pkt_len_avg,addra_pkt_len_var, addra_pkt_len_mom2 
2, 104, 0, 0, 0, 0, 0, 0, 0, 2, 104, 0, 0, 0, 0, 0, 0, 0, 4, 208, 0, 0, 0, 0, 0, 0, 0
17, 860, 3, 1757, 72, 1612, 585.6666666666666, 526680.2222222224, 869685.6666666666, 6, 320, 5, 1203, 83, 707, 240.6, 55727.43999999999, 113615.8, 23, 1180, 8, 2960, 72, 1612, 370.0, 185545.71597633138, 397142.0
7, 364, 8, 2325, 72, 652, 290.625, 63066.484375, 147529.375, 6, 328, 8, 2464, 164, 665, 308.0, 22560.0, 117424.0, 13, 692, 16, 4789, 72, 665, 299.3125, 36129.24826388888, 132476.6875
17, 900, 23, 7975, 81, 2156, 346.7391304347826, 191914.80151228732, 312142.82608695654, 14, 744, 26, 22555, 83, 3340, 867.5, 838090.8653846154, 1590647.1153846155, 31, 1644, 49, 30530, 81, 3340, 623.0612244897959, 697591.6266666667, 990532.8571428572
34, 1792, 34, 11008, 72, 1434, 323.7647058823529, 87267.4740484429, 192091.0588235294, 24, 1272, 51, 17230, 83, 1359, 337.84313725490193, 124771.42637447138, 238909.41176470587, 58, 3064, 85, 28238, 72, 1434, 332.21176470588233, 115432.60121107267, 220182.0705882353
20, 1064, 30, 8407, 81, 813, 280.23333333333335, 55797.24555555555, 134327.96666666667, 17, 900, 34, 25693, 83, 7811, 755.6764705882352, 2128552.6306228377, 2699599.5588235296, 37, 1964, 64, 34100, 81, 7811, 532.8125, 1542050.4824031654, 1497128.5
131, 6872, 35, 14985, 73, 1562, 428.14285714285717, 116141.72244897958, 299448.02857142856, 28, 1512, 345, 2773357, 83, 18876, 8038.715942028985, 38261968.37728208, 102882922.37391305, 159, 8384, 380, 2788342, 73, 18876, 7337.742105263158, 39081635.471436866, 93434444.4736842
87, 4532, 10, 6826, 86, 1816, 682.6, 294811.44000000006, 760754.2, 6, 312, 148, 926631, 87, 20324, 6261.02027027027, 38356752.66850804, 77557127.49324325, 93, 4844, 158, 933457, 86, 20324, 5907.955696202532, 38096617.96676493, 72696597.53797469
131, 6836, 9, 5569, 79, 1225, 618.7777777777778, 75516.61728395062, 458402.55555555556, 4, 216, 190, 1399360, 133, 23220, 7365.0526315789475, 37230530.00775624, 91474530.2736842, 135, 7052, 199, 1404929, 79, 23220, 7059.94472361809, 37399522.45149055, 87358222.98994975
379, 19708, 15, 7948, 103, 767, 529.8666666666667, 25789.71555555555, 306548.4, 4, 232, 1077, 4325779, 197, 23220, 4016.5078922934076, 22155534.69376315, 38287870.34261838, 383, 19940, 1092, 4333727, 103, 23220, 3968.614468864469, 22085983.179620802, 37766148.88736264
2, 104, 5, 4683, 178, 1967, 936.6, 551240.24, 1428459.8, 1, 52, 5, 12728, 103, 5546, 2545.6, 6236390.639999999, 12716470.0, 3, 156, 10, 17411, 103, 5546, 1741.1, 4916647.395555555, 7072464.9
5, 260, 1, 1572, 1572, 1572, 1572.0, 0.0, 2471184.0, 3, 156, 5, 2113, 103, 1062, 422.6, 109283.44000000003, 287874.2, 8, 416, 6, 3685, 103, 1572, 614.1666666666666, 208532.08264462816, 651759.1666666666
53, 2756, 12, 5102, 87, 1255, 425.1666666666667, 98605.80555555556, 279372.5, 6, 312, 187, 921287, 83, 23220, 4926.668449197861, 30301108.959592782, 54573170.96791444, 59, 3068, 199, 926389, 83, 23220, 4655.221105527638, 29972540.914225884, 51299173.07035176
120, 6240, 6, 2455, 91, 680, 409.1666666666667, 55506.1388888889, 222923.5, 3, 156, 446, 1414689, 83, 21772, 3171.9484304932735, 17869944.237250898, 27931201.08295964, 123, 6396, 452, 1417144, 83, 21772, 3135.2743362831857, 17801575.80889604, 27563392.088495575
1, 52, 0, 0, 0, 0, 0, 0, 0, 0, 0, 1, 301, 301, 301, 301.0, 0.0, 90601.0, 1, 52, 1, 301, 301, 301, 301.0, 0.0, 90601.0
5, 260, 5, 3778, 577, 1226, 755.6, 58297.44, 629228.8, 2, 104, 10, 67418, 217, 21772, 6741.8, 54014688.360000014, 99466555.6, 7, 364, 15, 71196, 217, 21772, 4746.4, 48956944.646400005, 66520780.0
100, 5200, 4, 2308, 577, 577, 577.0, 0.0, 332929.0, 0, 0, 395, 2273922, 1102, 24668, 5756.764556962025, 34290265.076212145, 67430603.24050634, 100, 5200, 399, 2276230, 577, 24668, 5704.837092731829, 34252000.75509647, 66757944.85213032
0, 0, 0, 0, 0, 0, 0, 0, 0, 0, 0, 0, 0, 0, 0, 0, 0, 0, 0, 0, 0, 0, 0, 0, 0, 0, 0
16, 832, 6, 4894, 576, 1256, 815.6666666666666, 91448.22222222223, 756760.3333333334, 2, 104, 91, 633778, 346, 20324, 6964.593406593406, 40936088.87863785, 89441650.1978022, 18, 936, 97, 638672, 346, 20324, 6584.2474226804125, 40800705.249094605, 83955986.90721649
9, 468, 1, 576, 576, 576, 576.0, 0.0, 331776.0, 0, 0, 9, 66435, 301, 15568, 7381.666666666667, 32733322.0, 87222324.77777778, 9, 468, 10, 67011, 301, 15568, 6701.1, 33319955.407202214, 78533269.9
4, 208, 3, 1950, 576, 798, 650.0, 10952.0, 433452.0, 0, 0, 44, 134360, 1233, 12121, 3053.6363636363635, 7395207.458677686, 16719902.5, 4, 208, 47, 136310, 576, 12121, 2900.2127659574467, 7335957.338002659, 15680341.829787234
160, 8320, 9, 6371, 576, 1227, 707.8888888888889, 36343.65432098765, 537450.3333333334, 0, 0, 556, 1792834, 87, 21772, 3224.521582733813, 18040340.767519798, 28437880.20503597, 160, 8320, 565, 1799205, 87, 21772, 3184.433628318584, 17946234.926474627, 27993448.578761064
48, 2496, 0, 0, 0, 0, 0, 0, 0, 0, 0, 210, 326528, 301, 2948, 1554.895238095238, 111332.41759637187, 2529031.619047619, 48, 2496, 210, 326528, 301, 2948, 1554.895238095238, 111332.41759637187, 2529031.619047619
0, 0, 0, 0, 0, 0, 0, 0, 0, 0, 0, 0, 0, 0, 0, 0, 0, 0, 0, 0, 0, 0, 0, 0, 0, 0, 0
30, 1560, 4, 2304, 576, 576, 576.0, 0.0, 331776.0, 0, 0, 129, 747725, 1500, 20324, 5796.3178294573645, 27949305.81371312, 61546606.19379845, 30, 1560, 133, 750029, 576, 20324, 5639.315789473684, 27932303.610046033, 59705558.669172935
32, 1664, 2, 1152, 576, 576, 576.0, 0.0, 331776.0, 0, 0, 138, 1011963, 269, 20324, 7333.065217391304, 40163751.278355375, 93937596.76086956, 32, 1664, 140, 1013115, 269, 20324, 7236.535714285715, 40200914.62191398, 92600370.75
0, 0, 0, 0, 0, 0, 0, 0, 0, 0, 0, 0, 0, 0, 0, 0, 0, 0, 0, 0, 0, 0, 0, 0, 0, 0, 0
10, 520, 11, 4523, 87, 1256, 411.1818181818182, 105347.05785123966, 274417.54545454547, 6, 312, 58, 201873, 83, 17428, 3480.5689655172414, 18775494.86593342, 30889855.189655174, 16, 832, 69, 206396, 83, 17428, 2991.246376811594, 17903721.96689193, 26009133.246376812
63, 3276, 6, 2349, 91, 577, 391.5, 47542.25, 200814.5, 3, 156, 202, 1580211, 83, 24668, 7822.8267326732675, 48322720.68780022, 109519338.77722773, 66, 3432, 208, 1582560, 83, 24668, 7608.461538461538, 48412592.982088044, 106365919.8076923
5, 260, 0, 0, 0, 0, 0, 0, 0, 2, 104, 4, 334, 76, 91, 83.5, 56.25, 7028.5, 7, 364, 4, 334, 76, 91, 83.5, 56.25, 7028.5
8, 416, 2, 1154, 577, 577, 577.0, 0.0, 332929.0, 3, 156, 11, 66434, 1500, 17428, 6039.454545454545, 22752593.338842973, 59227604.54545455, 11, 572, 13, 67588, 577, 17428, 5199.076923076923, 23135866.854166668, 50166885.23076923
92, 4784, 4, 2308, 577, 577, 577.0, 0.0, 332929.0, 0, 0, 417, 2230076, 874, 24668, 5347.90407673861, 37606259.81813685, 66206337.83213429, 92, 4784, 421, 2232384, 577, 24668, 5302.5748218527315, 37534883.297805324, 65580462.21377672
0, 0, 0, 0, 0, 0, 0, 0, 0, 0, 0, 0, 0, 0, 0, 0, 0, 0, 0, 0, 0, 0, 0, 0, 0, 0, 0
0, 0, 1, 577, 577, 577, 577.0, 0.0, 332929.0, 0, 0, 0, 0, 0, 0, 0, 0, 0, 0, 0, 1, 577, 577, 577, 577.0, 0.0, 332929.0
48, 2496, 4, 2308, 577, 577, 577.0, 0.0, 332929.0, 0, 0, 191, 1331579, 141, 24307, 6971.61780104712, 38565992.539787844, 87169447.30366492, 48, 2496, 195, 1333887, 141, 24307, 6840.446153846154, 38585696.186743274, 85388185.3897436
21, 1092, 1, 577, 577, 577, 577.0, 0.0, 332929.0, 1, 52, 105, 683373, 1500, 20324, 6508.314285714286, 33247580.463129256, 75605735.3047619, 22, 1144, 106, 683950, 577, 20324, 6452.358490566037, 33255950.96794771, 74895614.49056605
1, 52, 0, 0, 0, 0, 0, 0, 0, 1, 52, 0, 0, 0, 0, 0, 0, 0, 2, 104, 0, 0, 0, 0, 0, 0, 0
3, 156, 1, 577, 577, 577, 577.0, 0.0, 332929.0, 1, 52, 9, 66147, 1500, 14532, 7349.666666666667, 24330695.333333332, 78348295.44444445, 4, 208, 10, 66724, 577, 14532, 6672.4, 25337230.060941827, 70546758.8
5, 236, 0, 0, 0, 0, 0, 0, 0, 1, 52, 4, 727, 83, 293, 181.75, 9829.6875, 42862.75, 6, 288, 4, 727, 83, 293, 181.75, 9829.6875, 42862.75
0, 0, 0, 0, 0, 0, 0, 0, 0, 0, 0, 0, 0, 0, 0, 0, 0, 0, 0, 0, 0, 0, 0, 0, 0, 0, 0
0, 0, 0, 0, 0, 0, 0, 0, 0, 0, 0, 0, 0, 0, 0, 0, 0, 0, 0, 0, 0, 0, 0, 0, 0, 0, 0
0, 0, 0, 0, 0, 0, 0, 0, 0, 0, 0, 0, 0, 0, 0, 0, 0, 0, 0, 0, 0, 0, 0, 0, 0, 0, 0
0, 0, 0, 0, 0, 0, 0, 0, 0, 0, 0, 0, 0, 0, 0, 0, 0, 0, 0, 0, 0, 0, 0, 0, 0, 0, 0
0, 0, 0, 0, 0, 0, 0, 0, 0, 0, 0, 0, 0, 0, 0, 0, 0, 0, 0, 0, 0, 0, 0, 0, 0, 0, 0
3, 156, 1, 577, 577, 577, 577.0, 0.0, 332929.0, 0, 0, 8, 66096, 537, 17428, 8262.0, 35616528.75, 103877172.75, 3, 156, 9, 66673, 537, 17428, 7408.111111111111, 36791153.70242214, 92372256.77777778
17, 884, 1, 577, 577, 577, 577.0, 0.0, 332929.0, 1, 52, 68, 590937, 737, 20324, 8690.25, 46622298.893382356, 122142743.95588236, 18, 936, 69, 591514, 577, 20324, 8572.666666666666, 46758956.21812563, 120377384.31884058
0, 0, 0, 0, 0, 0, 0, 0, 0, 0, 0, 0, 0, 0, 0, 0, 0, 0, 0, 0, 0, 0, 0, 0, 0, 0, 0
1, 60, 0, 0, 0, 0, 0, 0, 0, 1, 60, 0, 0, 0, 0, 0, 0, 0, 2, 120, 0, 0, 0, 0, 0, 0, 0
0, 0, 1, 93, 93, 93, 93.0, 0.0, 8649.0, 1, 52, 0, 0, 0, 0, 0, 0, 0, 1, 52, 1, 93, 93, 93, 93.0, 0.0, 8649.0
1, 52, 1, 1132, 1132, 1132, 1132.0, 0.0, 1281424.0, 1, 52, 1, 72, 72, 72, 72.0, 0.0, 5184.0, 2, 104, 2, 1204, 72, 1132, 602.0, 249688.8888888889, 643304.0
5, 260, 0, 0, 0, 0, 0, 0, 0, 3, 156, 2, 166, 83, 83, 83.0, 0.0, 6889.0, 8, 416, 2, 166, 83, 83, 83.0, 0.0, 6889.0
0, 0, 0, 0, 0, 0, 0, 0, 0, 0, 0, 0, 0, 0, 0, 0, 0, 0, 0, 0, 0, 0, 0, 0, 0, 0, 0
0, 0, 0, 0, 0, 0, 0, 0, 0, 0, 0, 0, 0, 0, 0, 0, 0, 0, 0, 0, 0, 0, 0, 0, 0, 0, 0
1, 52, 0, 0, 0, 0, 0, 0, 0, 0, 0, 0, 0, 0, 0, 0, 0, 0, 1, 52, 0, 0, 0, 0, 0, 0, 0
0, 0, 0, 0, 0, 0, 0, 0, 0, 0, 0, 0, 0, 0, 0, 0, 0, 0, 0, 0, 0, 0, 0, 0, 0, 0, 0
6, 312, 1, 577, 577, 577, 577.0, 0.0, 332929.0, 1, 52, 11, 66832, 83, 17527, 6075.636363636364, 35177017.68595041, 72090374.9090909, 7, 364, 12, 67409, 83, 17527, 5617.416666666667, 34904992.41965974, 66110587.75
24, 1248, 1, 577, 577, 577, 577.0, 0.0, 332929.0, 0, 0, 91, 716934, 1500, 23220, 7878.395604395604, 44699965.75558507, 106769083.05494505, 24, 1248, 92, 717511, 577, 23220, 7799.032608695652, 44745425.31010183, 105612168.33695652
0, 0, 0, 0, 0, 0, 0, 0, 0, 0, 0, 0, 0, 0, 0, 0, 0, 0, 0, 0, 0, 0, 0, 0, 0, 0, 0
0, 0, 0, 0, 0, 0, 0, 0, 0, 0, 0, 0, 0, 0, 0, 0, 0, 0, 0, 0, 0, 0, 0, 0, 0, 0, 0
0, 0, 0, 0, 0, 0, 0, 0, 0, 0, 0, 0, 0, 0, 0, 0, 0, 0, 0, 0, 0, 0, 0, 0, 0, 0, 0
2, 104, 2, 729, 91, 638, 364.5, 74802.25, 207662.5, 1, 52, 2, 422, 91, 331, 211.0, 14400.0, 58921.0, 3, 156, 4, 1151, 91, 638, 287.75, 39770.13888888889, 133291.75
0, 0, 0, 0, 0, 0, 0, 0, 0, 0, 0, 0, 0, 0, 0, 0, 0, 0, 0, 0, 0, 0, 0, 0, 0, 0, 0
2, 120, 0, 0, 0, 0, 0, 0, 0, 0, 0, 0, 0, 0, 0, 0, 0, 0, 2, 120, 0, 0, 0, 0, 0, 0, 0
3, 156, 5, 2229, 103, 788, 445.8, 65077.36000000001, 263815.0, 2, 120, 1, 189, 189, 189, 189.0, 0.0, 35721.0, 5, 276, 6, 2418, 103, 788, 403.0, 59942.244897959186, 225799.33333333334
2, 104, 1, 103, 103, 103, 103.0, 0.0, 10609.0, 1, 52, 2, 490, 189, 301, 245.0, 3136.0, 63161.0, 3, 156, 3, 593, 103, 301, 197.66666666666666, 5735.039999999999, 45643.666666666664
0, 0, 0, 0, 0, 0, 0, 0, 0, 1, 52, 0, 0, 0, 0, 0, 0, 0, 1, 52, 0, 0, 0, 0, 0, 0, 0
2, 104, 2, 777, 200, 577, 388.5, 35532.25, 186464.5, 0, 0, 9, 66381, 537, 20324, 7375.666666666667, 43747926.44444443, 98148385.22222222, 2, 104, 11, 67158, 200, 20324, 6105.272727272727, 43770531.84749999, 80337126.9090909
32, 1664, 1, 577, 577, 577, 577.0, 0.0, 332929.0, 0, 0, 98, 737433, 1500, 24668, 7524.826530612245, 47174184.71480633, 103797199.03061225, 32, 1664, 99, 738010, 577, 24668, 7454.646464646465, 47178515.02831817, 102752105.39393939
0, 0, 1, 200, 200, 200, 200.0, 0.0, 40000.0, 0, 0, 0, 0, 0, 0, 0, 0, 0, 0, 0, 1, 200, 200, 200, 200.0, 0.0, 40000.0
0, 0, 0, 0, 0, 0, 0, 0, 0, 0, 0, 0, 0, 0, 0, 0, 0, 0, 0, 0, 0, 0, 0, 0, 0, 0, 0
0, 0, 0, 0, 0, 0, 0, 0, 0, 0, 0, 0, 0, 0, 0, 0, 0, 0, 0, 0, 0, 0, 0, 0, 0, 0, 0
0, 0, 1, 200, 200, 200, 200.0, 0.0, 40000.0, 0, 0, 0, 0, 0, 0, 0, 0, 0, 0, 0, 1, 200, 200, 200, 200.0, 0.0, 40000.0
0, 0, 0, 0, 0, 0, 0, 0, 0, 0, 0, 0, 0, 0, 0, 0, 0, 0, 0, 0, 0, 0, 0, 0, 0, 0, 0
0, 0, 0, 0, 0, 0, 0, 0, 0, 0, 0, 0, 0, 0, 0, 0, 0, 0, 0, 0, 0, 0, 0, 0, 0, 0, 0
0, 0, 0, 0, 0, 0, 0, 0, 0, 0, 0, 0, 0, 0, 0, 0, 0, 0, 0, 0, 0, 0, 0, 0, 0, 0, 0
0, 0, 0, 0, 0, 0, 0, 0, 0, 0, 0, 0, 0, 0, 0, 0, 0, 0, 0, 0, 0, 0, 0, 0, 0, 0, 0
0, 0, 0, 0, 0, 0, 0, 0, 0, 0, 0, 0, 0, 0, 0, 0, 0, 0, 0, 0, 0, 0, 0, 0, 0, 0, 0
0, 0, 0, 0, 0, 0, 0, 0, 0, 0, 0, 0, 0, 0, 0, 0, 0, 0, 0, 0, 0, 0, 0, 0, 0, 0, 0
65, 3380, 2, 1154, 577, 577, 577.0, 0.0, 332929.0, 0, 0, 151, 802636, 1500, 18876, 5315.470198675496, 29135816.81864831, 57390040.25165563, 65, 3380, 153, 803790, 577, 18876, 5253.529411764706, 29090879.747879155, 56644195.66013072
0, 0, 0, 0, 0, 0, 0, 0, 0, 0, 0, 0, 0, 0, 0, 0, 0, 0, 0, 0, 0, 0, 0, 0, 0, 0, 0
0, 0, 0, 0, 0, 0, 0, 0, 0, 0, 0, 0, 0, 0, 0, 0, 0, 0, 0, 0, 0, 0, 0, 0, 0, 0, 0
0, 0, 0, 0, 0, 0, 0, 0, 0, 0, 0, 0, 0, 0, 0, 0, 0, 0, 0, 0, 0, 0, 0, 0, 0, 0, 0
0, 0, 0, 0, 0, 0, 0, 0, 0, 0, 0, 0, 0, 0, 0, 0, 0, 0, 0, 0, 0, 0, 0, 0, 0, 0, 0
0, 0, 0, 0, 0, 0, 0, 0, 0, 0, 0, 0, 0, 0, 0, 0, 0, 0, 0, 0, 0, 0, 0, 0, 0, 0, 0
0, 0, 0, 0, 0, 0, 0, 0, 0, 0, 0, 0, 0, 0, 0, 0, 0, 0, 0, 0, 0, 0, 0, 0, 0, 0, 0
0, 0, 0, 0, 0, 0, 0, 0, 0, 0, 0, 0, 0, 0, 0, 0, 0, 0, 0, 0, 0, 0, 0, 0, 0, 0, 0
0, 0, 0, 0, 0, 0, 0, 0, 0, 0, 0, 0, 0, 0, 0, 0, 0, 0, 0, 0, 0, 0, 0, 0, 0, 0, 0
0, 0, 0, 0, 0, 0, 0, 0, 0, 0, 0, 0, 0, 0, 0, 0, 0, 0, 0, 0, 0, 0, 0, 0, 0, 0, 0
1, 52, 0, 0, 0, 0, 0, 0, 0, 1, 52, 0, 0, 0, 0, 0, 0, 0, 2, 104, 0, 0, 0, 0, 0, 0, 0
2, 116, 1, 577, 577, 577, 577.0, 0.0, 332929.0, 0, 0, 9, 67676, 1315, 20324, 7519.555555555556, 29389625.13580247, 85933340.8888889, 2, 116, 10, 68253, 577, 20324, 6825.3, 30246080.869806096, 77373299.7
80, 4160, 1, 577, 577, 577, 577.0, 0.0, 332929.0, 0, 0, 81, 240236, 1500, 4396, 2965.8765432098767, 77336.13290656912, 8873759.802469136, 80, 4160, 82, 240813, 577, 4396, 2936.743902439024, 111657.5095035568, 8769603.329268293
79, 4108, 0, 0, 0, 0, 0, 0, 0, 0, 0, 86, 485344, 1500, 10188, 5643.53488372093, 4778164.620876148, 36627650.60465116, 79, 4108, 86, 485344, 1500, 10188, 5643.53488372093, 4778164.620876149, 36627650.60465116
2, 104, 0, 0, 0, 0, 0, 0, 0, 1, 52, 1, 83, 83, 83, 83.0, 0.0, 6889.0, 3, 156, 1, 83, 83, 83, 83.0, 0.0, 6889.0
2, 104, 0, 0, 0, 0, 0, 0, 0, 1, 52, 2, 376, 83, 293, 188.0, 11025.0, 46369.0, 3, 156, 2, 376, 83, 293, 188.0, 11025.0, 46369.0
0, 0, 0, 0, 0, 0, 0, 0, 0, 0, 0, 0, 0, 0, 0, 0, 0, 0, 0, 0, 0, 0, 0, 0, 0, 0, 0
0, 0, 0, 0, 0, 0, 0, 0, 0, 0, 0, 0, 0, 0, 0, 0, 0, 0, 0, 0, 0, 0, 0, 0, 0, 0, 0
0, 0, 0, 0, 0, 0, 0, 0, 0, 0, 0, 0, 0, 0, 0, 0, 0, 0, 0, 0, 0, 0, 0, 0, 0, 0, 0
0, 0, 0, 0, 0, 0, 0, 0, 0, 0, 0, 0, 0, 0, 0, 0, 0, 0, 0, 0, 0, 0, 0, 0, 0, 0, 0
0, 0, 0, 0, 0, 0, 0, 0, 0, 0, 0, 0, 0, 0, 0, 0, 0, 0, 0, 0, 0, 0, 0, 0, 0, 0, 0
0, 0, 0, 0, 0, 0, 0, 0, 0, 0, 0, 0, 0, 0, 0, 0, 0, 0, 0, 0, 0, 0, 0, 0, 0, 0, 0
9, 468, 1, 577, 577, 577, 577.0, 0.0, 332929.0, 0, 0, 7, 66320, 3744, 11636, 9474.285714285714, 5722303.346938776, 95484393.14285715, 9, 468, 8, 66897, 577, 11636, 8362.125, 10266432.915555555, 83590460.125
63, 3276, 1, 577, 577, 577, 577.0, 0.0, 332929.0, 1, 52, 84, 738199, 1500, 17428, 8788.083333333334, 25925166.48115079, 103155575.15476191, 64, 3328, 85, 738776, 577, 17428, 8691.482352941177, 26168348.593186513, 101945896.96470588
0, 0, 0, 0, 0, 0, 0, 0, 0, 0, 0, 0, 0, 0, 0, 0, 0, 0, 0, 0, 0, 0, 0, 0, 0, 0, 0
1, 60, 0, 0, 0, 0, 0, 0, 0, 0, 0, 0, 0, 0, 0, 0, 0, 0, 1, 60, 0, 0, 0, 0, 0, 0, 0
2, 112, 1, 569, 569, 569, 569.0, 0.0, 323761.0, 1, 60, 0, 0, 0, 0, 0, 0, 0, 3, 172, 1, 569, 569, 569, 569.0, 0.0, 323761.0
2, 104, 3, 1460, 103, 788, 486.6666666666667, 81593.55555555556, 318438.0, 1, 60, 1, 189, 189, 189, 189.0, 0.0, 35721.0, 3, 164, 4, 1649, 103, 788, 412.25, 70221.44, 247758.75
2, 104, 1, 103, 103, 103, 103.0, 0.0, 10609.0, 1, 52, 2, 490, 189, 301, 245.0, 3136.0, 63161.0, 3, 156, 3, 593, 103, 301, 197.66666666666666, 5735.039999999999, 45643.666666666664
0, 0, 0, 0, 0, 0, 0, 0, 0, 1, 52, 0, 0, 0, 0, 0, 0, 0, 1, 52, 0, 0, 0, 0, 0, 0, 0
0, 0, 0, 0, 0, 0, 0, 0, 0, 0, 0, 0, 0, 0, 0, 0, 0, 0, 0, 0, 0, 0, 0, 0, 0, 0, 0
0, 0, 0, 0, 0, 0, 0, 0, 0, 0, 0, 0, 0, 0, 0, 0, 0, 0, 0, 0, 0, 0, 0, 0, 0, 0, 0
0, 0, 0, 0, 0, 0, 0, 0, 0, 0, 0, 0, 0, 0, 0, 0, 0, 0, 0, 0, 0, 0, 0, 0, 0, 0, 0
7, 364, 1, 577, 577, 577, 577.0, 0.0, 332929.0, 0, 0, 7, 66127, 537, 15980, 9446.714285714286, 46312339.63265306, 135552750.42857143, 7, 364, 8, 66704, 537, 15980, 8338.0, 48119986.50666667, 118650272.75
54, 2808, 1, 577, 577, 577, 577.0, 0.0, 332929.0, 0, 0, 63, 682971, 537, 21772, 10840.809523809523, 39062635.106575966, 156585786.23809522, 54, 2808, 64, 683548, 537, 21772, 10680.4375, 39578018.228284456, 154144335.34375
0, 0, 0, 0, 0, 0, 0, 0, 0, 0, 0, 0, 0, 0, 0, 0, 0, 0, 0, 0, 0, 0, 0, 0, 0, 0, 0
0, 0, 0, 0, 0, 0, 0, 0, 0, 0, 0, 0, 0, 0, 0, 0, 0, 0, 0, 0, 0, 0, 0, 0, 0, 0, 0
0, 0, 0, 0, 0, 0, 0, 0, 0, 0, 0, 0, 0, 0, 0, 0, 0, 0, 0, 0, 0, 0, 0, 0, 0, 0, 0
2, 104, 2, 729, 91, 638, 364.5, 74802.25, 207662.5, 1, 52, 2, 422, 91, 331, 211.0, 14400.0, 58921.0, 3, 156, 4, 1151, 91, 638, 287.75, 39770.13888888889, 133291.75
0, 0, 0, 0, 0, 0, 0, 0, 0, 0, 0, 0, 0, 0, 0, 0, 0, 0, 0, 0, 0, 0, 0, 0, 0, 0, 0
0, 0, 0, 0, 0, 0, 0, 0, 0, 0, 0, 0, 0, 0, 0, 0, 0, 0, 0, 0, 0, 0, 0, 0, 0, 0, 0
0, 0, 0, 0, 0, 0, 0, 0, 0, 0, 0, 0, 0, 0, 0, 0, 0, 0, 0, 0, 0, 0, 0, 0, 0, 0, 0
0, 0, 0, 0, 0, 0, 0, 0, 0, 0, 0, 0, 0, 0, 0, 0, 0, 0, 0, 0, 0, 0, 0, 0, 0, 0, 0
0, 0, 0, 0, 0, 0, 0, 0, 0, 0, 0, 0, 0, 0, 0, 0, 0, 0, 0, 0, 0, 0, 0, 0, 0, 0, 0
93, 4836, 1, 577, 577, 577, 577.0, 0.0, 332929.0, 0, 0, 228, 727666, 1500, 18876, 3191.5175438596493, 14228272.40758695, 24414056.64035088, 93, 4836, 229, 728243, 577, 18876, 3180.1004366812226, 14212063.37434223, 24308898.87772926
3, 156, 1, 577, 577, 577, 577.0, 0.0, 332929.0, 0, 0, 10, 66165, 1500, 16465, 6616.5, 20373664.05, 64151736.3, 3, 156, 11, 66742, 577, 16465, 6067.454545454545, 21057709.990929704, 58350026.54545455
0, 0, 0, 0, 0, 0, 0, 0, 0, 0, 0, 0, 0, 0, 0, 0, 0, 0, 0, 0, 0, 0, 0, 0, 0, 0, 0
0, 0, 0, 0, 0, 0, 0, 0, 0, 0, 0, 0, 0, 0, 0, 0, 0, 0, 0, 0, 0, 0, 0, 0, 0, 0, 0
0, 0, 0, 0, 0, 0, 0, 0, 0, 0, 0, 0, 0, 0, 0, 0, 0, 0, 0, 0, 0, 0, 0, 0, 0, 0, 0
2, 104, 0, 0, 0, 0, 0, 0, 0, 2, 104, 0, 0, 0, 0, 0, 0, 0, 4, 208, 0, 0, 0, 0, 0, 0, 0
0, 0, 0, 0, 0, 0, 0, 0, 0, 0, 0, 0, 0, 0, 0, 0, 0, 0, 0, 0, 0, 0, 0, 0, 0, 0, 0
0, 0, 0, 0, 0, 0, 0, 0, 0, 0, 0, 0, 0, 0, 0, 0, 0, 0, 0, 0, 0, 0, 0, 0, 0, 0, 0
0, 0, 0, 0, 0, 0, 0, 0, 0, 0, 0, 0, 0, 0, 0, 0, 0, 0, 0, 0, 0, 0, 0, 0, 0, 0, 0
1, 52, 0, 0, 0, 0, 0, 0, 0, 1, 52, 0, 0, 0, 0, 0, 0, 0, 2, 104, 0, 0, 0, 0, 0, 0, 0
0, 0, 0, 0, 0, 0, 0, 0, 0, 0, 0, 0, 0, 0, 0, 0, 0, 0, 0, 0, 0, 0, 0, 0, 0, 0, 0
80, 4160, 1, 577, 577, 577, 577.0, 0.0, 332929.0, 9, 468, 268, 739296, 1500, 21772, 2758.5671641791046, 11353726.267877031, 18963419.06716418, 89, 4628, 269, 739873, 577, 21772, 2750.457249070632, 11341429.519996952, 18894160.73977695
8, 392, 1, 577, 577, 577, 577.0, 0.0, 332929.0, 2, 104, 11, 66803, 83, 16465, 6073.0, 36344028.18181818, 73225357.18181819, 10, 496, 12, 67380, 83, 16465, 5615.0, 36020057.86767485, 67150988.16666667
1, 40, 0, 0, 0, 0, 0, 0, 0, 1, 52, 0, 0, 0, 0, 0, 0, 0, 2, 92, 0, 0, 0, 0, 0, 0, 0
0, 0, 0, 0, 0, 0, 0, 0, 0, 0, 0, 0, 0, 0, 0, 0, 0, 0, 0, 0, 0, 0, 0, 0, 0, 0, 0
0, 0, 0, 0, 0, 0, 0, 0, 0, 0, 0, 0, 0, 0, 0, 0, 0, 0, 0, 0, 0, 0, 0, 0, 0, 0, 0
2, 104, 0, 0, 0, 0, 0, 0, 0, 2, 104, 1, 76, 76, 76, 76.0, 0.0, 5776.0, 4, 208, 1, 76, 76, 76, 76.0, 0.0, 5776.0
0, 0, 0, 0, 0, 0, 0, 0, 0, 0, 0, 0, 0, 0, 0, 0, 0, 0, 0, 0, 0, 0, 0, 0, 0, 0, 0
0, 0, 0, 0, 0, 0, 0, 0, 0, 0, 0, 0, 0, 0, 0, 0, 0, 0, 0, 0, 0, 0, 0, 0, 0, 0, 0
0, 0, 0, 0, 0, 0, 0, 0, 0, 0, 0, 0, 0, 0, 0, 0, 0, 0, 0, 0, 0, 0, 0, 0, 0, 0, 0
0, 0, 0, 0, 0, 0, 0, 0, 0, 0, 0, 0, 0, 0, 0, 0, 0, 0, 0, 0, 0, 0, 0, 0, 0, 0, 0
1, 52, 0, 0, 0, 0, 0, 0, 0, 1, 52, 0, 0, 0, 0, 0, 0, 0, 2, 104, 0, 0, 0, 0, 0, 0, 0
0, 0, 0, 0, 0, 0, 0, 0, 0, 0, 0, 0, 0, 0, 0, 0, 0, 0, 0, 0, 0, 0, 0, 0, 0, 0, 0
127, 6612, 2, 1154, 577, 577, 577.0, 0.0, 332929.0, 0, 0, 307, 812945, 1500, 17428, 2648.029315960912, 10711949.56591582, 17724008.824104235, 127, 6612, 309, 814099, 577, 17428, 2634.624595469256, 10691051.147115871, 17611445.20064725
2, 112, 1, 569, 569, 569, 569.0, 0.0, 323761.0, 1, 60, 0, 0, 0, 0, 0, 0, 0, 3, 172, 1, 569, 569, 569, 569.0, 0.0, 323761.0
3, 156, 4, 1563, 103, 788, 390.75, 88795.1875, 241480.75, 1, 60, 2, 378, 189, 189, 189.0, 0.0, 35721.0, 4, 216, 6, 1941, 103, 788, 323.5, 54573.359375, 172894.16666666666
1, 52, 0, 0, 0, 0, 0, 0, 0, 2, 104, 1, 301, 301, 301, 301.0, 0.0, 90601.0, 3, 156, 1, 301, 301, 301, 301.0, 0.0, 90601.0
0, 0, 0, 0, 0, 0, 0, 0, 0, 0, 0, 0, 0, 0, 0, 0, 0, 0, 0, 0, 0, 0, 0, 0, 0, 0, 0
0, 0, 0, 0, 0, 0, 0, 0, 0, 0, 0, 0, 0, 0, 0, 0, 0, 0, 0, 0, 0, 0, 0, 0, 0, 0, 0
0, 0, 0, 0, 0, 0, 0, 0, 0, 0, 0, 0, 0, 0, 0, 0, 0, 0, 0, 0, 0, 0, 0, 0, 0, 0, 0
1, 52, 0, 0, 0, 0, 0, 0, 0, 1, 52, 0, 0, 0, 0, 0, 0, 0, 2, 104, 0, 0, 0, 0, 0, 0, 0
0, 0, 0, 0, 0, 0, 0, 0, 0, 0, 0, 0, 0, 0, 0, 0, 0, 0, 0, 0, 0, 0, 0, 0, 0, 0, 0
0, 0, 0, 0, 0, 0, 0, 0, 0, 0, 0, 0, 0, 0, 0, 0, 0, 0, 0, 0, 0, 0, 0, 0, 0, 0, 0
5, 260, 1, 577, 577, 577, 577.0, 0.0, 332929.0, 0, 0, 5, 65957, 3963, 23220, 13191.4, 52230677.04, 226243711.0, 5, 260, 6, 66534, 577, 23220, 11089.0, 60633102.04958677, 188591914.0
115, 5980, 1, 577, 577, 577, 577.0, 0.0, 332929.0, 3, 156, 462, 748504, 1500, 7292, 1620.138528138528, 263920.1972601712, 2888769.0476190476, 118, 6136, 463, 749081, 577, 7292, 1617.8855291576674, 264809.97177501826, 2883248.8747300217
0, 0, 0, 0, 0, 0, 0, 0, 0, 0, 0, 0, 0, 0, 0, 0, 0, 0, 0, 0, 0, 0, 0, 0, 0, 0, 0
0, 0, 0, 0, 0, 0, 0, 0, 0, 0, 0, 0, 0, 0, 0, 0, 0, 0, 0, 0, 0, 0, 0, 0, 0, 0, 0
0, 0, 0, 0, 0, 0, 0, 0, 0, 0, 0, 0, 0, 0, 0, 0, 0, 0, 0, 0, 0, 0, 0, 0, 0, 0, 0
0, 0, 0, 0, 0, 0, 0, 0, 0, 0, 0, 0, 0, 0, 0, 0, 0, 0, 0, 0, 0, 0, 0, 0, 0, 0, 0
1, 52, 0, 0, 0, 0, 0, 0, 0, 1, 52, 0, 0, 0, 0, 0, 0, 0, 2, 104, 0, 0, 0, 0, 0, 0, 0
0, 0, 0, 0, 0, 0, 0, 0, 0, 0, 0, 0, 0, 0, 0, 0, 0, 0, 0, 0, 0, 0, 0, 0, 0, 0, 0
0, 0, 0, 0, 0, 0, 0, 0, 0, 0, 0, 0, 0, 0, 0, 0, 0, 0, 0, 0, 0, 0, 0, 0, 0, 0, 0
0, 0, 0, 0, 0, 0, 0, 0, 0, 0, 0, 0, 0, 0, 0, 0, 0, 0, 0, 0, 0, 0, 0, 0, 0, 0, 0
0, 0, 0, 0, 0, 0, 0, 0, 0, 0, 0, 0, 0, 0, 0, 0, 0, 0, 0, 0, 0, 0, 0, 0, 0, 0, 0
8, 416, 1, 577, 577, 577, 577.0, 0.0, 332929.0, 0, 0, 8, 65892, 1500, 20324, 8236.5, 41120966.5, 108960898.75, 8, 416, 9, 66469, 577, 20324, 7385.444444444444, 41950138.17301039, 96891124.33333333
49, 2548, 1, 577, 577, 577, 577.0, 0.0, 332929.0, 0, 0, 70, 652878, 781, 23220, 9326.828571428572, 51359075.14204081, 138348806.34285715, 49, 2548, 71, 653455, 577, 23220, 9203.591549295774, 51533950.67189779, 136404920.7464789
0, 0, 0, 0, 0, 0, 0, 0, 0, 0, 0, 0, 0, 0, 0, 0, 0, 0, 0, 0, 0, 0, 0, 0, 0, 0, 0
0, 0, 0, 0, 0, 0, 0, 0, 0, 0, 0, 0, 0, 0, 0, 0, 0, 0, 0, 0, 0, 0, 0, 0, 0, 0, 0
0, 0, 0, 0, 0, 0, 0, 0, 0, 0, 0, 0, 0, 0, 0, 0, 0, 0, 0, 0, 0, 0, 0, 0, 0, 0, 0
1, 52, 2, 729, 91, 638, 364.5, 74802.25, 207662.5, 1, 52, 1, 91, 91, 91, 91.0, 0.0, 8281.0, 2, 104, 3, 820, 91, 638, 273.3333333333333, 56101.6875, 141202.0
1, 52, 0, 0, 0, 0, 0, 0, 0, 0, 0, 1, 331, 331, 331, 331.0, 0.0, 109561.0, 1, 52, 1, 331, 331, 331, 331.0, 0.0, 109561.0
0, 0, 0, 0, 0, 0, 0, 0, 0, 0, 0, 0, 0, 0, 0, 0, 0, 0, 0, 0, 0, 0, 0, 0, 0, 0, 0
0, 0, 0, 0, 0, 0, 0, 0, 0, 0, 0, 0, 0, 0, 0, 0, 0, 0, 0, 0, 0, 0, 0, 0, 0, 0, 0
2, 104, 0, 0, 0, 0, 0, 0, 0, 1, 52, 1, 83, 83, 83, 83.0, 0.0, 6889.0, 3, 156, 1, 83, 83, 83, 83.0, 0.0, 6889.0
2, 104, 0, 0, 0, 0, 0, 0, 0, 1, 52, 3, 459, 83, 293, 153.0, 9800.0, 33209.0, 3, 156, 3, 459, 83, 293, 153.0, 9800.0, 33209.0
3, 156, 1, 577, 577, 577, 577.0, 0.0, 332929.0, 0, 0, 0, 0, 0, 0, 0, 0, 0, 3, 156, 1, 577, 577, 577, 577.0, 0.0, 332929.0
12, 632, 7, 4212, 72, 2948, 601.7142857142857, 951920.2040816325, 1313980.2857142857, 5, 268, 12, 67408, 122, 17428, 5617.333333333333, 39886645.88888889, 71441079.66666667, 17, 900, 19, 71620, 72, 17428, 3769.4736842105262, 35492728.62643081, 45604779.89473684
41, 2132, 1, 577, 577, 577, 577.0, 0.0, 332929.0, 0, 0, 62, 426686, 147, 23220, 6882.032258064516, 38524690.51508846, 85887058.51612903, 41, 2132, 63, 427263, 147, 23220, 6781.952380952381, 38531976.22553599, 84529056.46031746
0, 0, 0, 0, 0, 0, 0, 0, 0, 0, 0, 0, 0, 0, 0, 0, 0, 0, 0, 0, 0, 0, 0, 0, 0, 0, 0
0, 0, 0, 0, 0, 0, 0, 0, 0, 0, 0, 0, 0, 0, 0, 0, 0, 0, 0, 0, 0, 0, 0, 0, 0, 0, 0
0, 0, 0, 0, 0, 0, 0, 0, 0, 0, 0, 0, 0, 0, 0, 0, 0, 0, 0, 0, 0, 0, 0, 0, 0, 0, 0
0, 0, 0, 0, 0, 0, 0, 0, 0, 0, 0, 0, 0, 0, 0, 0, 0, 0, 0, 0, 0, 0, 0, 0, 0, 0, 0
0, 0, 0, 0, 0, 0, 0, 0, 0, 0, 0, 0, 0, 0, 0, 0, 0, 0, 0, 0, 0, 0, 0, 0, 0, 0, 0
0, 0, 0, 0, 0, 0, 0, 0, 0, 0, 0, 0, 0, 0, 0, 0, 0, 0, 0, 0, 0, 0, 0, 0, 0, 0, 0
0, 0, 0, 0, 0, 0, 0, 0, 0, 0, 0, 0, 0, 0, 0, 0, 0, 0, 0, 0, 0, 0, 0, 0, 0, 0, 0
2, 120, 0, 0, 0, 0, 0, 0, 0, 0, 0, 0, 0, 0, 0, 0, 0, 0, 2, 120, 0, 0, 0, 0, 0, 0, 0
5, 260, 5, 2712, 178, 700, 542.4, 36526.64, 330724.4, 2, 120, 3, 6054, 217, 5546, 2018.0, 6224304.666666667, 10296628.666666666, 7, 380, 8, 8766, 178, 5546, 1095.75, 3951528.3801652896, 4067938.5
9, 468, 3, 1540, 178, 785, 513.3333333333334, 63434.88888888888, 326946.0, 0, 0, 10, 72678, 103, 20324, 7267.8, 39583554.36000001, 92404471.2, 9, 468, 13, 74218, 103, 20324, 5709.076923076923, 39603367.126654066, 71155811.53846154
36, 1872, 1, 577, 577, 577, 577.0, 0.0, 332929.0, 0, 0, 42, 442924, 103, 26116, 10545.809523809523, 61023615.91609977, 172237714.42857143, 36, 1872, 43, 443501, 103, 26116, 10313.976744186046, 61461079.49619376, 168239928.72093022
0, 0, 0, 0, 0, 0, 0, 0, 0, 0, 0, 0, 0, 0, 0, 0, 0, 0, 0, 0, 0, 0, 0, 0, 0, 0, 0
0, 0, 0, 0, 0, 0, 0, 0, 0, 0, 0, 0, 0, 0, 0, 0, 0, 0, 0, 0, 0, 0, 0, 0, 0, 0, 0
0, 0, 0, 0, 0, 0, 0, 0, 0, 0, 0, 0, 0, 0, 0, 0, 0, 0, 0, 0, 0, 0, 0, 0, 0, 0, 0
0, 0, 0, 0, 0, 0, 0, 0, 0, 0, 0, 0, 0, 0, 0, 0, 0, 0, 0, 0, 0, 0, 0, 0, 0, 0, 0
0, 0, 0, 0, 0, 0, 0, 0, 0, 0, 0, 0, 0, 0, 0, 0, 0, 0, 0, 0, 0, 0, 0, 0, 0, 0, 0
2, 104, 0, 0, 0, 0, 0, 0, 0, 1, 52, 1, 83, 83, 83, 83.0, 0.0, 6889.0, 3, 156, 1, 83, 83, 83, 83.0, 0.0, 6889.0
0, 0, 0, 0, 0, 0, 0, 0, 0, 0, 0, 0, 0, 0, 0, 0, 0, 0, 0, 0, 0, 0, 0, 0, 0, 0, 0
0, 0, 0, 0, 0, 0, 0, 0, 0, 0, 0, 0, 0, 0, 0, 0, 0, 0, 0, 0, 0, 0, 0, 0, 0, 0, 0
0, 0, 0, 0, 0, 0, 0, 0, 0, 0, 0, 0, 0, 0, 0, 0, 0, 0, 0, 0, 0, 0, 0, 0, 0, 0, 0
6, 312, 1, 577, 577, 577, 577.0, 0.0, 332929.0, 0, 0, 5, 66082, 2948, 20324, 13216.4, 37639277.04000001, 212312506.0, 6, 312, 6, 66659, 577, 20324, 11109.833333333334, 47420370.23140496, 176982576.5
38, 1976, 1, 577, 577, 577, 577.0, 0.0, 332929.0, 0, 0, 158, 436544, 1500, 26116, 2762.9367088607596, 16719074.350424612, 24352893.607594937, 38, 1976, 159, 437121, 577, 26116, 2749.188679245283, 16681358.802734625, 24201824.647798743
0, 0, 0, 0, 0, 0, 0, 0, 0, 0, 0, 0, 0, 0, 0, 0, 0, 0, 0, 0, 0, 0, 0, 0, 0, 0, 0
0, 0, 0, 0, 0, 0, 0, 0, 0, 0, 0, 0, 0, 0, 0, 0, 0, 0, 0, 0, 0, 0, 0, 0, 0, 0, 0
0, 0, 0, 0, 0, 0, 0, 0, 0, 0, 0, 0, 0, 0, 0, 0, 0, 0, 0, 0, 0, 0, 0, 0, 0, 0, 0
0, 0, 0, 0, 0, 0, 0, 0, 0, 0, 0, 0, 0, 0, 0, 0, 0, 0, 0, 0, 0, 0, 0, 0, 0, 0, 0
0, 0, 0, 0, 0, 0, 0, 0, 0, 0, 0, 0, 0, 0, 0, 0, 0, 0, 0, 0, 0, 0, 0, 0, 0, 0, 0
1, 52, 0, 0, 0, 0, 0, 0, 0, 2, 104, 1, 91, 91, 91, 91.0, 0.0, 8281.0, 3, 156, 1, 91, 91, 91, 91.0, 0.0, 8281.0
0, 0, 0, 0, 0, 0, 0, 0, 0, 0, 0, 0, 0, 0, 0, 0, 0, 0, 0, 0, 0, 0, 0, 0, 0, 0, 0
0, 0, 0, 0, 0, 0, 0, 0, 0, 0, 0, 0, 0, 0, 0, 0, 0, 0, 0, 0, 0, 0, 0, 0, 0, 0, 0
0, 0, 0, 0, 0, 0, 0, 0, 0, 0, 0, 0, 0, 0, 0, 0, 0, 0, 0, 0, 0, 0, 0, 0, 0, 0, 0
46, 2392, 2, 1154, 577, 577, 577.0, 0.0, 332929.0, 0, 0, 58, 593884, 1500, 23220, 10239.379310344828, 58042689.787158154, 162887578.44827586, 46, 2392, 60, 595038, 577, 23220, 9917.3, 58614494.61074404, 157469090.13333333
0, 0, 0, 0, 0, 0, 0, 0, 0, 0, 0, 0, 0, 0, 0, 0, 0, 0, 0, 0, 0, 0, 0, 0, 0, 0, 0
1, 52, 0, 0, 0, 0, 0, 0, 0, 1, 52, 0, 0, 0, 0, 0, 0, 0, 2, 104, 0, 0, 0, 0, 0, 0, 0
0, 0, 0, 0, 0, 0, 0, 0, 0, 0, 0, 0, 0, 0, 0, 0, 0, 0, 0, 0, 0, 0, 0, 0, 0, 0, 0
0, 0, 0, 0, 0, 0, 0, 0, 0, 0, 0, 0, 0, 0, 0, 0, 0, 0, 0, 0, 0, 0, 0, 0, 0, 0, 0
0, 0, 0, 0, 0, 0, 0, 0, 0, 0, 0, 0, 0, 0, 0, 0, 0, 0, 0, 0, 0, 0, 0, 0, 0, 0, 0
0, 0, 0, 0, 0, 0, 0, 0, 0, 0, 0, 0, 0, 0, 0, 0, 0, 0, 0, 0, 0, 0, 0, 0, 0, 0, 0
5, 260, 0, 0, 0, 0, 0, 0, 0, 2, 104, 3, 459, 83, 293, 153.0, 9800.0, 33209.0, 7, 364, 3, 459, 83, 293, 153.0, 9800.0, 33209.0
0, 0, 0, 0, 0, 0, 0, 0, 0, 0, 0, 0, 0, 0, 0, 0, 0, 0, 0, 0, 0, 0, 0, 0, 0, 0, 0
0, 0, 0, 0, 0, 0, 0, 0, 0, 0, 0, 0, 0, 0, 0, 0, 0, 0, 0, 0, 0, 0, 0, 0, 0, 0, 0
0, 0, 0, 0, 0, 0, 0, 0, 0, 0, 0, 0, 0, 0, 0, 0, 0, 0, 0, 0, 0, 0, 0, 0, 0, 0, 0
49, 2548, 1, 577, 577, 577, 577.0, 0.0, 332929.0, 0, 0, 73, 620239, 1500, 31908, 8496.424657534246, 57969356.737474196, 130158588.69863014, 49, 2548, 74, 620816, 577, 31908, 8389.405405405405, 57998753.21338332, 128404187.8918919
2, 104, 1, 577, 577, 577, 577.0, 0.0, 332929.0, 1, 52, 7, 66558, 1500, 20324, 9508.285714285714, 39294219.63265306, 129701716.85714285, 3, 156, 8, 67135, 577, 20324, 8391.875, 41637938.78222222, 113530618.375
0, 0, 0, 0, 0, 0, 0, 0, 0, 0, 0, 0, 0, 0, 0, 0, 0, 0, 0, 0, 0, 0, 0, 0, 0, 0, 0
0, 0, 0, 0, 0, 0, 0, 0, 0, 0, 0, 0, 0, 0, 0, 0, 0, 0, 0, 0, 0, 0, 0, 0, 0, 0, 0
0, 0, 0, 0, 0, 0, 0, 0, 0, 0, 0, 0, 0, 0, 0, 0, 0, 0, 0, 0, 0, 0, 0, 0, 0, 0, 0
2, 104, 2, 729, 91, 638, 364.5, 74802.25, 207662.5, 1, 52, 2, 422, 91, 331, 211.0, 14400.0, 58921.0, 3, 156, 4, 1151, 91, 638, 287.75, 39770.13888888889, 133291.75
1, 60, 0, 0, 0, 0, 0, 0, 0, 0, 0, 0, 0, 0, 0, 0, 0, 0, 1, 60, 0, 0, 0, 0, 0, 0, 0
2, 112, 1, 569, 569, 569, 569.0, 0.0, 323761.0, 1, 60, 0, 0, 0, 0, 0, 0, 0, 3, 172, 1, 569, 569, 569, 569.0, 0.0, 323761.0
2, 104, 3, 1459, 103, 787, 486.3333333333333, 81392.88888888889, 317913.0, 1, 60, 1, 189, 189, 189, 189.0, 0.0, 35721.0, 3, 164, 4, 1648, 103, 787, 412.0, 70053.44, 247365.0
2, 104, 1, 103, 103, 103, 103.0, 0.0, 10609.0, 1, 52, 2, 490, 189, 301, 245.0, 3136.0, 63161.0, 3, 156, 3, 593, 103, 301, 197.66666666666666, 5735.039999999999, 45643.666666666664
0, 0, 0, 0, 0, 0, 0, 0, 0, 1, 52, 0, 0, 0, 0, 0, 0, 0, 1, 52, 0, 0, 0, 0, 0, 0, 0
0, 0, 0, 0, 0, 0, 0, 0, 0, 0, 0, 0, 0, 0, 0, 0, 0, 0, 0, 0, 0, 0, 0, 0, 0, 0, 0
50, 2600, 2, 1154, 577, 577, 577.0, 0.0, 332929.0, 0, 0, 76, 687004, 1500, 23220, 9039.526315789473, 45945749.17036011, 127658785.18421052, 50, 2600, 78, 688158, 577, 23220, 8822.538461538461, 46267028.98802496, 124394019.64102565
0, 0, 0, 0, 0, 0, 0, 0, 0, 0, 0, 0, 0, 0, 0, 0, 0, 0, 0, 0, 0, 0, 0, 0, 0, 0, 0
0, 0, 0, 0, 0, 0, 0, 0, 0, 0, 0, 0, 0, 0, 0, 0, 0, 0, 0, 0, 0, 0, 0, 0, 0, 0, 0
0, 0, 0, 0, 0, 0, 0, 0, 0, 0, 0, 0, 0, 0, 0, 0, 0, 0, 0, 0, 0, 0, 0, 0, 0, 0, 0
0, 0, 0, 0, 0, 0, 0, 0, 0, 0, 0, 0, 0, 0, 0, 0, 0, 0, 0, 0, 0, 0, 0, 0, 0, 0, 0
0, 0, 0, 0, 0, 0, 0, 0, 0, 0, 0, 0, 0, 0, 0, 0, 0, 0, 0, 0, 0, 0, 0, 0, 0, 0, 0
0, 0, 0, 0, 0, 0, 0, 0, 0, 0, 0, 0, 0, 0, 0, 0, 0, 0, 0, 0, 0, 0, 0, 0, 0, 0, 0
0, 0, 0, 0, 0, 0, 0, 0, 0, 0, 0, 0, 0, 0, 0, 0, 0, 0, 0, 0, 0, 0, 0, 0, 0, 0, 0
0, 0, 0, 0, 0, 0, 0, 0, 0, 0, 0, 0, 0, 0, 0, 0, 0, 0, 0, 0, 0, 0, 0, 0, 0, 0, 0
0, 0, 0, 0, 0, 0, 0, 0, 0, 0, 0, 0, 0, 0, 0, 0, 0, 0, 0, 0, 0, 0, 0, 0, 0, 0, 0
0, 0, 0, 0, 0, 0, 0, 0, 0, 0, 0, 0, 0, 0, 0, 0, 0, 0, 0, 0, 0, 0, 0, 0, 0, 0, 0
35, 1820, 2, 1154, 577, 577, 577.0, 0.0, 332929.0, 0, 0, 49, 485220, 1500, 26116, 9902.448979591836, 51513583.83923365, 149572079.63265306, 35, 1820, 51, 486374, 577, 26116, 9536.745098039215, 52187806.536400005, 143719563.92156863
0, 0, 0, 0, 0, 0, 0, 0, 0, 0, 0, 0, 0, 0, 0, 0, 0, 0, 0, 0, 0, 0, 0, 0, 0, 0, 0
0, 0, 0, 0, 0, 0, 0, 0, 0, 0, 0, 0, 0, 0, 0, 0, 0, 0, 0, 0, 0, 0, 0, 0, 0, 0, 0
0, 0, 0, 0, 0, 0, 0, 0, 0, 0, 0, 0, 0, 0, 0, 0, 0, 0, 0, 0, 0, 0, 0, 0, 0, 0, 0
0, 0, 0, 0, 0, 0, 0, 0, 0, 0, 0, 0, 0, 0, 0, 0, 0, 0, 0, 0, 0, 0, 0, 0, 0, 0, 0
0, 0, 0, 0, 0, 0, 0, 0, 0, 0, 0, 0, 0, 0, 0, 0, 0, 0, 0, 0, 0, 0, 0, 0, 0, 0, 0
0, 0, 0, 0, 0, 0, 0, 0, 0, 0, 0, 0, 0, 0, 0, 0, 0, 0, 0, 0, 0, 0, 0, 0, 0, 0, 0
2, 104, 0, 0, 0, 0, 0, 0, 0, 0, 0, 0, 0, 0, 0, 0, 0, 0, 2, 104, 0, 0, 0, 0, 0, 0, 0
0, 0, 0, 0, 0, 0, 0, 0, 0, 2, 104, 0, 0, 0, 0, 0, 0, 0, 2, 104, 0, 0, 0, 0, 0, 0, 0
0, 0, 0, 0, 0, 0, 0, 0, 0, 0, 0, 0, 0, 0, 0, 0, 0, 0, 0, 0, 0, 0, 0, 0, 0, 0, 0
7, 364, 1, 577, 577, 577, 577.0, 0.0, 332929.0, 0, 0, 7, 66180, 2948, 17428, 9454.285714285714, 36029245.91836734, 125412764.28571428, 7, 364, 8, 66757, 577, 17428, 8344.625, 38530793.18222223, 109777784.875
33, 1716, 1, 577, 577, 577, 577.0, 0.0, 332929.0, 0, 0, 57, 482716, 1500, 20324, 8468.701754385966, 45482611.82333025, 117201521.22807017, 33, 1716, 58, 483293, 577, 20324, 8332.637931034482, 45623957.811266534, 115186545.5
0, 0, 1, 200, 200, 200, 200.0, 0.0, 40000.0, 0, 0, 0, 0, 0, 0, 0, 0, 0, 0, 0, 1, 200, 200, 200, 200.0, 0.0, 40000.0
9, 468, 0, 0, 0, 0, 0, 0, 0, 8, 416, 0, 0, 0, 0, 0, 0, 0, 17, 884, 0, 0, 0, 0, 0, 0, 0
3, 156, 0, 0, 0, 0, 0, 0, 0, 3, 156, 3, 459, 83, 293, 153.0, 9800.0, 33209.0, 6, 312, 3, 459, 83, 293, 153.0, 9800.0, 33209.0
0, 0, 1, 200, 200, 200, 200.0, 0.0, 40000.0, 0, 0, 0, 0, 0, 0, 0, 0, 0, 0, 0, 1, 200, 200, 200, 200.0, 0.0, 40000.0
0, 0, 0, 0, 0, 0, 0, 0, 0, 0, 0, 0, 0, 0, 0, 0, 0, 0, 0, 0, 0, 0, 0, 0, 0, 0, 0
0, 0, 1, 200, 200, 200, 200.0, 0.0, 40000.0, 0, 0, 0, 0, 0, 0, 0, 0, 0, 0, 0, 1, 200, 200, 200, 200.0, 0.0, 40000.0
0, 0, 0, 0, 0, 0, 0, 0, 0, 0, 0, 0, 0, 0, 0, 0, 0, 0, 0, 0, 0, 0, 0, 0, 0, 0, 0
0, 0, 0, 0, 0, 0, 0, 0, 0, 0, 0, 0, 0, 0, 0, 0, 0, 0, 0, 0, 0, 0, 0, 0, 0, 0, 0
0, 0, 1, 200, 200, 200, 200.0, 0.0, 40000.0, 0, 0, 0, 0, 0, 0, 0, 0, 0, 0, 0, 1, 200, 200, 200, 200.0, 0.0, 40000.0
8, 416, 1, 577, 577, 577, 577.0, 0.0, 332929.0, 0, 0, 6, 66447, 4881, 20324, 11074.5, 32485516.916666668, 155130067.16666666, 8, 416, 7, 67024, 577, 20324, 9574.857142857143, 37811306.0, 133016190.28571428
0, 0, 0, 0, 0, 0, 0, 0, 0, 1, 52, 0, 0, 0, 0, 0, 0, 0, 1, 52, 0, 0, 0, 0, 0, 0, 0
44, 2288, 1, 577, 577, 577, 577.0, 0.0, 332929.0, 0, 0, 69, 584019, 1500, 23220, 8464.04347826087, 41710514.82419659, 113350546.82608695, 44, 2288, 70, 584596, 577, 23220, 8351.371428571429, 41854740.858340666, 111736009.42857143
0, 0, 0, 0, 0, 0, 0, 0, 0, 0, 0, 0, 0, 0, 0, 0, 0, 0, 0, 0, 0, 0, 0, 0, 0, 0, 0
2, 112, 0, 0, 0, 0, 0, 0, 0, 1, 52, 0, 0, 0, 0, 0, 0, 0, 3, 164, 0, 0, 0, 0, 0, 0, 0
2, 112, 1, 569, 569, 569, 569.0, 0.0, 323761.0, 1, 60, 0, 0, 0, 0, 0, 0, 0, 3, 172, 1, 569, 569, 569, 569.0, 0.0, 323761.0
3, 156, 4, 1564, 103, 789, 391.0, 88994.0, 241875.0, 1, 60, 2, 378, 189, 189, 189.0, 0.0, 35721.0, 4, 216, 6, 1942, 103, 789, 323.6666666666667, 54698.0, 173157.0
1, 52, 0, 0, 0, 0, 0, 0, 0, 2, 104, 1, 301, 301, 301, 301.0, 0.0, 90601.0, 3, 156, 1, 301, 301, 301, 301.0, 0.0, 90601.0
0, 0, 0, 0, 0, 0, 0, 0, 0, 0, 0, 0, 0, 0, 0, 0, 0, 0, 0, 0, 0, 0, 0, 0, 0, 0, 0
0, 0, 0, 0, 0, 0, 0, 0, 0, 0, 0, 0, 0, 0, 0, 0, 0, 0, 0, 0, 0, 0, 0, 0, 0, 0, 0
0, 0, 0, 0, 0, 0, 0, 0, 0, 0, 0, 0, 0, 0, 0, 0, 0, 0, 0, 0, 0, 0, 0, 0, 0, 0, 0
0, 0, 0, 0, 0, 0, 0, 0, 0, 0, 0, 0, 0, 0, 0, 0, 0, 0, 0, 0, 0, 0, 0, 0, 0, 0, 0
5, 260, 1, 577, 577, 577, 577.0, 0.0, 332929.0, 0, 0, 5, 66162, 1985, 17200, 13232.4, 32386765.03999999, 207483174.8, 5, 260, 6, 66739, 577, 17200, 11123.166666666666, 42678806.99173553, 172958133.83333334
51, 2652, 1, 577, 577, 577, 577.0, 0.0, 332929.0, 0, 0, 77, 568410, 1500, 23220, 7381.948051948052, 38456891.52976893, 92950048.57142857, 51, 2652, 78, 568987, 577, 23220, 7294.705128205128, 38505611.97860561, 91762649.6025641
0, 0, 0, 0, 0, 0, 0, 0, 0, 0, 0, 0, 0, 0, 0, 0, 0, 0, 0, 0, 0, 0, 0, 0, 0, 0, 0
3, 156, 0, 0, 0, 0, 0, 0, 0, 3, 156, 0, 0, 0, 0, 0, 0, 0, 6, 312, 0, 0, 0, 0, 0, 0, 0
0, 0, 0, 0, 0, 0, 0, 0, 0, 0, 0, 0, 0, 0, 0, 0, 0, 0, 0, 0, 0, 0, 0, 0, 0, 0, 0
2, 104, 2, 729, 91, 638, 364.5, 74802.25, 207662.5, 1, 52, 2, 422, 91, 331, 211.0, 14400.0, 58921.0, 3, 156, 4, 1151, 91, 638, 287.75, 39770.13888888889, 133291.75
0, 0, 0, 0, 0, 0, 0, 0, 0, 0, 0, 0, 0, 0, 0, 0, 0, 0, 0, 0, 0, 0, 0, 0, 0, 0, 0
0, 0, 0, 0, 0, 0, 0, 0, 0, 0, 0, 0, 0, 0, 0, 0, 0, 0, 0, 0, 0, 0, 0, 0, 0, 0, 0
0, 0, 0, 0, 0, 0, 0, 0, 0, 0, 0, 0, 0, 0, 0, 0, 0, 0, 0, 0, 0, 0, 0, 0, 0, 0, 0
1, 52, 0, 0, 0, 0, 0, 0, 0, 1, 52, 0, 0, 0, 0, 0, 0, 0, 2, 104, 0, 0, 0, 0, 0, 0, 0
0, 0, 0, 0, 0, 0, 0, 0, 0, 0, 0, 0, 0, 0, 0, 0, 0, 0, 0, 0, 0, 0, 0, 0, 0, 0, 0
44, 2288, 2, 1154, 577, 577, 577.0, 0.0, 332929.0, 2, 104, 101, 803337, 76, 23220, 7953.831683168317, 46943676.57562984, 110207115.01980197, 46, 2392, 103, 804491, 76, 23220, 7810.592233009709, 47011720.328335255, 108073635.67961165
0, 0, 0, 0, 0, 0, 0, 0, 0, 0, 0, 0, 0, 0, 0, 0, 0, 0, 0, 0, 0, 0, 0, 0, 0, 0, 0
0, 0, 0, 0, 0, 0, 0, 0, 0, 0, 0, 0, 0, 0, 0, 0, 0, 0, 0, 0, 0, 0, 0, 0, 0, 0, 0
0, 0, 0, 0, 0, 0, 0, 0, 0, 0, 0, 0, 0, 0, 0, 0, 0, 0, 0, 0, 0, 0, 0, 0, 0, 0, 0
0, 0, 0, 0, 0, 0, 0, 0, 0, 0, 0, 0, 0, 0, 0, 0, 0, 0, 0, 0, 0, 0, 0, 0, 0, 0, 0
0, 0, 0, 0, 0, 0, 0, 0, 0, 0, 0, 0, 0, 0, 0, 0, 0, 0, 0, 0, 0, 0, 0, 0, 0, 0, 0
0, 0, 0, 0, 0, 0, 0, 0, 0, 0, 0, 0, 0, 0, 0, 0, 0, 0, 0, 0, 0, 0, 0, 0, 0, 0, 0
0, 0, 0, 0, 0, 0, 0, 0, 0, 0, 0, 0, 0, 0, 0, 0, 0, 0, 0, 0, 0, 0, 0, 0, 0, 0, 0
0, 0, 0, 0, 0, 0, 0, 0, 0, 0, 0, 0, 0, 0, 0, 0, 0, 0, 0, 0, 0, 0, 0, 0, 0, 0, 0
0, 0, 0, 0, 0, 0, 0, 0, 0, 0, 0, 0, 0, 0, 0, 0, 0, 0, 0, 0, 0, 0, 0, 0, 0, 0, 0
0, 0, 0, 0, 0, 0, 0, 0, 0, 0, 0, 0, 0, 0, 0, 0, 0, 0, 0, 0, 0, 0, 0, 0, 0, 0, 0
41, 2132, 2, 1154, 577, 577, 577.0, 0.0, 332929.0, 1, 52, 75, 679885, 83, 20324, 9065.133333333333, 49241842.67555556, 131418485.02666667, 42, 2184, 77, 681039, 83, 20324, 8844.662337662337, 49529455.2998615, 128013665.3896104
1, 52, 0, 0, 0, 0, 0, 0, 0, 0, 0, 2, 376, 83, 293, 188.0, 11025.0, 46369.0, 1, 52, 2, 376, 83, 293, 188.0, 11025.0, 46369.0
0, 0, 0, 0, 0, 0, 0, 0, 0, 0, 0, 0, 0, 0, 0, 0, 0, 0, 0, 0, 0, 0, 0, 0, 0, 0, 0
0, 0, 0, 0, 0, 0, 0, 0, 0, 0, 0, 0, 0, 0, 0, 0, 0, 0, 0, 0, 0, 0, 0, 0, 0, 0, 0
0, 0, 0, 0, 0, 0, 0, 0, 0, 0, 0, 0, 0, 0, 0, 0, 0, 0, 0, 0, 0, 0, 0, 0, 0, 0, 0
0, 0, 0, 0, 0, 0, 0, 0, 0, 0, 0, 0, 0, 0, 0, 0, 0, 0, 0, 0, 0, 0, 0, 0, 0, 0, 0
0, 0, 0, 0, 0, 0, 0, 0, 0, 0, 0, 0, 0, 0, 0, 0, 0, 0, 0, 0, 0, 0, 0, 0, 0, 0, 0
0, 0, 0, 0, 0, 0, 0, 0, 0, 0, 0, 0, 0, 0, 0, 0, 0, 0, 0, 0, 0, 0, 0, 0, 0, 0, 0
0, 0, 0, 0, 0, 0, 0, 0, 0, 0, 0, 0, 0, 0, 0, 0, 0, 0, 0, 0, 0, 0, 0, 0, 0, 0, 0
0, 0, 0, 0, 0, 0, 0, 0, 0, 0, 0, 0, 0, 0, 0, 0, 0, 0, 0, 0, 0, 0, 0, 0, 0, 0, 0
0, 0, 0, 0, 0, 0, 0, 0, 0, 0, 0, 0, 0, 0, 0, 0, 0, 0, 0, 0, 0, 0, 0, 0, 0, 0, 0
47, 2444, 2, 1154, 577, 577, 577.0, 0.0, 332929.0, 0, 0, 79, 804716, 1248, 23220, 10186.278481012658, 52224087.897131875, 155984357.18987343, 47, 2444, 81, 805870, 577, 23220, 9949.012345679012, 52711086.861093745, 152141112.04938272
2, 112, 0, 0, 0, 0, 0, 0, 0, 1, 52, 0, 0, 0, 0, 0, 0, 0, 3, 164, 0, 0, 0, 0, 0, 0, 0
4, 216, 4, 2030, 103, 789, 507.5, 62606.75, 320163.0, 2, 120, 1, 189, 189, 189, 189.0, 0.0, 35721.0, 6, 336, 5, 2219, 103, 789, 443.8, 64280.55555555556, 263274.6
2, 104, 1, 103, 103, 103, 103.0, 0.0, 10609.0, 1, 52, 2, 490, 189, 301, 245.0, 3136.0, 63161.0, 3, 156, 3, 593, 103, 301, 197.66666666666666, 5735.039999999999, 45643.666666666664
0, 0, 0, 0, 0, 0, 0, 0, 0, 1, 52, 0, 0, 0, 0, 0, 0, 0, 1, 52, 0, 0, 0, 0, 0, 0, 0
0, 0, 0, 0, 0, 0, 0, 0, 0, 0, 0, 0, 0, 0, 0, 0, 0, 0, 0, 0, 0, 0, 0, 0, 0, 0, 0
0, 0, 0, 0, 0, 0, 0, 0, 0, 0, 0, 0, 0, 0, 0, 0, 0, 0, 0, 0, 0, 0, 0, 0, 0, 0, 0
0, 0, 0, 0, 0, 0, 0, 0, 0, 0, 0, 0, 0, 0, 0, 0, 0, 0, 0, 0, 0, 0, 0, 0, 0, 0, 0
0, 0, 0, 0, 0, 0, 0, 0, 0, 0, 0, 0, 0, 0, 0, 0, 0, 0, 0, 0, 0, 0, 0, 0, 0, 0, 0
0, 0, 0, 0, 0, 0, 0, 0, 0, 0, 0, 0, 0, 0, 0, 0, 0, 0, 0, 0, 0, 0, 0, 0, 0, 0, 0
0, 0, 0, 0, 0, 0, 0, 0, 0, 0, 0, 0, 0, 0, 0, 0, 0, 0, 0, 0, 0, 0, 0, 0, 0, 0, 0
0, 0, 0, 0, 0, 0, 0, 0, 0, 0, 0, 0, 0, 0, 0, 0, 0, 0, 0, 0, 0, 0, 0, 0, 0, 0, 0
34, 1768, 2, 1154, 577, 577, 577.0, 0.0, 332929.0, 0, 0, 101, 783260, 1278, 23220, 7755.049504950495, 43112515.09655916, 103253307.92079207, 34, 1768, 103, 784414, 577, 23220, 7615.669902912621, 43190032.14042677, 101254853.96116506
1, 60, 0, 0, 0, 0, 0, 0, 0, 1, 60, 0, 0, 0, 0, 0, 0, 0, 2, 120, 0, 0, 0, 0, 0, 0, 0
0, 0, 1, 93, 93, 93, 93.0, 0.0, 8649.0, 1, 52, 0, 0, 0, 0, 0, 0, 0, 1, 52, 1, 93, 93, 93, 93.0, 0.0, 8649.0
0, 0, 0, 0, 0, 0, 0, 0, 0, 0, 0, 0, 0, 0, 0, 0, 0, 0, 0, 0, 0, 0, 0, 0, 0, 0, 0
0, 0, 0, 0, 0, 0, 0, 0, 0, 1, 52, 0, 0, 0, 0, 0, 0, 0, 1, 52, 0, 0, 0, 0, 0, 0, 0
0, 0, 0, 0, 0, 0, 0, 0, 0, 0, 0, 0, 0, 0, 0, 0, 0, 0, 0, 0, 0, 0, 0, 0, 0, 0, 0
1, 52, 1, 1132, 1132, 1132, 1132.0, 0.0, 1281424.0, 0, 0, 1, 73, 73, 73, 73.0, 0.0, 5329.0, 1, 52, 2, 1205, 73, 1132, 602.5, 249218.0, 643376.5
1, 52, 0, 0, 0, 0, 0, 0, 0, 0, 0, 1, 492, 492, 492, 492.0, 0.0, 242064.0, 1, 52, 1, 492, 492, 492, 492.0, 0.0, 242064.0
0, 0, 0, 0, 0, 0, 0, 0, 0, 0, 0, 0, 0, 0, 0, 0, 0, 0, 0, 0, 0, 0, 0, 0, 0, 0, 0
1, 52, 1, 332, 332, 332, 332.0, 0.0, 110224.0, 0, 0, 1, 100, 100, 100, 100.0, 0.0, 10000.0, 1, 52, 2, 432, 100, 332, 216.0, 11960.888888888889, 60112.0
1, 52, 0, 0, 0, 0, 0, 0, 0, 0, 0, 1, 68, 68, 68, 68.0, 0.0, 4624.0, 1, 52, 1, 68, 68, 68, 68.0, 0.0, 4624.0
34, 1768, 3, 1258, 104, 577, 419.3333333333333, 49717.555555555555, 225558.0, 0, 0, 97, 816271, 104, 23220, 8415.164948453608, 48125843.333616756, 118940844.44329897, 34, 1768, 100, 817529, 104, 23220, 8175.29, 48352497.042232476, 115379385.85
0, 0, 1, 104, 104, 104, 104.0, 0.0, 10816.0, 0, 0, 1, 136, 136, 136, 136.0, 0.0, 18496.0, 0, 0, 2, 240, 104, 136, 120.0, 227.55555555555557, 14656.0
0, 0, 0, 0, 0, 0, 0, 0, 0, 0, 0, 0, 0, 0, 0, 0, 0, 0, 0, 0, 0, 0, 0, 0, 0, 0, 0
0, 0, 0, 0, 0, 0, 0, 0, 0, 0, 0, 0, 0, 0, 0, 0, 0, 0, 0, 0, 0, 0, 0, 0, 0, 0, 0
4, 220, 3, 833, 91, 638, 277.6666666666667, 64948.222222222226, 142047.0, 2, 104, 3, 558, 91, 331, 186.0, 10850.0, 45446.0, 6, 324, 6, 1391, 91, 638, 231.83333333333334, 30750.024691358027, 93746.5
0, 0, 0, 0, 0, 0, 0, 0, 0, 0, 0, 0, 0, 0, 0, 0, 0, 0, 0, 0, 0, 0, 0, 0, 0, 0, 0
2, 104, 0, 0, 0, 0, 0, 0, 0, 1, 52, 1, 104, 104, 104, 104.0, 0.0, 10816.0, 3, 156, 1, 104, 104, 104, 104.0, 0.0, 10816.0
0, 0, 0, 0, 0, 0, 0, 0, 0, 0, 0, 0, 0, 0, 0, 0, 0, 0, 0, 0, 0, 0, 0, 0, 0, 0, 0
3, 156, 0, 0, 0, 0, 0, 0, 0, 1, 52, 1, 83, 83, 83, 83.0, 0.0, 6889.0, 4, 208, 1, 83, 83, 83, 83.0, 0.0, 6889.0
2, 116, 0, 0, 0, 0, 0, 0, 0, 1, 52, 2, 376, 83, 293, 188.0, 11025.0, 46369.0, 3, 168, 2, 376, 83, 293, 188.0, 11025.0, 46369.0
1, 52, 0, 0, 0, 0, 0, 0, 0, 2, 104, 0, 0, 0, 0, 0, 0, 0, 3, 156, 0, 0, 0, 0, 0, 0, 0
7, 372, 8, 4791, 72, 2948, 598.875, 832789.109375, 1191440.375, 4, 216, 5, 1267, 122, 346, 253.4, 8422.24, 72633.8, 11, 588, 13, 6058, 72, 2948, 466.0, 404277.3858024691, 761130.1538461539
22, 1144, 0, 0, 0, 0, 0, 0, 0, 1, 52, 121, 739741, 1500, 18876, 6113.561983471074, 30470310.80814152, 67845950.9338843, 23, 1196, 121, 739741, 1500, 18876, 6113.561983471074, 30470310.80814152, 67845950.9338843
0, 0, 0, 0, 0, 0, 0, 0, 0, 0, 0, 0, 0, 0, 0, 0, 0, 0, 0, 0, 0, 0, 0, 0, 0, 0, 0
0, 0, 0, 0, 0, 0, 0, 0, 0, 0, 0, 0, 0, 0, 0, 0, 0, 0, 0, 0, 0, 0, 0, 0, 0, 0, 0
0, 0, 0, 0, 0, 0, 0, 0, 0, 0, 0, 0, 0, 0, 0, 0, 0, 0, 0, 0, 0, 0, 0, 0, 0, 0, 0
0, 0, 0, 0, 0, 0, 0, 0, 0, 0, 0, 0, 0, 0, 0, 0, 0, 0, 0, 0, 0, 0, 0, 0, 0, 0, 0
0, 0, 0, 0, 0, 0, 0, 0, 0, 0, 0, 0, 0, 0, 0, 0, 0, 0, 0, 0, 0, 0, 0, 0, 0, 0, 0
0, 0, 0, 0, 0, 0, 0, 0, 0, 0, 0, 0, 0, 0, 0, 0, 0, 0, 0, 0, 0, 0, 0, 0, 0, 0, 0
1, 60, 0, 0, 0, 0, 0, 0, 0, 0, 0, 0, 0, 0, 0, 0, 0, 0, 1, 60, 0, 0, 0, 0, 0, 0, 0
2, 112, 2, 1270, 569, 701, 635.0, 4356.0, 407581.0, 1, 60, 0, 0, 0, 0, 0, 0, 0, 3, 172, 2, 1270, 569, 701, 635.0, 4356.0, 407581.0
4, 208, 4, 2158, 103, 789, 539.5, 69614.75, 360675.0, 3, 164, 3, 697, 189, 291, 232.33333333333334, 1851.5555555555554, 55830.333333333336, 7, 372, 7, 2855, 103, 789, 407.85714285714283, 51601.16, 230027.2857142857
2, 104, 1, 103, 103, 103, 103.0, 0.0, 10609.0, 1, 52, 2, 490, 189, 301, 245.0, 3136.0, 63161.0, 3, 156, 3, 593, 103, 301, 197.66666666666666, 5735.039999999999, 45643.666666666664
0, 0, 0, 0, 0, 0, 0, 0, 0, 1, 52, 0, 0, 0, 0, 0, 0, 0, 1, 52, 0, 0, 0, 0, 0, 0, 0
0, 0, 0, 0, 0, 0, 0, 0, 0, 0, 0, 0, 0, 0, 0, 0, 0, 0, 0, 0, 0, 0, 0, 0, 0, 0, 0
0, 0, 0, 0, 0, 0, 0, 0, 0, 0, 0, 0, 0, 0, 0, 0, 0, 0, 0, 0, 0, 0, 0, 0, 0, 0, 0
0, 0, 0, 0, 0, 0, 0, 0, 0, 0, 0, 0, 0, 0, 0, 0, 0, 0, 0, 0, 0, 0, 0, 0, 0, 0, 0
0, 0, 0, 0, 0, 0, 0, 0, 0, 0, 0, 0, 0, 0, 0, 0, 0, 0, 0, 0, 0, 0, 0, 0, 0, 0, 0
0, 0, 0, 0, 0, 0, 0, 0, 0, 0, 0, 0, 0, 0, 0, 0, 0, 0, 0, 0, 0, 0, 0, 0, 0, 0, 0
0, 0, 0, 0, 0, 0, 0, 0, 0, 0, 0, 0, 0, 0, 0, 0, 0, 0, 0, 0, 0, 0, 0, 0, 0, 0, 0
0, 0, 0, 0, 0, 0, 0, 0, 0, 0, 0, 0, 0, 0, 0, 0, 0, 0, 0, 0, 0, 0, 0, 0, 0, 0, 0
0, 0, 0, 0, 0, 0, 0, 0, 0, 0, 0, 0, 0, 0, 0, 0, 0, 0, 0, 0, 0, 0, 0, 0, 0, 0, 0
0, 0, 0, 0, 0, 0, 0, 0, 0, 0, 0, 0, 0, 0, 0, 0, 0, 0, 0, 0, 0, 0, 0, 0, 0, 0, 0
0, 0, 0, 0, 0, 0, 0, 0, 0, 0, 0, 0, 0, 0, 0, 0, 0, 0, 0, 0, 0, 0, 0, 0, 0, 0, 0
0, 0, 0, 0, 0, 0, 0, 0, 0, 0, 0, 0, 0, 0, 0, 0, 0, 0, 0, 0, 0, 0, 0, 0, 0, 0, 0
0, 0, 0, 0, 0, 0, 0, 0, 0, 0, 0, 0, 0, 0, 0, 0, 0, 0, 0, 0, 0, 0, 0, 0, 0, 0, 0
0, 0, 0, 0, 0, 0, 0, 0, 0, 0, 0, 0, 0, 0, 0, 0, 0, 0, 0, 0, 0, 0, 0, 0, 0, 0, 0
0, 0, 0, 0, 0, 0, 0, 0, 0, 0, 0, 0, 0, 0, 0, 0, 0, 0, 0, 0, 0, 0, 0, 0, 0, 0, 0
0, 0, 0, 0, 0, 0, 0, 0, 0, 0, 0, 0, 0, 0, 0, 0, 0, 0, 0, 0, 0, 0, 0, 0, 0, 0, 0
0, 0, 0, 0, 0, 0, 0, 0, 0, 0, 0, 0, 0, 0, 0, 0, 0, 0, 0, 0, 0, 0, 0, 0, 0, 0, 0
0, 0, 0, 0, 0, 0, 0, 0, 0, 0, 0, 0, 0, 0, 0, 0, 0, 0, 0, 0, 0, 0, 0, 0, 0, 0, 0
0, 0, 0, 0, 0, 0, 0, 0, 0, 0, 0, 0, 0, 0, 0, 0, 0, 0, 0, 0, 0, 0, 0, 0, 0, 0, 0
0, 0, 0, 0, 0, 0, 0, 0, 0, 0, 0, 0, 0, 0, 0, 0, 0, 0, 0, 0, 0, 0, 0, 0, 0, 0, 0
0, 0, 0, 0, 0, 0, 0, 0, 0, 0, 0, 0, 0, 0, 0, 0, 0, 0, 0, 0, 0, 0, 0, 0, 0, 0, 0
2, 104, 0, 0, 0, 0, 0, 0, 0, 2, 104, 0, 0, 0, 0, 0, 0, 0, 4, 208, 0, 0, 0, 0, 0, 0, 0
0, 0, 0, 0, 0, 0, 0, 0, 0, 0, 0, 0, 0, 0, 0, 0, 0, 0, 0, 0, 0, 0, 0, 0, 0, 0, 0
0, 0, 0, 0, 0, 0, 0, 0, 0, 0, 0, 0, 0, 0, 0, 0, 0, 0, 0, 0, 0, 0, 0, 0, 0, 0, 0
0, 0, 0, 0, 0, 0, 0, 0, 0, 0, 0, 0, 0, 0, 0, 0, 0, 0, 0, 0, 0, 0, 0, 0, 0, 0, 0
0, 0, 0, 0, 0, 0, 0, 0, 0, 0, 0, 0, 0, 0, 0, 0, 0, 0, 0, 0, 0, 0, 0, 0, 0, 0, 0
8, 416, 0, 0, 0, 0, 0, 0, 0, 8, 416, 0, 0, 0, 0, 0, 0, 0, 16, 832, 0, 0, 0, 0, 0, 0, 0
4, 208, 0, 0, 0, 0, 0, 0, 0, 2, 104, 3, 459, 83, 293, 153.0, 9800.0, 33209.0, 6, 312, 3, 459, 83, 293, 153.0, 9800.0, 33209.0
0, 0, 0, 0, 0, 0, 0, 0, 0, 0, 0, 0, 0, 0, 0, 0, 0, 0, 0, 0, 0, 0, 0, 0, 0, 0, 0
0, 0, 0, 0, 0, 0, 0, 0, 0, 0, 0, 0, 0, 0, 0, 0, 0, 0, 0, 0, 0, 0, 0, 0, 0, 0, 0
0, 0, 0, 0, 0, 0, 0, 0, 0, 0, 0, 0, 0, 0, 0, 0, 0, 0, 0, 0, 0, 0, 0, 0, 0, 0, 0
0, 0, 0, 0, 0, 0, 0, 0, 0, 0, 0, 0, 0, 0, 0, 0, 0, 0, 0, 0, 0, 0, 0, 0, 0, 0, 0
0, 0, 0, 0, 0, 0, 0, 0, 0, 0, 0, 0, 0, 0, 0, 0, 0, 0, 0, 0, 0, 0, 0, 0, 0, 0, 0
0, 0, 0, 0, 0, 0, 0, 0, 0, 0, 0, 0, 0, 0, 0, 0, 0, 0, 0, 0, 0, 0, 0, 0, 0, 0, 0
0, 0, 0, 0, 0, 0, 0, 0, 0, 0, 0, 0, 0, 0, 0, 0, 0, 0, 0, 0, 0, 0, 0, 0, 0, 0, 0
0, 0, 0, 0, 0, 0, 0, 0, 0, 0, 0, 0, 0, 0, 0, 0, 0, 0, 0, 0, 0, 0, 0, 0, 0, 0, 0
0, 0, 0, 0, 0, 0, 0, 0, 0, 0, 0, 0, 0, 0, 0, 0, 0, 0, 0, 0, 0, 0, 0, 0, 0, 0, 0
2, 104, 2, 729, 91, 638, 364.5, 74802.25, 207662.5, 1, 52, 2, 422, 91, 331, 211.0, 14400.0, 58921.0, 3, 156, 4, 1151, 91, 638, 287.75, 39770.13888888889, 133291.75
6, 296, 0, 0, 0, 0, 0, 0, 0, 1, 52, 1, 83, 83, 83, 83.0, 0.0, 6889.0, 7, 348, 1, 83, 83, 83, 83.0, 0.0, 6889.0
2, 112, 2, 769, 200, 569, 384.5, 34040.25, 181880.5, 2, 112, 0, 0, 0, 0, 0, 0, 0, 4, 224, 2, 769, 200, 569, 384.5, 34040.25, 181880.5
3, 156, 3, 1461, 103, 789, 487.0, 81794.66666666667, 318963.6666666667, 1, 60, 2, 378, 189, 189, 189.0, 0.0, 35721.0, 4, 216, 5, 1839, 103, 789, 367.8, 56802.775510204076, 205666.6
1, 52, 1, 103, 103, 103, 103.0, 0.0, 10609.0, 2, 104, 1, 301, 301, 301, 301.0, 0.0, 90601.0, 3, 156, 2, 404, 103, 301, 202.0, 8712.0, 50605.0
0, 0, 1, 200, 200, 200, 200.0, 0.0, 40000.0, 0, 0, 0, 0, 0, 0, 0, 0, 0, 0, 0, 1, 200, 200, 200, 200.0, 0.0, 40000.0
0, 0, 0, 0, 0, 0, 0, 0, 0, 0, 0, 0, 0, 0, 0, 0, 0, 0, 0, 0, 0, 0, 0, 0, 0, 0, 0
0, 0, 0, 0, 0, 0, 0, 0, 0, 0, 0, 0, 0, 0, 0, 0, 0, 0, 0, 0, 0, 0, 0, 0, 0, 0, 0
0, 0, 1, 200, 200, 200, 200.0, 0.0, 40000.0, 0, 0, 0, 0, 0, 0, 0, 0, 0, 0, 0, 1, 200, 200, 200, 200.0, 0.0, 40000.0
0, 0, 0, 0, 0, 0, 0, 0, 0, 0, 0, 0, 0, 0, 0, 0, 0, 0, 0, 0, 0, 0, 0, 0, 0, 0, 0
0, 0, 1, 200, 200, 200, 200.0, 0.0, 40000.0, 0, 0, 0, 0, 0, 0, 0, 0, 0, 0, 0, 1, 200, 200, 200, 200.0, 0.0, 40000.0
0, 0, 0, 0, 0, 0, 0, 0, 0, 0, 0, 0, 0, 0, 0, 0, 0, 0, 0, 0, 0, 0, 0, 0, 0, 0, 0
3, 156, 0, 0, 0, 0, 0, 0, 0, 3, 156, 0, 0, 0, 0, 0, 0, 0, 6, 312, 0, 0, 0, 0, 0, 0, 0
0, 0, 0, 0, 0, 0, 0, 0, 0, 0, 0, 0, 0, 0, 0, 0, 0, 0, 0, 0, 0, 0, 0, 0, 0, 0, 0
0, 0, 0, 0, 0, 0, 0, 0, 0, 0, 0, 0, 0, 0, 0, 0, 0, 0, 0, 0, 0, 0, 0, 0, 0, 0, 0
0, 0, 0, 0, 0, 0, 0, 0, 0, 0, 0, 0, 0, 0, 0, 0, 0, 0, 0, 0, 0, 0, 0, 0, 0, 0, 0
0, 0, 0, 0, 0, 0, 0, 0, 0, 0, 0, 0, 0, 0, 0, 0, 0, 0, 0, 0, 0, 0, 0, 0, 0, 0, 0
0, 0, 0, 0, 0, 0, 0, 0, 0, 0, 0, 0, 0, 0, 0, 0, 0, 0, 0, 0, 0, 0, 0, 0, 0, 0, 0
0, 0, 0, 0, 0, 0, 0, 0, 0, 0, 0, 0, 0, 0, 0, 0, 0, 0, 0, 0, 0, 0, 0, 0, 0, 0, 0
0, 0, 0, 0, 0, 0, 0, 0, 0, 0, 0, 0, 0, 0, 0, 0, 0, 0, 0, 0, 0, 0, 0, 0, 0, 0, 0
0, 0, 0, 0, 0, 0, 0, 0, 0, 0, 0, 0, 0, 0, 0, 0, 0, 0, 0, 0, 0, 0, 0, 0, 0, 0, 0
0, 0, 0, 0, 0, 0, 0, 0, 0, 0, 0, 0, 0, 0, 0, 0, 0, 0, 0, 0, 0, 0, 0, 0, 0, 0, 0
0, 0, 0, 0, 0, 0, 0, 0, 0, 0, 0, 0, 0, 0, 0, 0, 0, 0, 0, 0, 0, 0, 0, 0, 0, 0, 0
0, 0, 0, 0, 0, 0, 0, 0, 0, 0, 0, 0, 0, 0, 0, 0, 0, 0, 0, 0, 0, 0, 0, 0, 0, 0, 0
0, 0, 0, 0, 0, 0, 0, 0, 0, 0, 0, 0, 0, 0, 0, 0, 0, 0, 0, 0, 0, 0, 0, 0, 0, 0, 0
0, 0, 0, 0, 0, 0, 0, 0, 0, 0, 0, 0, 0, 0, 0, 0, 0, 0, 0, 0, 0, 0, 0, 0, 0, 0, 0
0, 0, 0, 0, 0, 0, 0, 0, 0, 0, 0, 0, 0, 0, 0, 0, 0, 0, 0, 0, 0, 0, 0, 0, 0, 0, 0
0, 0, 0, 0, 0, 0, 0, 0, 0, 0, 0, 0, 0, 0, 0, 0, 0, 0, 0, 0, 0, 0, 0, 0, 0, 0, 0
0, 0, 0, 0, 0, 0, 0, 0, 0, 0, 0, 0, 0, 0, 0, 0, 0, 0, 0, 0, 0, 0, 0, 0, 0, 0, 0
0, 0, 0, 0, 0, 0, 0, 0, 0, 0, 0, 0, 0, 0, 0, 0, 0, 0, 0, 0, 0, 0, 0, 0, 0, 0, 0
0, 0, 0, 0, 0, 0, 0, 0, 0, 0, 0, 0, 0, 0, 0, 0, 0, 0, 0, 0, 0, 0, 0, 0, 0, 0, 0
1, 52, 0, 0, 0, 0, 0, 0, 0, 1, 52, 1, 83, 83, 83, 83.0, 0.0, 6889.0, 2, 104, 1, 83, 83, 83, 83.0, 0.0, 6889.0
2, 104, 0, 0, 0, 0, 0, 0, 0, 1, 52, 2, 376, 83, 293, 188.0, 11025.0, 46369.0, 3, 156, 2, 376, 83, 293, 188.0, 11025.0, 46369.0
0, 0, 0, 0, 0, 0, 0, 0, 0, 0, 0, 0, 0, 0, 0, 0, 0, 0, 0, 0, 0, 0, 0, 0, 0, 0, 0
0, 0, 0, 0, 0, 0, 0, 0, 0, 0, 0, 0, 0, 0, 0, 0, 0, 0, 0, 0, 0, 0, 0, 0, 0, 0, 0
0, 0, 0, 0, 0, 0, 0, 0, 0, 0, 0, 0, 0, 0, 0, 0, 0, 0, 0, 0, 0, 0, 0, 0, 0, 0, 0
0, 0, 0, 0, 0, 0, 0, 0, 0, 0, 0, 0, 0, 0, 0, 0, 0, 0, 0, 0, 0, 0, 0, 0, 0, 0, 0
0, 0, 0, 0, 0, 0, 0, 0, 0, 0, 0, 0, 0, 0, 0, 0, 0, 0, 0, 0, 0, 0, 0, 0, 0, 0, 0
0, 0, 0, 0, 0, 0, 0, 0, 0, 0, 0, 0, 0, 0, 0, 0, 0, 0, 0, 0, 0, 0, 0, 0, 0, 0, 0
0, 0, 0, 0, 0, 0, 0, 0, 0, 0, 0, 0, 0, 0, 0, 0, 0, 0, 0, 0, 0, 0, 0, 0, 0, 0, 0
0, 0, 0, 0, 0, 0, 0, 0, 0, 0, 0, 0, 0, 0, 0, 0, 0, 0, 0, 0, 0, 0, 0, 0, 0, 0, 0
0, 0, 0, 0, 0, 0, 0, 0, 0, 0, 0, 0, 0, 0, 0, 0, 0, 0, 0, 0, 0, 0, 0, 0, 0, 0, 0
0, 0, 0, 0, 0, 0, 0, 0, 0, 0, 0, 0, 0, 0, 0, 0, 0, 0, 0, 0, 0, 0, 0, 0, 0, 0, 0
3, 164, 0, 0, 0, 0, 0, 0, 0, 0, 0, 0, 0, 0, 0, 0, 0, 0, 3, 164, 0, 0, 0, 0, 0, 0, 0
4, 216, 4, 2030, 103, 789, 507.5, 62606.75, 320163.0, 3, 172, 1, 189, 189, 189, 189.0, 0.0, 35721.0, 7, 388, 5, 2219, 103, 789, 443.8, 64280.55555555556, 263274.6
1, 52, 1, 103, 103, 103, 103.0, 0.0, 10609.0, 1, 52, 1, 189, 189, 189, 189.0, 0.0, 35721.0, 2, 104, 2, 292, 103, 189, 146.0, 1643.5555555555557, 23165.0
1, 52, 0, 0, 0, 0, 0, 0, 0, 1, 52, 1, 301, 301, 301, 301.0, 0.0, 90601.0, 2, 104, 1, 301, 301, 301, 301.0, 0.0, 90601.0
0, 0, 0, 0, 0, 0, 0, 0, 0, 0, 0, 0, 0, 0, 0, 0, 0, 0, 0, 0, 0, 0, 0, 0, 0, 0, 0
0, 0, 0, 0, 0, 0, 0, 0, 0, 0, 0, 0, 0, 0, 0, 0, 0, 0, 0, 0, 0, 0, 0, 0, 0, 0, 0
0, 0, 0, 0, 0, 0, 0, 0, 0, 0, 0, 0, 0, 0, 0, 0, 0, 0, 0, 0, 0, 0, 0, 0, 0, 0, 0
0, 0, 0, 0, 0, 0, 0, 0, 0, 0, 0, 0, 0, 0, 0, 0, 0, 0, 0, 0, 0, 0, 0, 0, 0, 0, 0
0, 0, 0, 0, 0, 0, 0, 0, 0, 0, 0, 0, 0, 0, 0, 0, 0, 0, 0, 0, 0, 0, 0, 0, 0, 0, 0
0, 0, 0, 0, 0, 0, 0, 0, 0, 0, 0, 0, 0, 0, 0, 0, 0, 0, 0, 0, 0, 0, 0, 0, 0, 0, 0
0, 0, 0, 0, 0, 0, 0, 0, 0, 0, 0, 0, 0, 0, 0, 0, 0, 0, 0, 0, 0, 0, 0, 0, 0, 0, 0
0, 0, 0, 0, 0, 0, 0, 0, 0, 0, 0, 0, 0, 0, 0, 0, 0, 0, 0, 0, 0, 0, 0, 0, 0, 0, 0
2, 104, 2, 729, 91, 638, 364.5, 74802.25, 207662.5, 1, 52, 2, 422, 91, 331, 211.0, 14400.0, 58921.0, 3, 156, 4, 1151, 91, 638, 287.75, 39770.13888888889, 133291.75
0, 0, 0, 0, 0, 0, 0, 0, 0, 0, 0, 0, 0, 0, 0, 0, 0, 0, 0, 0, 0, 0, 0, 0, 0, 0, 0
0, 0, 0, 0, 0, 0, 0, 0, 0, 0, 0, 0, 0, 0, 0, 0, 0, 0, 0, 0, 0, 0, 0, 0, 0, 0, 0
1, 52, 0, 0, 0, 0, 0, 0, 0, 1, 52, 0, 0, 0, 0, 0, 0, 0, 2, 104, 0, 0, 0, 0, 0, 0, 0
0, 0, 0, 0, 0, 0, 0, 0, 0, 0, 0, 0, 0, 0, 0, 0, 0, 0, 0, 0, 0, 0, 0, 0, 0, 0, 0
0, 0, 0, 0, 0, 0, 0, 0, 0, 0, 0, 0, 0, 0, 0, 0, 0, 0, 0, 0, 0, 0, 0, 0, 0, 0, 0
0, 0, 0, 0, 0, 0, 0, 0, 0, 0, 0, 0, 0, 0, 0, 0, 0, 0, 0, 0, 0, 0, 0, 0, 0, 0, 0
2, 104, 0, 0, 0, 0, 0, 0, 0, 2, 104, 1, 76, 76, 76, 76.0, 0.0, 5776.0, 4, 208, 1, 76, 76, 76, 76.0, 0.0, 5776.0
0, 0, 0, 0, 0, 0, 0, 0, 0, 0, 0, 0, 0, 0, 0, 0, 0, 0, 0, 0, 0, 0, 0, 0, 0, 0, 0
0, 0, 0, 0, 0, 0, 0, 0, 0, 0, 0, 0, 0, 0, 0, 0, 0, 0, 0, 0, 0, 0, 0, 0, 0, 0, 0
0, 0, 0, 0, 0, 0, 0, 0, 0, 0, 0, 0, 0, 0, 0, 0, 0, 0, 0, 0, 0, 0, 0, 0, 0, 0, 0
0, 0, 0, 0, 0, 0, 0, 0, 0, 0, 0, 0, 0, 0, 0, 0, 0, 0, 0, 0, 0, 0, 0, 0, 0, 0, 0
0, 0, 0, 0, 0, 0, 0, 0, 0, 0, 0, 0, 0, 0, 0, 0, 0, 0, 0, 0, 0, 0, 0, 0, 0, 0, 0
0, 0, 0, 0, 0, 0, 0, 0, 0, 0, 0, 0, 0, 0, 0, 0, 0, 0, 0, 0, 0, 0, 0, 0, 0, 0, 0
1, 52, 0, 0, 0, 0, 0, 0, 0, 1, 52, 0, 0, 0, 0, 0, 0, 0, 2, 104, 0, 0, 0, 0, 0, 0, 0
0, 0, 0, 0, 0, 0, 0, 0, 0, 0, 0, 0, 0, 0, 0, 0, 0, 0, 0, 0, 0, 0, 0, 0, 0, 0, 0
0, 0, 0, 0, 0, 0, 0, 0, 0, 0, 0, 0, 0, 0, 0, 0, 0, 0, 0, 0, 0, 0, 0, 0, 0, 0, 0
0, 0, 0, 0, 0, 0, 0, 0, 0, 0, 0, 0, 0, 0, 0, 0, 0, 0, 0, 0, 0, 0, 0, 0, 0, 0, 0
1, 52, 0, 0, 0, 0, 0, 0, 0, 1, 52, 1, 83, 83, 83, 83.0, 0.0, 6889.0, 2, 104, 1, 83, 83, 83, 83.0, 0.0, 6889.0
2, 104, 0, 0, 0, 0, 0, 0, 0, 0, 0, 2, 376, 83, 293, 188.0, 11025.0, 46369.0, 2, 104, 2, 376, 83, 293, 188.0, 11025.0, 46369.0
1, 52, 0, 0, 0, 0, 0, 0, 0, 1, 52, 0, 0, 0, 0, 0, 0, 0, 2, 104, 0, 0, 0, 0, 0, 0, 0
0, 0, 0, 0, 0, 0, 0, 0, 0, 0, 0, 0, 0, 0, 0, 0, 0, 0, 0, 0, 0, 0, 0, 0, 0, 0, 0
0, 0, 0, 0, 0, 0, 0, 0, 0, 0, 0, 0, 0, 0, 0, 0, 0, 0, 0, 0, 0, 0, 0, 0, 0, 0, 0
0, 0, 0, 0, 0, 0, 0, 0, 0, 0, 0, 0, 0, 0, 0, 0, 0, 0, 0, 0, 0, 0, 0, 0, 0, 0, 0
0, 0, 0, 0, 0, 0, 0, 0, 0, 0, 0, 0, 0, 0, 0, 0, 0, 0, 0, 0, 0, 0, 0, 0, 0, 0, 0
1, 52, 0, 0, 0, 0, 0, 0, 0, 1, 52, 0, 0, 0, 0, 0, 0, 0, 2, 104, 0, 0, 0, 0, 0, 0, 0
0, 0, 0, 0, 0, 0, 0, 0, 0, 0, 0, 0, 0, 0, 0, 0, 0, 0, 0, 0, 0, 0, 0, 0, 0, 0, 0
0, 0, 0, 0, 0, 0, 0, 0, 0, 0, 0, 0, 0, 0, 0, 0, 0, 0, 0, 0, 0, 0, 0, 0, 0, 0, 0
0, 0, 0, 0, 0, 0, 0, 0, 0, 0, 0, 0, 0, 0, 0, 0, 0, 0, 0, 0, 0, 0, 0, 0, 0, 0, 0
3, 164, 0, 0, 0, 0, 0, 0, 0, 0, 0, 0, 0, 0, 0, 0, 0, 0, 3, 164, 0, 0, 0, 0, 0, 0, 0
2, 112, 1, 569, 569, 569, 569.0, 0.0, 323761.0, 2, 112, 0, 0, 0, 0, 0, 0, 0, 4, 224, 1, 569, 569, 569, 569.0, 0.0, 323761.0
2, 104, 3, 1461, 103, 789, 487.0, 81794.66666666667, 318963.6666666667, 1, 60, 1, 189, 189, 189, 189.0, 0.0, 35721.0, 3, 164, 4, 1650, 103, 789, 412.5, 70389.76000000001, 248153.0
2, 104, 1, 103, 103, 103, 103.0, 0.0, 10609.0, 1, 52, 2, 490, 189, 301, 245.0, 3136.0, 63161.0, 3, 156, 3, 593, 103, 301, 197.66666666666666, 5735.039999999999, 45643.666666666664
0, 0, 0, 0, 0, 0, 0, 0, 0, 1, 52, 0, 0, 0, 0, 0, 0, 0, 1, 52, 0, 0, 0, 0, 0, 0, 0
0, 0, 0, 0, 0, 0, 0, 0, 0, 0, 0, 0, 0, 0, 0, 0, 0, 0, 0, 0, 0, 0, 0, 0, 0, 0, 0
0, 0, 0, 0, 0, 0, 0, 0, 0, 0, 0, 0, 0, 0, 0, 0, 0, 0, 0, 0, 0, 0, 0, 0, 0, 0, 0
0, 0, 0, 0, 0, 0, 0, 0, 0, 0, 0, 0, 0, 0, 0, 0, 0, 0, 0, 0, 0, 0, 0, 0, 0, 0, 0
0, 0, 0, 0, 0, 0, 0, 0, 0, 0, 0, 0, 0, 0, 0, 0, 0, 0, 0, 0, 0, 0, 0, 0, 0, 0, 0
0, 0, 0, 0, 0, 0, 0, 0, 0, 0, 0, 0, 0, 0, 0, 0, 0, 0, 0, 0, 0, 0, 0, 0, 0, 0, 0
0, 0, 0, 0, 0, 0, 0, 0, 0, 0, 0, 0, 0, 0, 0, 0, 0, 0, 0, 0, 0, 0, 0, 0, 0, 0, 0
0, 0, 0, 0, 0, 0, 0, 0, 0, 0, 0, 0, 0, 0, 0, 0, 0, 0, 0, 0, 0, 0, 0, 0, 0, 0, 0
0, 0, 0, 0, 0, 0, 0, 0, 0, 0, 0, 0, 0, 0, 0, 0, 0, 0, 0, 0, 0, 0, 0, 0, 0, 0, 0
0, 0, 0, 0, 0, 0, 0, 0, 0, 0, 0, 0, 0, 0, 0, 0, 0, 0, 0, 0, 0, 0, 0, 0, 0, 0, 0
0, 0, 0, 0, 0, 0, 0, 0, 0, 0, 0, 0, 0, 0, 0, 0, 0, 0, 0, 0, 0, 0, 0, 0, 0, 0, 0
0, 0, 0, 0, 0, 0, 0, 0, 0, 0, 0, 0, 0, 0, 0, 0, 0, 0, 0, 0, 0, 0, 0, 0, 0, 0, 0
0, 0, 0, 0, 0, 0, 0, 0, 0, 0, 0, 0, 0, 0, 0, 0, 0, 0, 0, 0, 0, 0, 0, 0, 0, 0, 0
0, 0, 0, 0, 0, 0, 0, 0, 0, 0, 0, 0, 0, 0, 0, 0, 0, 0, 0, 0, 0, 0, 0, 0, 0, 0, 0
0, 0, 0, 0, 0, 0, 0, 0, 0, 0, 0, 0, 0, 0, 0, 0, 0, 0, 0, 0, 0, 0, 0, 0, 0, 0, 0
0, 0, 0, 0, 0, 0, 0, 0, 0, 0, 0, 0, 0, 0, 0, 0, 0, 0, 0, 0, 0, 0, 0, 0, 0, 0, 0
0, 0, 0, 0, 0, 0, 0, 0, 0, 0, 0, 0, 0, 0, 0, 0, 0, 0, 0, 0, 0, 0, 0, 0, 0, 0, 0
0, 0, 0, 0, 0, 0, 0, 0, 0, 0, 0, 0, 0, 0, 0, 0, 0, 0, 0, 0, 0, 0, 0, 0, 0, 0, 0
