addr1_packet_ctrl, addr1_bytes_ctrl, addr1_packet, addr1_bytes, addr1_pkt_len_min, addr1_pkt_len_max, addr1_pkt_len_avg,addr1_pkt_len_var, addr1_pkt_len_mom2, addr2_packet_ctrl, addr2_bytes_ctrl, addr2_packet, addr2_bytes, addr2_pkt_len_min, addr2_pkt_len_max, addr2_pkt_len_avg,addr2_pkt_len_var, addr2_pkt_len_mom2, addra_packet_ctrl, addra_bytes_ctrl, addra_packet, addra_bytes, addra_pkt_len_min, addra_pkt_len_max, addra_pkt_len_avg,addra_pkt_len_var, addra_pkt_len_mom2 
19, 1012, 18, 4417, 83, 610, 245.38888888888889, 38828.015432098764, 99043.72222222222, 17, 908, 25, 34878, 83, 5724, 1395.12, 2823021.9456, 4769381.76, 36, 1920, 43, 39295, 83, 5724, 913.8372093023256, 2343316.0836937707, 2814356.534883721
20, 1056, 15, 3090, 83, 569, 206.0, 30190.266666666666, 72626.26666666666, 17, 900, 24, 31387, 83, 5724, 1307.7916666666667, 2598205.9149305555, 4308524.958333333, 37, 1956, 39, 34477, 83, 5724, 884.025641025641, 2206990.3754094234, 2679333.153846154
27, 1428, 15, 4192, 83, 569, 279.46666666666664, 38418.248888888884, 116519.86666666667, 11, 596, 28, 57370, 83, 5724, 2048.9285714285716, 3201658.780612245, 7399767.071428572, 38, 2024, 43, 61562, 83, 5724, 1431.6744186046512, 3055097.581829002, 4859099.441860465
11, 572, 1, 91, 91, 91, 91.0, 0.0, 8281.0, 1, 52, 9, 26961, 91, 5724, 2995.6666666666665, 3254171.3333333335, 12228190.111111112, 12, 624, 10, 27052, 91, 5724, 2705.2, 3503585.0083102495, 11006199.2
0, 0, 1, 195, 195, 195, 195.0, 0.0, 38025.0, 0, 0, 0, 0, 0, 0, 0, 0, 0, 0, 0, 1, 195, 195, 195, 195.0, 0.0, 38025.0
0, 0, 2, 395, 195, 200, 197.5, 6.25, 39012.5, 0, 0, 0, 0, 0, 0, 0, 0, 0, 0, 0, 2, 395, 195, 200, 197.5, 6.25, 39012.5
0, 0, 1, 195, 195, 195, 195.0, 0.0, 38025.0, 0, 0, 0, 0, 0, 0, 0, 0, 0, 0, 0, 1, 195, 195, 195, 195.0, 0.0, 38025.0
69, 3588, 5, 5287, 91, 1497, 1057.4, 289523.44, 1407618.2, 5, 260, 75, 498286, 83, 23220, 6643.8133333333335, 25785113.96515556, 69925369.57333334, 74, 3848, 80, 503573, 83, 23220, 6294.6625, 25936911.167700313, 65643010.1125
35, 1820, 11, 6193, 87, 1477, 563.0, 340308.1818181818, 657277.1818181818, 7, 364, 55, 447352, 171, 23220, 8133.672727272728, 65846295.45652892, 132002927.49090908, 42, 2184, 66, 453545, 87, 23220, 6871.893939393939, 64627989.633494966, 110111985.77272727
94, 4888, 4, 3036, 91, 1375, 759.0, 380808.0, 956889.0, 3, 156, 109, 995946, 83, 26116, 9137.119266055046, 57355781.242656335, 140842729.72477064, 97, 5044, 113, 998982, 83, 26116, 8840.548672566372, 57571153.721451186, 135891018.54867256
0, 0, 0, 0, 0, 0, 0, 0, 0, 0, 0, 0, 0, 0, 0, 0, 0, 0, 0, 0, 0, 0, 0, 0, 0, 0, 0
6, 320, 8, 1798, 83, 569, 224.75, 34301.1875, 84813.75, 6, 320, 9, 21489, 83, 5724, 2387.6666666666665, 4719497.333333333, 10420449.444444444, 12, 640, 17, 23287, 83, 5724, 1369.8235294117646, 4274439.976331362, 5556620.882352941
0, 0, 3, 447, 91, 195, 149.0, 1874.6666666666667, 24075.666666666668, 2, 104, 1, 131, 131, 131, 131.0, 0.0, 17161.0, 2, 104, 4, 578, 91, 195, 144.5, 1202.56, 22347.0
0, 0, 0, 0, 0, 0, 0, 0, 0, 0, 0, 0, 0, 0, 0, 0, 0, 0, 0, 0, 0, 0, 0, 0, 0, 0, 0
0, 0, 0, 0, 0, 0, 0, 0, 0, 0, 0, 0, 0, 0, 0, 0, 0, 0, 0, 0, 0, 0, 0, 0, 0, 0, 0
0, 0, 0, 0, 0, 0, 0, 0, 0, 0, 0, 0, 0, 0, 0, 0, 0, 0, 0, 0, 0, 0, 0, 0, 0, 0, 0
0, 0, 0, 0, 0, 0, 0, 0, 0, 0, 0, 0, 0, 0, 0, 0, 0, 0, 0, 0, 0, 0, 0, 0, 0, 0, 0
0, 0, 3, 390, 87, 212, 130.0, 3364.6666666666665, 20264.666666666668, 2, 104, 1, 160, 160, 160, 160.0, 0.0, 25600.0, 2, 104, 4, 550, 87, 212, 137.5, 2234.8, 21598.5
3, 156, 7, 1742, 74, 738, 248.85714285714286, 50278.4081632653, 112208.28571428571, 6, 312, 8, 1392, 83, 683, 174.0, 37265.75, 67541.75, 9, 468, 15, 3134, 74, 738, 208.93333333333334, 42412.51795841211, 88386.13333333333
8, 424, 6, 1631, 83, 628, 271.8333333333333, 54024.47222222222, 127917.83333333333, 7, 372, 7, 3805, 83, 2694, 543.5714285714286, 805193.3877551019, 1100663.2857142857, 15, 796, 13, 5436, 83, 2694, 418.15384615384613, 595349.4475, 651703.8461538461
2, 104, 1, 91, 91, 91, 91.0, 0.0, 8281.0, 1, 52, 4, 838, 83, 539, 209.5, 36438.75, 80329.0, 3, 156, 5, 929, 83, 539, 185.8, 33776.88888888889, 65919.4
24, 1236, 1, 1376, 1376, 1376, 1376.0, 0.0, 1893376.0, 1, 52, 39, 418462, 1500, 26116, 10729.794871794871, 74238968.77843525, 189367466.76923078, 25, 1288, 40, 419838, 1376, 26116, 10495.95, 74392728.23842336, 184680614.5
0, 0, 1, 456, 456, 456, 456.0, 0.0, 207936.0, 1, 52, 0, 0, 0, 0, 0, 0, 0, 1, 52, 1, 456, 456, 456, 456.0, 0.0, 207936.0
1, 52, 2, 286, 91, 195, 143.0, 2704.0, 23153.0, 1, 52, 3, 296, 83, 122, 98.66666666666667, 282.88888888888886, 10018.0, 2, 104, 5, 582, 83, 195, 116.4, 1256.6875, 15272.0
16, 820, 1, 1479, 1479, 1479, 1479.0, 0.0, 2187441.0, 0, 0, 40, 429692, 1500, 26116, 10742.3, 68640324.71000001, 184037334.0, 16, 820, 41, 431171, 1479, 26116, 10516.365853658537, 68839201.68754762, 179601970.75609756
0, 0, 0, 0, 0, 0, 0, 0, 0, 0, 0, 0, 0, 0, 0, 0, 0, 0, 0, 0, 0, 0, 0, 0, 0, 0, 0
0, 0, 2, 395, 195, 200, 197.5, 6.25, 39012.5, 0, 0, 0, 0, 0, 0, 0, 0, 0, 0, 0, 2, 395, 195, 200, 197.5, 6.25, 39012.5
0, 0, 0, 0, 0, 0, 0, 0, 0, 0, 0, 0, 0, 0, 0, 0, 0, 0, 0, 0, 0, 0, 0, 0, 0, 0, 0
0, 0, 1, 195, 195, 195, 195.0, 0.0, 38025.0, 0, 0, 0, 0, 0, 0, 0, 0, 0, 0, 0, 1, 195, 195, 195, 195.0, 0.0, 38025.0
1, 52, 4, 544, 68, 200, 136.0, 3286.5, 21782.5, 2, 104, 3, 476, 91, 202, 158.66666666666666, 2349.555555555555, 27524.666666666668, 3, 156, 7, 1020, 68, 202, 145.71428571428572, 2847.6400000000003, 24243.428571428572
20, 1040, 1, 1479, 1479, 1479, 1479.0, 0.0, 2187441.0, 1, 52, 45, 426371, 1338, 26116, 9474.91111111111, 59203471.99209876, 148977412.55555555, 21, 1092, 46, 427850, 1338, 26116, 9301.08695652174, 59247741.712353595, 145786326.2173913
2, 104, 5, 3942, 91, 1697, 788.4, 370360.64, 991935.2, 5, 260, 5, 505, 83, 124, 101.0, 361.2, 10562.2, 7, 364, 10, 4447, 83, 1697, 444.7, 228698.51555555558, 501248.7
0, 0, 2, 268, 68, 200, 134.0, 4356.0, 22312.0, 0, 0, 0, 0, 0, 0, 0, 0, 0, 0, 0, 2, 268, 68, 200, 134.0, 4356.0, 22312.0
0, 0, 0, 0, 0, 0, 0, 0, 0, 0, 0, 0, 0, 0, 0, 0, 0, 0, 0, 0, 0, 0, 0, 0, 0, 0, 0
0, 0, 1, 200, 200, 200, 200.0, 0.0, 40000.0, 0, 0, 0, 0, 0, 0, 0, 0, 0, 0, 0, 1, 200, 200, 200, 200.0, 0.0, 40000.0
0, 0, 0, 0, 0, 0, 0, 0, 0, 0, 0, 0, 0, 0, 0, 0, 0, 0, 0, 0, 0, 0, 0, 0, 0, 0, 0
0, 0, 0, 0, 0, 0, 0, 0, 0, 0, 0, 0, 0, 0, 0, 0, 0, 0, 0, 0, 0, 0, 0, 0, 0, 0, 0
13, 676, 2, 1547, 68, 1479, 773.5, 497730.25, 1096032.5, 0, 0, 30, 420795, 1500, 17428, 14026.5, 32387508.45, 229130210.7, 13, 676, 32, 422342, 68, 17428, 13198.1875, 36841907.144901164, 214878074.5625
0, 0, 0, 0, 0, 0, 0, 0, 0, 0, 0, 0, 0, 0, 0, 0, 0, 0, 0, 0, 0, 0, 0, 0, 0, 0, 0
0, 0, 0, 0, 0, 0, 0, 0, 0, 0, 0, 0, 0, 0, 0, 0, 0, 0, 0, 0, 0, 0, 0, 0, 0, 0, 0
0, 0, 0, 0, 0, 0, 0, 0, 0, 0, 0, 0, 0, 0, 0, 0, 0, 0, 0, 0, 0, 0, 0, 0, 0, 0, 0
0, 0, 0, 0, 0, 0, 0, 0, 0, 0, 0, 0, 0, 0, 0, 0, 0, 0, 0, 0, 0, 0, 0, 0, 0, 0, 0
0, 0, 0, 0, 0, 0, 0, 0, 0, 0, 0, 0, 0, 0, 0, 0, 0, 0, 0, 0, 0, 0, 0, 0, 0, 0, 0
0, 0, 0, 0, 0, 0, 0, 0, 0, 0, 0, 0, 0, 0, 0, 0, 0, 0, 0, 0, 0, 0, 0, 0, 0, 0, 0
8, 416, 1, 1479, 1479, 1479, 1479.0, 0.0, 2187441.0, 0, 0, 35, 435611, 891, 26116, 12446.028571428571, 46074294.4277551, 200977921.62857142, 8, 416, 36, 437090, 891, 26116, 12141.388888888889, 47095525.3727435, 195455963.83333334
1, 52, 13, 23484, 91, 4156, 1806.4615384615386, 1849770.2485207105, 5113073.538461538, 22, 1144, 4, 462, 83, 174, 115.5, 1270.25, 14610.5, 23, 1196, 17, 23946, 83, 4156, 1408.5882352941176, 1819893.8231292516, 3913435.1764705884
0, 0, 0, 0, 0, 0, 0, 0, 0, 0, 0, 0, 0, 0, 0, 0, 0, 0, 0, 0, 0, 0, 0, 0, 0, 0, 0
0, 0, 0, 0, 0, 0, 0, 0, 0, 0, 0, 0, 0, 0, 0, 0, 0, 0, 0, 0, 0, 0, 0, 0, 0, 0, 0
0, 0, 0, 0, 0, 0, 0, 0, 0, 0, 0, 0, 0, 0, 0, 0, 0, 0, 0, 0, 0, 0, 0, 0, 0, 0, 0
0, 0, 0, 0, 0, 0, 0, 0, 0, 0, 0, 0, 0, 0, 0, 0, 0, 0, 0, 0, 0, 0, 0, 0, 0, 0, 0
9, 468, 3, 1933, 91, 1378, 644.3333333333334, 292321.55555555556, 707487.0, 2, 104, 62, 589117, 83, 23220, 9501.887096774193, 60151708.551769, 150437566.9516129, 11, 572, 65, 591050, 83, 23220, 9093.076923076924, 60547226.05319611, 143526947.87692308
1, 40, 0, 0, 0, 0, 0, 0, 0, 0, 0, 0, 0, 0, 0, 0, 0, 0, 1, 40, 0, 0, 0, 0, 0, 0, 0
0, 0, 0, 0, 0, 0, 0, 0, 0, 0, 0, 0, 0, 0, 0, 0, 0, 0, 0, 0, 0, 0, 0, 0, 0, 0, 0
15, 768, 2, 1547, 68, 1479, 773.5, 497730.25, 1096032.5, 0, 0, 40, 422625, 1500, 23220, 10565.625, 61074342.184375, 172706773.825, 15, 768, 42, 424172, 68, 23220, 10099.333333333334, 61878498.87165379, 164534833.76190478
0, 0, 0, 0, 0, 0, 0, 0, 0, 0, 0, 0, 0, 0, 0, 0, 0, 0, 0, 0, 0, 0, 0, 0, 0, 0, 0
0, 0, 1, 68, 68, 68, 68.0, 0.0, 4624.0, 0, 0, 0, 0, 0, 0, 0, 0, 0, 0, 0, 1, 68, 68, 68, 68.0, 0.0, 4624.0
0, 0, 0, 0, 0, 0, 0, 0, 0, 0, 0, 0, 0, 0, 0, 0, 0, 0, 0, 0, 0, 0, 0, 0, 0, 0, 0
0, 0, 0, 0, 0, 0, 0, 0, 0, 0, 0, 0, 0, 0, 0, 0, 0, 0, 0, 0, 0, 0, 0, 0, 0, 0, 0
0, 0, 2, 314, 157, 157, 157.0, 0.0, 24649.0, 0, 0, 0, 0, 0, 0, 0, 0, 0, 0, 0, 2, 314, 157, 157, 157.0, 0.0, 24649.0
14, 728, 1, 1479, 1479, 1479, 1479.0, 0.0, 2187441.0, 0, 0, 33, 421997, 1500, 23220, 12787.787878787878, 52715026.40955005, 216242545.24242425, 14, 728, 34, 423476, 1479, 23220, 12455.176470588236, 53808531.940298505, 209946806.88235295
0, 0, 0, 0, 0, 0, 0, 0, 0, 0, 0, 0, 0, 0, 0, 0, 0, 0, 0, 0, 0, 0, 0, 0, 0, 0, 0
1, 40, 3, 382, 68, 157, 127.33333333333333, 1760.2222222222224, 17974.0, 0, 0, 0, 0, 0, 0, 0, 0, 0, 1, 40, 3, 382, 68, 157, 127.33333333333333, 1760.2222222222224, 17974.0
1, 40, 0, 0, 0, 0, 0, 0, 0, 0, 0, 0, 0, 0, 0, 0, 0, 0, 1, 40, 0, 0, 0, 0, 0, 0, 0
0, 0, 0, 0, 0, 0, 0, 0, 0, 0, 0, 0, 0, 0, 0, 0, 0, 0, 0, 0, 0, 0, 0, 0, 0, 0, 0
0, 0, 2, 344, 172, 172, 172.0, 0.0, 29584.0, 0, 0, 0, 0, 0, 0, 0, 0, 0, 0, 0, 2, 344, 172, 172, 172.0, 0.0, 29584.0
0, 0, 0, 0, 0, 0, 0, 0, 0, 0, 0, 0, 0, 0, 0, 0, 0, 0, 0, 0, 0, 0, 0, 0, 0, 0, 0
1, 52, 1, 1479, 1479, 1479, 1479.0, 0.0, 2187441.0, 0, 0, 12, 126600, 1500, 29012, 10550.0, 109771190.66666667, 221073690.66666666, 1, 52, 13, 128079, 1479, 29012, 9852.23076923077, 108540011.8144, 204236286.84615386
14, 728, 2, 344, 172, 172, 172.0, 0.0, 29584.0, 0, 0, 30, 305863, 2948, 23220, 10195.433333333332, 52426515.312222235, 156373376.16666666, 14, 728, 32, 306207, 172, 23220, 9568.96875, 53871733.3132154, 146601889.15625
0, 0, 0, 0, 0, 0, 0, 0, 0, 0, 0, 0, 0, 0, 0, 0, 0, 0, 0, 0, 0, 0, 0, 0, 0, 0, 0
0, 0, 2, 314, 157, 157, 157.0, 0.0, 24649.0, 0, 0, 0, 0, 0, 0, 0, 0, 0, 0, 0, 2, 314, 157, 157, 157.0, 0.0, 24649.0
0, 0, 0, 0, 0, 0, 0, 0, 0, 0, 0, 0, 0, 0, 0, 0, 0, 0, 0, 0, 0, 0, 0, 0, 0, 0, 0
0, 0, 0, 0, 0, 0, 0, 0, 0, 0, 0, 0, 0, 0, 0, 0, 0, 0, 0, 0, 0, 0, 0, 0, 0, 0, 0
0, 0, 2, 314, 157, 157, 157.0, 0.0, 24649.0, 0, 0, 0, 0, 0, 0, 0, 0, 0, 0, 0, 2, 314, 157, 157, 157.0, 0.0, 24649.0
0, 0, 1, 195, 195, 195, 195.0, 0.0, 38025.0, 0, 0, 0, 0, 0, 0, 0, 0, 0, 0, 0, 1, 195, 195, 195, 195.0, 0.0, 38025.0
0, 0, 0, 0, 0, 0, 0, 0, 0, 0, 0, 0, 0, 0, 0, 0, 0, 0, 0, 0, 0, 0, 0, 0, 0, 0, 0
0, 0, 0, 0, 0, 0, 0, 0, 0, 0, 0, 0, 0, 0, 0, 0, 0, 0, 0, 0, 0, 0, 0, 0, 0, 0, 0
9, 468, 2, 1674, 195, 1479, 837.0, 412164.0, 1112733.0, 0, 0, 33, 417878, 2948, 23220, 12662.969696969696, 56534888.75665749, 216885690.3030303, 9, 468, 35, 419552, 195, 23220, 11987.2, 58876579.77249135, 204555807.02857143
0, 0, 1, 157, 157, 157, 157.0, 0.0, 24649.0, 0, 0, 0, 0, 0, 0, 0, 0, 0, 0, 0, 1, 157, 157, 157, 157.0, 0.0, 24649.0
1, 52, 2, 553, 91, 462, 276.5, 34410.25, 110862.5, 2, 104, 3, 296, 83, 122, 98.66666666666667, 282.88888888888886, 10018.0, 3, 156, 5, 849, 83, 462, 169.8, 14744.359375, 50355.8
0, 0, 2, 352, 157, 195, 176.0, 361.0, 31337.0, 0, 0, 0, 0, 0, 0, 0, 0, 0, 0, 0, 2, 352, 157, 195, 176.0, 361.0, 31337.0
0, 0, 0, 0, 0, 0, 0, 0, 0, 0, 0, 0, 0, 0, 0, 0, 0, 0, 0, 0, 0, 0, 0, 0, 0, 0, 0
0, 0, 1, 226, 226, 226, 226.0, 0.0, 51076.0, 0, 0, 0, 0, 0, 0, 0, 0, 0, 0, 0, 1, 226, 226, 226, 226.0, 0.0, 51076.0
11, 572, 4, 2072, 172, 1479, 518.0, 308207.5, 576531.5, 0, 0, 44, 448531, 2948, 26116, 10193.886363636364, 74502669.55526859, 178417988.75, 11, 572, 48, 450603, 172, 26116, 9387.5625, 75170398.22258978, 163597867.3125
0, 0, 0, 0, 0, 0, 0, 0, 0, 0, 0, 0, 0, 0, 0, 0, 0, 0, 0, 0, 0, 0, 0, 0, 0, 0, 0
0, 0, 1, 157, 157, 157, 157.0, 0.0, 24649.0, 0, 0, 0, 0, 0, 0, 0, 0, 0, 0, 0, 1, 157, 157, 157, 157.0, 0.0, 24649.0
0, 0, 0, 0, 0, 0, 0, 0, 0, 0, 0, 0, 0, 0, 0, 0, 0, 0, 0, 0, 0, 0, 0, 0, 0, 0, 0
0, 0, 1, 157, 157, 157, 157.0, 0.0, 24649.0, 0, 0, 0, 0, 0, 0, 0, 0, 0, 0, 0, 1, 157, 157, 157, 157.0, 0.0, 24649.0
0, 0, 0, 0, 0, 0, 0, 0, 0, 0, 0, 0, 0, 0, 0, 0, 0, 0, 0, 0, 0, 0, 0, 0, 0, 0, 0
0, 0, 0, 0, 0, 0, 0, 0, 0, 0, 0, 0, 0, 0, 0, 0, 0, 0, 0, 0, 0, 0, 0, 0, 0, 0, 0
8, 416, 2, 1651, 172, 1479, 825.5, 427062.25, 1108512.5, 0, 0, 43, 423198, 1500, 23220, 9841.813953488372, 52389546.19794484, 149250848.09302327, 8, 416, 45, 424849, 172, 23220, 9441.08888888889, 53014179.02363121, 142666744.2888889
0, 0, 0, 0, 0, 0, 0, 0, 0, 0, 0, 0, 0, 0, 0, 0, 0, 0, 0, 0, 0, 0, 0, 0, 0, 0, 0
0, 0, 0, 0, 0, 0, 0, 0, 0, 0, 0, 0, 0, 0, 0, 0, 0, 0, 0, 0, 0, 0, 0, 0, 0, 0, 0
30, 1560, 2, 1551, 172, 1379, 775.5, 364212.25, 965612.5, 0, 0, 77, 774774, 388, 29012, 10062.0, 56076270.33766234, 157320114.33766234, 30, 1560, 79, 776325, 172, 29012, 9826.898734177215, 56453467.70821005, 153361772.51898733
0, 0, 0, 0, 0, 0, 0, 0, 0, 0, 0, 0, 0, 0, 0, 0, 0, 0, 0, 0, 0, 0, 0, 0, 0, 0, 0
0, 0, 0, 0, 0, 0, 0, 0, 0, 0, 0, 0, 0, 0, 0, 0, 0, 0, 0, 0, 0, 0, 0, 0, 0, 0, 0
0, 0, 0, 0, 0, 0, 0, 0, 0, 0, 0, 0, 0, 0, 0, 0, 0, 0, 0, 0, 0, 0, 0, 0, 0, 0, 0
22, 1144, 1, 1479, 1479, 1479, 1479.0, 0.0, 2187441.0, 0, 0, 31, 421603, 2948, 23220, 13600.09677419355, 47700721.82934442, 232663354.0967742, 22, 1144, 32, 423082, 1479, 23220, 13221.3125, 49238629.54396575, 225460981.8125
0, 0, 1, 200, 200, 200, 200.0, 0.0, 40000.0, 0, 0, 0, 0, 0, 0, 0, 0, 0, 0, 0, 1, 200, 200, 200, 200.0, 0.0, 40000.0
0, 0, 0, 0, 0, 0, 0, 0, 0, 0, 0, 0, 0, 0, 0, 0, 0, 0, 0, 0, 0, 0, 0, 0, 0, 0, 0
0, 0, 0, 0, 0, 0, 0, 0, 0, 0, 0, 0, 0, 0, 0, 0, 0, 0, 0, 0, 0, 0, 0, 0, 0, 0, 0
3, 140, 2, 357, 157, 200, 178.5, 462.25, 32324.5, 1, 60, 0, 0, 0, 0, 0, 0, 0, 4, 200, 2, 357, 157, 200, 178.5, 462.25, 32324.5
0, 0, 1, 93, 93, 93, 93.0, 0.0, 8649.0, 1, 52, 0, 0, 0, 0, 0, 0, 0, 1, 52, 1, 93, 93, 93, 93.0, 0.0, 8649.0
1, 52, 1, 1132, 1132, 1132, 1132.0, 0.0, 1281424.0, 1, 52, 1, 73, 73, 73, 73.0, 0.0, 5329.0, 2, 104, 2, 1205, 73, 1132, 602.5, 249218.0, 643376.5
1, 52, 2, 357, 157, 200, 178.5, 462.25, 32324.5, 0, 0, 1, 492, 492, 492, 492.0, 0.0, 242064.0, 1, 52, 3, 849, 157, 492, 283.0, 24801.6875, 102237.66666666667
1, 52, 1, 332, 332, 332, 332.0, 0.0, 110224.0, 0, 0, 1, 100, 100, 100, 100.0, 0.0, 10000.0, 1, 52, 2, 432, 100, 332, 216.0, 11960.888888888889, 60112.0
25, 1300, 2, 1583, 104, 1479, 791.5, 472656.25, 1099128.5, 0, 0, 46, 435078, 68, 26116, 9458.217391304348, 68468255.64839317, 157926131.86956522, 25, 1300, 48, 436661, 68, 26116, 9097.104166666666, 68585665.50984609, 151391673.39583334
0, 0, 3, 476, 104, 200, 158.66666666666666, 1624.888888888889, 26800.0, 0, 0, 1, 136, 136, 136, 136.0, 0.0, 18496.0, 0, 0, 4, 612, 104, 200, 153.0, 1098.2400000000002, 24724.0
1, 52, 0, 0, 0, 0, 0, 0, 0, 1, 52, 1, 104, 104, 104, 104.0, 0.0, 10816.0, 2, 104, 1, 104, 104, 104, 104.0, 0.0, 10816.0
0, 0, 1, 195, 195, 195, 195.0, 0.0, 38025.0, 1, 52, 0, 0, 0, 0, 0, 0, 0, 1, 52, 1, 195, 195, 195, 195.0, 0.0, 38025.0
0, 0, 1, 172, 172, 172, 172.0, 0.0, 29584.0, 0, 0, 0, 0, 0, 0, 0, 0, 0, 0, 0, 1, 172, 172, 172, 172.0, 0.0, 29584.0
0, 0, 0, 0, 0, 0, 0, 0, 0, 0, 0, 0, 0, 0, 0, 0, 0, 0, 0, 0, 0, 0, 0, 0, 0, 0, 0
0, 0, 2, 352, 157, 195, 176.0, 361.0, 31337.0, 0, 0, 0, 0, 0, 0, 0, 0, 0, 0, 0, 2, 352, 157, 195, 176.0, 361.0, 31337.0
25, 1300, 1, 1479, 1479, 1479, 1479.0, 0.0, 2187441.0, 0, 0, 39, 423844, 2948, 20324, 10867.794871794871, 45877837.08612756, 163986802.46153846, 25, 1300, 40, 425323, 1479, 20324, 10633.075, 46398796.78224645, 159941818.425
0, 0, 0, 0, 0, 0, 0, 0, 0, 0, 0, 0, 0, 0, 0, 0, 0, 0, 0, 0, 0, 0, 0, 0, 0, 0, 0
0, 0, 2, 352, 157, 195, 176.0, 361.0, 31337.0, 0, 0, 0, 0, 0, 0, 0, 0, 0, 0, 0, 2, 352, 157, 195, 176.0, 361.0, 31337.0
0, 0, 0, 0, 0, 0, 0, 0, 0, 0, 0, 0, 0, 0, 0, 0, 0, 0, 0, 0, 0, 0, 0, 0, 0, 0, 0
0, 0, 0, 0, 0, 0, 0, 0, 0, 0, 0, 0, 0, 0, 0, 0, 0, 0, 0, 0, 0, 0, 0, 0, 0, 0, 0
0, 0, 4, 1376, 91, 906, 344.0, 106913.5, 225249.5, 3, 156, 1, 91, 91, 91, 91.0, 0.0, 8281.0, 3, 156, 5, 1467, 91, 906, 293.4, 85499.88888888888, 181855.8
32, 1664, 2, 1570, 91, 1479, 785.0, 481636.0, 1097861.0, 1, 52, 45, 436978, 83, 23220, 9710.622222222222, 63922008.05728395, 158218192.0, 33, 1716, 47, 438548, 83, 23220, 9330.808510638299, 64237105.32939508, 151532220.4680851
0, 0, 0, 0, 0, 0, 0, 0, 0, 0, 0, 0, 0, 0, 0, 0, 0, 0, 0, 0, 0, 0, 0, 0, 0, 0, 0
0, 0, 0, 0, 0, 0, 0, 0, 0, 0, 0, 0, 0, 0, 0, 0, 0, 0, 0, 0, 0, 0, 0, 0, 0, 0, 0
0, 0, 3, 420, 68, 195, 140.0, 2832.6666666666665, 22432.666666666668, 0, 0, 0, 0, 0, 0, 0, 0, 0, 0, 0, 3, 420, 68, 195, 140.0, 2832.6666666666665, 22432.666666666668
1, 40, 1, 226, 226, 226, 226.0, 0.0, 51076.0, 0, 0, 0, 0, 0, 0, 0, 0, 0, 1, 40, 1, 226, 226, 226, 226.0, 0.0, 51076.0
0, 0, 1, 195, 195, 195, 195.0, 0.0, 38025.0, 0, 0, 0, 0, 0, 0, 0, 0, 0, 0, 0, 1, 195, 195, 195, 195.0, 0.0, 38025.0
0, 0, 2, 225, 68, 157, 112.5, 1980.25, 14636.5, 0, 0, 0, 0, 0, 0, 0, 0, 0, 0, 0, 2, 225, 68, 157, 112.5, 1980.25, 14636.5
1, 40, 0, 0, 0, 0, 0, 0, 0, 0, 0, 0, 0, 0, 0, 0, 0, 0, 1, 40, 0, 0, 0, 0, 0, 0, 0
0, 0, 1, 195, 195, 195, 195.0, 0.0, 38025.0, 0, 0, 0, 0, 0, 0, 0, 0, 0, 0, 0, 1, 195, 195, 195, 195.0, 0.0, 38025.0
0, 0, 1, 172, 172, 172, 172.0, 0.0, 29584.0, 0, 0, 0, 0, 0, 0, 0, 0, 0, 0, 0, 1, 172, 172, 172, 172.0, 0.0, 29584.0
30, 1560, 1, 1479, 1479, 1479, 1479.0, 0.0, 2187441.0, 2, 104, 43, 432553, 2948, 17428, 10059.372093023256, 43914328.37317469, 145105295.27906978, 32, 1664, 44, 434032, 1479, 17428, 9864.363636363636, 44246078.005020484, 141857162.22727272
0, 0, 2, 367, 172, 195, 183.5, 132.25, 33804.5, 0, 0, 0, 0, 0, 0, 0, 0, 0, 0, 0, 2, 367, 172, 195, 183.5, 132.25, 33804.5
0, 0, 1, 68, 68, 68, 68.0, 0.0, 4624.0, 0, 0, 0, 0, 0, 0, 0, 0, 0, 0, 0, 1, 68, 68, 68, 68.0, 0.0, 4624.0
0, 0, 0, 0, 0, 0, 0, 0, 0, 0, 0, 0, 0, 0, 0, 0, 0, 0, 0, 0, 0, 0, 0, 0, 0, 0, 0
1, 52, 1, 157, 157, 157, 157.0, 0.0, 24649.0, 1, 52, 0, 0, 0, 0, 0, 0, 0, 2, 104, 1, 157, 157, 157, 157.0, 0.0, 24649.0
0, 0, 0, 0, 0, 0, 0, 0, 0, 0, 0, 0, 0, 0, 0, 0, 0, 0, 0, 0, 0, 0, 0, 0, 0, 0, 0
0, 0, 0, 0, 0, 0, 0, 0, 0, 0, 0, 0, 0, 0, 0, 0, 0, 0, 0, 0, 0, 0, 0, 0, 0, 0, 0
27, 1404, 2, 1636, 157, 1479, 818.0, 436921.0, 1106045.0, 0, 0, 38, 417004, 2948, 17428, 10973.78947368421, 45584990.9030471, 166009046.31578946, 27, 1404, 40, 418640, 157, 17428, 10466.0, 47004154.313609466, 157763896.25
0, 0, 0, 0, 0, 0, 0, 0, 0, 0, 0, 0, 0, 0, 0, 0, 0, 0, 0, 0, 0, 0, 0, 0, 0, 0, 0
0, 0, 0, 0, 0, 0, 0, 0, 0, 0, 0, 0, 0, 0, 0, 0, 0, 0, 0, 0, 0, 0, 0, 0, 0, 0, 0
0, 0, 0, 0, 0, 0, 0, 0, 0, 0, 0, 0, 0, 0, 0, 0, 0, 0, 0, 0, 0, 0, 0, 0, 0, 0, 0
0, 0, 0, 0, 0, 0, 0, 0, 0, 0, 0, 0, 0, 0, 0, 0, 0, 0, 0, 0, 0, 0, 0, 0, 0, 0, 0
1, 52, 0, 0, 0, 0, 0, 0, 0, 1, 52, 0, 0, 0, 0, 0, 0, 0, 2, 104, 0, 0, 0, 0, 0, 0, 0
27, 1404, 1, 1479, 1479, 1479, 1479.0, 0.0, 2187441.0, 0, 0, 44, 430466, 1500, 26116, 9783.318181818182, 79775331.58057852, 175488646.22727272, 27, 1404, 45, 431945, 1479, 26116, 9598.777777777777, 79645123.92122208, 171637508.33333334
2, 104, 2, 786, 91, 695, 393.0, 91204.0, 245653.0, 2, 104, 3, 298, 83, 124, 99.33333333333333, 314.88888888888886, 10182.0, 4, 208, 5, 1084, 83, 695, 216.8, 39207.1875, 104370.4
0, 0, 0, 0, 0, 0, 0, 0, 0, 1, 52, 0, 0, 0, 0, 0, 0, 0, 1, 52, 0, 0, 0, 0, 0, 0, 0
1, 52, 0, 0, 0, 0, 0, 0, 0, 1, 52, 0, 0, 0, 0, 0, 0, 0, 2, 104, 0, 0, 0, 0, 0, 0, 0
1, 52, 0, 0, 0, 0, 0, 0, 0, 1, 52, 0, 0, 0, 0, 0, 0, 0, 2, 104, 0, 0, 0, 0, 0, 0, 0
0, 0, 1, 195, 195, 195, 195.0, 0.0, 38025.0, 0, 0, 0, 0, 0, 0, 0, 0, 0, 0, 0, 1, 195, 195, 195, 195.0, 0.0, 38025.0
32, 1664, 1, 1379, 1379, 1379, 1379.0, 0.0, 1901641.0, 0, 0, 76, 780403, 1500, 24668, 10268.46052631579, 62307330.64317868, 167748612.22368422, 32, 1664, 77, 781782, 1379, 24668, 10153.012987012988, 62413204.439403646, 165594755.45454547
0, 0, 0, 0, 0, 0, 0, 0, 0, 0, 0, 0, 0, 0, 0, 0, 0, 0, 0, 0, 0, 0, 0, 0, 0, 0, 0
0, 0, 1, 195, 195, 195, 195.0, 0.0, 38025.0, 0, 0, 0, 0, 0, 0, 0, 0, 0, 0, 0, 1, 195, 195, 195, 195.0, 0.0, 38025.0
0, 0, 1, 1479, 1479, 1479, 1479.0, 0.0, 2187441.0, 0, 0, 0, 0, 0, 0, 0, 0, 0, 0, 0, 1, 1479, 1479, 1479, 1479.0, 0.0, 2187441.0
25, 1300, 0, 0, 0, 0, 0, 0, 0, 0, 0, 53, 430423, 2948, 20324, 8121.188679245283, 44230267.28515487, 110183972.8490566, 25, 1300, 53, 430423, 2948, 20324, 8121.188679245283, 44230267.28515487, 110183972.8490566
0, 0, 1, 195, 195, 195, 195.0, 0.0, 38025.0, 0, 0, 0, 0, 0, 0, 0, 0, 0, 0, 0, 1, 195, 195, 195, 195.0, 0.0, 38025.0
0, 0, 0, 0, 0, 0, 0, 0, 0, 0, 0, 0, 0, 0, 0, 0, 0, 0, 0, 0, 0, 0, 0, 0, 0, 0, 0
0, 0, 0, 0, 0, 0, 0, 0, 0, 0, 0, 0, 0, 0, 0, 0, 0, 0, 0, 0, 0, 0, 0, 0, 0, 0, 0
0, 0, 1, 195, 195, 195, 195.0, 0.0, 38025.0, 0, 0, 0, 0, 0, 0, 0, 0, 0, 0, 0, 1, 195, 195, 195, 195.0, 0.0, 38025.0
0, 0, 0, 0, 0, 0, 0, 0, 0, 0, 0, 0, 0, 0, 0, 0, 0, 0, 0, 0, 0, 0, 0, 0, 0, 0, 0
24, 1248, 1, 1479, 1479, 1479, 1479.0, 0.0, 2187441.0, 0, 0, 40, 423394, 1446, 23220, 10584.85, 54642432.5775, 166681482.1, 24, 1248, 41, 424873, 1446, 23220, 10362.756097560976, 54978857.40588326, 162669432.31707317
0, 0, 0, 0, 0, 0, 0, 0, 0, 0, 0, 0, 0, 0, 0, 0, 0, 0, 0, 0, 0, 0, 0, 0, 0, 0, 0
0, 0, 0, 0, 0, 0, 0, 0, 0, 0, 0, 0, 0, 0, 0, 0, 0, 0, 0, 0, 0, 0, 0, 0, 0, 0, 0
0, 0, 0, 0, 0, 0, 0, 0, 0, 0, 0, 0, 0, 0, 0, 0, 0, 0, 0, 0, 0, 0, 0, 0, 0, 0, 0
0, 0, 0, 0, 0, 0, 0, 0, 0, 0, 0, 0, 0, 0, 0, 0, 0, 0, 0, 0, 0, 0, 0, 0, 0, 0, 0
0, 0, 0, 0, 0, 0, 0, 0, 0, 0, 0, 0, 0, 0, 0, 0, 0, 0, 0, 0, 0, 0, 0, 0, 0, 0, 0
0, 0, 0, 0, 0, 0, 0, 0, 0, 0, 0, 0, 0, 0, 0, 0, 0, 0, 0, 0, 0, 0, 0, 0, 0, 0, 0
22, 1144, 1, 1479, 1479, 1479, 1479.0, 0.0, 2187441.0, 0, 0, 38, 441738, 2948, 26116, 11624.684210526315, 63633515.84764545, 198766798.84210527, 22, 1144, 39, 443217, 1479, 26116, 11364.538461538461, 64126562.27964244, 193726302.4871795
0, 0, 0, 0, 0, 0, 0, 0, 0, 0, 0, 0, 0, 0, 0, 0, 0, 0, 0, 0, 0, 0, 0, 0, 0, 0, 0
3, 164, 7, 5301, 116, 2788, 757.2857142857143, 752066.2040816329, 1325547.857142857, 2, 112, 1, 2960, 2960, 2960, 2960.0, 0.0, 8761600.0, 5, 276, 8, 8261, 116, 2960, 1032.625, 1423549.0617283953, 2255054.375
5, 260, 4, 1249, 83, 855, 312.25, 101148.6875, 198648.75, 8, 416, 6, 2763, 83, 958, 460.5, 109372.91666666667, 321433.1666666667, 13, 676, 10, 4012, 83, 958, 401.2, 111437.74609375, 272319.4
2, 104, 1, 91, 91, 91, 91.0, 0.0, 8281.0, 1, 52, 4, 1338, 91, 583, 334.5, 37706.25, 149596.5, 3, 156, 5, 1429, 91, 583, 285.8, 39372.69135802469, 121333.4
0, 0, 0, 0, 0, 0, 0, 0, 0, 0, 0, 0, 0, 0, 0, 0, 0, 0, 0, 0, 0, 0, 0, 0, 0, 0, 0
30, 1560, 1, 1480, 1480, 1480, 1480.0, 0.0, 2190400.0, 0, 0, 38, 429170, 1500, 24668, 11293.947368421053, 77718822.41828254, 205272069.57894737, 30, 1560, 39, 430650, 1480, 24668, 11042.307692307691, 77944068.06813966, 200064847.2820513
0, 0, 1, 195, 195, 195, 195.0, 0.0, 38025.0, 0, 0, 0, 0, 0, 0, 0, 0, 0, 0, 0, 1, 195, 195, 195, 195.0, 0.0, 38025.0
0, 0, 1, 195, 195, 195, 195.0, 0.0, 38025.0, 0, 0, 0, 0, 0, 0, 0, 0, 0, 0, 0, 1, 195, 195, 195, 195.0, 0.0, 38025.0
0, 0, 1, 68, 68, 68, 68.0, 0.0, 4624.0, 0, 0, 0, 0, 0, 0, 0, 0, 0, 0, 0, 1, 68, 68, 68, 68.0, 0.0, 4624.0
0, 0, 1, 195, 195, 195, 195.0, 0.0, 38025.0, 0, 0, 0, 0, 0, 0, 0, 0, 0, 0, 0, 1, 195, 195, 195, 195.0, 0.0, 38025.0
0, 0, 2, 263, 68, 195, 131.5, 4032.25, 21324.5, 0, 0, 0, 0, 0, 0, 0, 0, 0, 0, 0, 2, 263, 68, 195, 131.5, 4032.25, 21324.5
0, 0, 2, 390, 195, 195, 195.0, 0.0, 38025.0, 0, 0, 0, 0, 0, 0, 0, 0, 0, 0, 0, 2, 390, 195, 195, 195.0, 0.0, 38025.0
0, 0, 0, 0, 0, 0, 0, 0, 0, 0, 0, 0, 0, 0, 0, 0, 0, 0, 0, 0, 0, 0, 0, 0, 0, 0, 0
0, 0, 1, 195, 195, 195, 195.0, 0.0, 38025.0, 0, 0, 0, 0, 0, 0, 0, 0, 0, 0, 0, 1, 195, 195, 195, 195.0, 0.0, 38025.0
0, 0, 2, 390, 195, 195, 195.0, 0.0, 38025.0, 0, 0, 0, 0, 0, 0, 0, 0, 0, 0, 0, 2, 390, 195, 195, 195.0, 0.0, 38025.0
0, 0, 0, 0, 0, 0, 0, 0, 0, 0, 0, 0, 0, 0, 0, 0, 0, 0, 0, 0, 0, 0, 0, 0, 0, 0, 0
0, 0, 2, 263, 68, 195, 131.5, 4032.25, 21324.5, 0, 0, 0, 0, 0, 0, 0, 0, 0, 0, 0, 2, 263, 68, 195, 131.5, 4032.25, 21324.5
29, 1508, 2, 1676, 195, 1481, 838.0, 413449.0, 1115693.0, 0, 0, 35, 431625, 1500, 26116, 12332.142857142857, 58815300.80816326, 210897048.25714287, 29, 1508, 37, 433301, 195, 26116, 11710.837837837838, 60760956.3140432, 199557515.54054055
0, 0, 0, 0, 0, 0, 0, 0, 0, 0, 0, 0, 0, 0, 0, 0, 0, 0, 0, 0, 0, 0, 0, 0, 0, 0, 0
0, 0, 1, 195, 195, 195, 195.0, 0.0, 38025.0, 0, 0, 0, 0, 0, 0, 0, 0, 0, 0, 0, 1, 195, 195, 195, 195.0, 0.0, 38025.0
0, 0, 0, 0, 0, 0, 0, 0, 0, 0, 0, 0, 0, 0, 0, 0, 0, 0, 0, 0, 0, 0, 0, 0, 0, 0, 0
0, 0, 0, 0, 0, 0, 0, 0, 0, 0, 0, 0, 0, 0, 0, 0, 0, 0, 0, 0, 0, 0, 0, 0, 0, 0, 0
22, 1144, 2, 1676, 195, 1481, 838.0, 413449.0, 1115693.0, 0, 0, 43, 442828, 2948, 17428, 10298.32558139535, 45041186.40562466, 151096696.1860465, 22, 1144, 45, 444504, 195, 17428, 9877.866666666667, 46014731.46694215, 144430873.82222223
0, 0, 0, 0, 0, 0, 0, 0, 0, 0, 0, 0, 0, 0, 0, 0, 0, 0, 0, 0, 0, 0, 0, 0, 0, 0, 0
1, 40, 1, 157, 157, 157, 157.0, 0.0, 24649.0, 0, 0, 0, 0, 0, 0, 0, 0, 0, 1, 40, 1, 157, 157, 157, 157.0, 0.0, 24649.0
0, 0, 1, 195, 195, 195, 195.0, 0.0, 38025.0, 0, 0, 0, 0, 0, 0, 0, 0, 0, 0, 0, 1, 195, 195, 195, 195.0, 0.0, 38025.0
1, 40, 0, 0, 0, 0, 0, 0, 0, 0, 0, 0, 0, 0, 0, 0, 0, 0, 1, 40, 0, 0, 0, 0, 0, 0, 0
0, 0, 1, 157, 157, 157, 157.0, 0.0, 24649.0, 0, 0, 0, 0, 0, 0, 0, 0, 0, 0, 0, 1, 157, 157, 157, 157.0, 0.0, 24649.0
25, 1300, 2, 1676, 195, 1481, 838.0, 413449.0, 1115693.0, 0, 0, 38, 421296, 2948, 26116, 11086.736842105263, 68134471.66759004, 191050205.47368422, 25, 1300, 40, 422972, 195, 26116, 10574.3, 69022223.92044707, 181553479.85
0, 0, 0, 0, 0, 0, 0, 0, 0, 0, 0, 0, 0, 0, 0, 0, 0, 0, 0, 0, 0, 0, 0, 0, 0, 0, 0
0, 0, 1, 172, 172, 172, 172.0, 0.0, 29584.0, 0, 0, 0, 0, 0, 0, 0, 0, 0, 0, 0, 1, 172, 172, 172, 172.0, 0.0, 29584.0
0, 0, 1, 195, 195, 195, 195.0, 0.0, 38025.0, 0, 0, 0, 0, 0, 0, 0, 0, 0, 0, 0, 1, 195, 195, 195, 195.0, 0.0, 38025.0
0, 0, 1, 172, 172, 172, 172.0, 0.0, 29584.0, 0, 0, 0, 0, 0, 0, 0, 0, 0, 0, 0, 1, 172, 172, 172, 172.0, 0.0, 29584.0
0, 0, 1, 195, 195, 195, 195.0, 0.0, 38025.0, 0, 0, 0, 0, 0, 0, 0, 0, 0, 0, 0, 1, 195, 195, 195, 195.0, 0.0, 38025.0
23, 1196, 1, 1481, 1481, 1481, 1481.0, 0.0, 2193361.0, 0, 0, 37, 451245, 2948, 24668, 12195.81081081081, 58645818.36961285, 207383619.7027027, 23, 1196, 38, 452726, 1481, 24668, 11913.842105263158, 59374226.23715555, 201983876.0526316
4, 208, 4, 1447, 91, 1081, 361.75, 173881.6875, 304744.75, 4, 208, 4, 450, 91, 145, 112.5, 522.75, 13179.0, 8, 416, 8, 1897, 91, 1081, 237.125, 72114.74305555555, 158961.875
0, 0, 1, 195, 195, 195, 195.0, 0.0, 38025.0, 0, 0, 0, 0, 0, 0, 0, 0, 0, 0, 0, 1, 195, 195, 195, 195.0, 0.0, 38025.0
40, 2080, 1, 1379, 1379, 1379, 1379.0, 0.0, 1901641.0, 0, 0, 65, 784241, 1500, 26116, 12065.246153846154, 62131352.30863906, 207701517.06153846, 40, 2080, 66, 785620, 1379, 26116, 11903.333333333334, 62522136.89225569, 204583337.12121212
0, 0, 0, 0, 0, 0, 0, 0, 0, 0, 0, 0, 0, 0, 0, 0, 0, 0, 0, 0, 0, 0, 0, 0, 0, 0, 0
0, 0, 1, 195, 195, 195, 195.0, 0.0, 38025.0, 0, 0, 0, 0, 0, 0, 0, 0, 0, 0, 0, 1, 195, 195, 195, 195.0, 0.0, 38025.0
0, 0, 0, 0, 0, 0, 0, 0, 0, 0, 0, 0, 0, 0, 0, 0, 0, 0, 0, 0, 0, 0, 0, 0, 0, 0, 0
1, 52, 2, 558, 91, 467, 279.0, 35344.0, 113185.0, 2, 104, 3, 296, 83, 122, 98.66666666666667, 282.88888888888886, 10018.0, 3, 156, 5, 854, 83, 467, 170.8, 15145.6875, 51284.8
0, 0, 2, 390, 195, 195, 195.0, 0.0, 38025.0, 0, 0, 0, 0, 0, 0, 0, 0, 0, 0, 0, 2, 390, 195, 195, 195.0, 0.0, 38025.0
25, 1300, 1, 1481, 1481, 1481, 1481.0, 0.0, 2193361.0, 0, 0, 45, 429492, 1492, 26116, 9544.266666666666, 65751357.440000005, 156844383.64444444, 25, 1300, 46, 430973, 1481, 26116, 9368.978260869566, 65735428.29054461, 153482404.89130434
0, 0, 0, 0, 0, 0, 0, 0, 0, 0, 0, 0, 0, 0, 0, 0, 0, 0, 0, 0, 0, 0, 0, 0, 0, 0, 0
1, 40, 1, 195, 195, 195, 195.0, 0.0, 38025.0, 0, 0, 0, 0, 0, 0, 0, 0, 0, 1, 40, 1, 195, 195, 195, 195.0, 0.0, 38025.0
1, 40, 1, 195, 195, 195, 195.0, 0.0, 38025.0, 0, 0, 0, 0, 0, 0, 0, 0, 0, 1, 40, 1, 195, 195, 195, 195.0, 0.0, 38025.0
0, 0, 3, 585, 195, 195, 195.0, 0.0, 38025.0, 0, 0, 0, 0, 0, 0, 0, 0, 0, 0, 0, 3, 585, 195, 195, 195.0, 0.0, 38025.0
0, 0, 0, 0, 0, 0, 0, 0, 0, 0, 0, 0, 0, 0, 0, 0, 0, 0, 0, 0, 0, 0, 0, 0, 0, 0, 0
0, 0, 3, 585, 195, 195, 195.0, 0.0, 38025.0, 0, 0, 0, 0, 0, 0, 0, 0, 0, 0, 0, 3, 585, 195, 195, 195.0, 0.0, 38025.0
26, 1352, 4, 2066, 195, 1481, 516.5, 310086.75, 576859.0, 1, 52, 41, 427375, 1500, 26116, 10423.780487804877, 63548828.464009516, 172204028.12195122, 27, 1404, 45, 429441, 195, 26116, 9543.133333333333, 64960463.48783127, 156948279.75555557
0, 0, 0, 0, 0, 0, 0, 0, 0, 0, 0, 0, 0, 0, 0, 0, 0, 0, 0, 0, 0, 0, 0, 0, 0, 0, 0
0, 0, 3, 585, 195, 195, 195.0, 0.0, 38025.0, 0, 0, 0, 0, 0, 0, 0, 0, 0, 0, 0, 3, 585, 195, 195, 195.0, 0.0, 38025.0
0, 0, 2, 390, 195, 195, 195.0, 0.0, 38025.0, 0, 0, 0, 0, 0, 0, 0, 0, 0, 0, 0, 2, 390, 195, 195, 195.0, 0.0, 38025.0
0, 0, 0, 0, 0, 0, 0, 0, 0, 0, 0, 0, 0, 0, 0, 0, 0, 0, 0, 0, 0, 0, 0, 0, 0, 0, 0
0, 0, 5, 975, 195, 195, 195.0, 0.0, 38025.0, 0, 0, 0, 0, 0, 0, 0, 0, 0, 0, 0, 5, 975, 195, 195, 195.0, 0.0, 38025.0
0, 0, 0, 0, 0, 0, 0, 0, 0, 0, 0, 0, 0, 0, 0, 0, 0, 0, 0, 0, 0, 0, 0, 0, 0, 0, 0
25, 1300, 1, 1481, 1481, 1481, 1481.0, 0.0, 2193361.0, 0, 0, 47, 440202, 2948, 20324, 9366.0, 45237112.0, 132959068.0, 25, 1300, 48, 441683, 1481, 20324, 9201.729166666666, 45408497.87368421, 130234782.4375
0, 0, 2, 390, 195, 195, 195.0, 0.0, 38025.0, 0, 0, 0, 0, 0, 0, 0, 0, 0, 0, 0, 2, 390, 195, 195, 195.0, 0.0, 38025.0
0, 0, 1, 195, 195, 195, 195.0, 0.0, 38025.0, 0, 0, 0, 0, 0, 0, 0, 0, 0, 0, 0, 1, 195, 195, 195, 195.0, 0.0, 38025.0
1, 52, 2, 786, 91, 695, 393.0, 91204.0, 245653.0, 2, 104, 3, 298, 83, 124, 99.33333333333333, 314.88888888888886, 10182.0, 3, 156, 5, 1084, 83, 695, 216.8, 39207.1875, 104370.4
0, 0, 1, 157, 157, 157, 157.0, 0.0, 24649.0, 0, 0, 0, 0, 0, 0, 0, 0, 0, 0, 0, 1, 157, 157, 157, 157.0, 0.0, 24649.0
0, 0, 1, 195, 195, 195, 195.0, 0.0, 38025.0, 0, 0, 0, 0, 0, 0, 0, 0, 0, 0, 0, 1, 195, 195, 195, 195.0, 0.0, 38025.0
0, 0, 0, 0, 0, 0, 0, 0, 0, 0, 0, 0, 0, 0, 0, 0, 0, 0, 0, 0, 0, 0, 0, 0, 0, 0, 0
0, 0, 1, 157, 157, 157, 157.0, 0.0, 24649.0, 0, 0, 0, 0, 0, 0, 0, 0, 0, 0, 0, 1, 157, 157, 157, 157.0, 0.0, 24649.0
0, 0, 1, 195, 195, 195, 195.0, 0.0, 38025.0, 0, 0, 0, 0, 0, 0, 0, 0, 0, 0, 0, 1, 195, 195, 195, 195.0, 0.0, 38025.0
0, 0, 0, 0, 0, 0, 0, 0, 0, 0, 0, 0, 0, 0, 0, 0, 0, 0, 0, 0, 0, 0, 0, 0, 0, 0, 0
25, 1300, 3, 1848, 172, 1481, 616.0, 374200.6666666667, 753656.6666666666, 0, 0, 32, 426132, 2948, 26116, 13316.625, 72762400.109375, 250094901.5, 25, 1300, 35, 427980, 172, 26116, 12228.0, 76420386.29494321, 228722794.8
0, 0, 1, 195, 195, 195, 195.0, 0.0, 38025.0, 0, 0, 0, 0, 0, 0, 0, 0, 0, 0, 0, 1, 195, 195, 195, 195.0, 0.0, 38025.0
0, 0, 0, 0, 0, 0, 0, 0, 0, 0, 0, 0, 0, 0, 0, 0, 0, 0, 0, 0, 0, 0, 0, 0, 0, 0, 0
0, 0, 2, 367, 172, 195, 183.5, 132.25, 33804.5, 0, 0, 0, 0, 0, 0, 0, 0, 0, 0, 0, 2, 367, 172, 195, 183.5, 132.25, 33804.5
0, 0, 0, 0, 0, 0, 0, 0, 0, 0, 0, 0, 0, 0, 0, 0, 0, 0, 0, 0, 0, 0, 0, 0, 0, 0, 0
0, 0, 0, 0, 0, 0, 0, 0, 0, 0, 0, 0, 0, 0, 0, 0, 0, 0, 0, 0, 0, 0, 0, 0, 0, 0, 0
24, 1248, 3, 1833, 157, 1481, 611.0, 378690.6666666667, 752011.6666666666, 0, 0, 49, 439131, 2948, 23220, 8961.857142857143, 50670409.79591837, 130985293.24489796, 24, 1248, 52, 440964, 157, 23220, 8480.076923076924, 51186460.44975983, 123471834.6923077
0, 0, 0, 0, 0, 0, 0, 0, 0, 0, 0, 0, 0, 0, 0, 0, 0, 0, 0, 0, 0, 0, 0, 0, 0, 0, 0
0, 0, 1, 157, 157, 157, 157.0, 0.0, 24649.0, 0, 0, 0, 0, 0, 0, 0, 0, 0, 0, 0, 1, 157, 157, 157, 157.0, 0.0, 24649.0
0, 0, 1, 195, 195, 195, 195.0, 0.0, 38025.0, 0, 0, 0, 0, 0, 0, 0, 0, 0, 0, 0, 1, 195, 195, 195, 195.0, 0.0, 38025.0
0, 0, 0, 0, 0, 0, 0, 0, 0, 0, 0, 0, 0, 0, 0, 0, 0, 0, 0, 0, 0, 0, 0, 0, 0, 0, 0
0, 0, 0, 0, 0, 0, 0, 0, 0, 0, 0, 0, 0, 0, 0, 0, 0, 0, 0, 0, 0, 0, 0, 0, 0, 0, 0
22, 1144, 1, 1481, 1481, 1481, 1481.0, 0.0, 2193361.0, 0, 0, 28, 399008, 2948, 26116, 14250.285714285714, 57488669.0612245, 260559312.0, 22, 1144, 29, 400489, 1481, 26116, 13809.965517241379, 59290517.84302863, 251650141.27586207
2, 104, 0, 0, 0, 0, 0, 0, 0, 0, 0, 4, 43893, 2948, 23220, 10973.25, 60380184.6875, 180792400.25, 2, 104, 4, 43893, 2948, 23220, 10973.25, 60380184.6875, 180792400.25
0, 0, 0, 0, 0, 0, 0, 0, 0, 0, 0, 0, 0, 0, 0, 0, 0, 0, 0, 0, 0, 0, 0, 0, 0, 0, 0
0, 0, 0, 0, 0, 0, 0, 0, 0, 0, 0, 0, 0, 0, 0, 0, 0, 0, 0, 0, 0, 0, 0, 0, 0, 0, 0
0, 0, 1, 226, 226, 226, 226.0, 0.0, 51076.0, 0, 0, 0, 0, 0, 0, 0, 0, 0, 0, 0, 1, 226, 226, 226, 226.0, 0.0, 51076.0
0, 0, 0, 0, 0, 0, 0, 0, 0, 0, 0, 0, 0, 0, 0, 0, 0, 0, 0, 0, 0, 0, 0, 0, 0, 0, 0
0, 0, 0, 0, 0, 0, 0, 0, 0, 0, 0, 0, 0, 0, 0, 0, 0, 0, 0, 0, 0, 0, 0, 0, 0, 0, 0
23, 1196, 1, 1482, 1482, 1482, 1482.0, 0.0, 2196324.0, 0, 0, 37, 427700, 2948, 23220, 11559.45945945946, 71617185.00511324, 205238288.0, 23, 1196, 38, 429182, 1482, 23220, 11294.263157894737, 71998304.13795556, 199895078.42105263
0, 0, 0, 0, 0, 0, 0, 0, 0, 0, 0, 0, 0, 0, 0, 0, 0, 0, 0, 0, 0, 0, 0, 0, 0, 0, 0
2, 104, 0, 0, 0, 0, 0, 0, 0, 2, 104, 0, 0, 0, 0, 0, 0, 0, 4, 208, 0, 0, 0, 0, 0, 0, 0
0, 0, 0, 0, 0, 0, 0, 0, 0, 0, 0, 0, 0, 0, 0, 0, 0, 0, 0, 0, 0, 0, 0, 0, 0, 0, 0
0, 0, 0, 0, 0, 0, 0, 0, 0, 0, 0, 0, 0, 0, 0, 0, 0, 0, 0, 0, 0, 0, 0, 0, 0, 0, 0
0, 0, 0, 0, 0, 0, 0, 0, 0, 0, 0, 0, 0, 0, 0, 0, 0, 0, 0, 0, 0, 0, 0, 0, 0, 0, 0
24, 1248, 1, 1380, 1380, 1380, 1380.0, 0.0, 1904400.0, 0, 0, 31, 446109, 2948, 23220, 14390.612903225807, 42522859.26951094, 249612599.0, 24, 1248, 32, 447489, 1380, 23220, 13984.03125, 44492165.10204083, 241871717.78125
16, 832, 0, 0, 0, 0, 0, 0, 0, 0, 0, 26, 322025, 2948, 23220, 12385.576923076924, 52585381.85946746, 205987897.57692307, 16, 832, 26, 322025, 2948, 23220, 12385.576923076924, 52585381.85946744, 205987897.57692307
1, 52, 0, 0, 0, 0, 0, 0, 0, 1, 52, 0, 0, 0, 0, 0, 0, 0, 2, 104, 0, 0, 0, 0, 0, 0, 0
16, 832, 1, 1482, 1482, 1482, 1482.0, 0.0, 2196324.0, 0, 0, 16, 203552, 2948, 23220, 12722.0, 51762380.0, 213611664.0, 16, 832, 17, 205034, 1482, 23220, 12060.823529411764, 53906222.66299357, 201175467.52941176
10, 520, 0, 0, 0, 0, 0, 0, 0, 0, 0, 22, 230644, 2948, 17428, 10483.818181818182, 44724803.60330578, 154635247.27272728, 10, 520, 22, 230644, 2948, 17428, 10483.818181818182, 44724803.60330578, 154635247.27272728
0, 0, 0, 0, 0, 0, 0, 0, 0, 0, 0, 0, 0, 0, 0, 0, 0, 0, 0, 0, 0, 0, 0, 0, 0, 0, 0
0, 0, 0, 0, 0, 0, 0, 0, 0, 0, 0, 0, 0, 0, 0, 0, 0, 0, 0, 0, 0, 0, 0, 0, 0, 0, 0
0, 0, 0, 0, 0, 0, 0, 0, 0, 0, 0, 0, 0, 0, 0, 0, 0, 0, 0, 0, 0, 0, 0, 0, 0, 0, 0
1, 52, 0, 0, 0, 0, 0, 0, 0, 1, 52, 0, 0, 0, 0, 0, 0, 0, 2, 104, 0, 0, 0, 0, 0, 0, 0
5, 260, 1, 1482, 1482, 1482, 1482.0, 0.0, 2196324.0, 0, 0, 5, 48044, 2948, 21772, 9608.8, 68436418.55999999, 160765456.0, 5, 260, 6, 49526, 1482, 21772, 8254.333333333334, 67673180.36363636, 134337267.33333334
23, 1196, 0, 0, 0, 0, 0, 0, 0, 0, 0, 51, 392695, 1500, 17428, 7699.901960784314, 42041814.4413687, 101330304.64705883, 23, 1196, 51, 392695, 1500, 17428, 7699.901960784314, 42041814.441368714, 101330304.64705883
0, 0, 0, 0, 0, 0, 0, 0, 0, 0, 0, 0, 0, 0, 0, 0, 0, 0, 0, 0, 0, 0, 0, 0, 0, 0, 0
0, 0, 0, 0, 0, 0, 0, 0, 0, 0, 0, 0, 0, 0, 0, 0, 0, 0, 0, 0, 0, 0, 0, 0, 0, 0, 0
3, 156, 0, 0, 0, 0, 0, 0, 0, 0, 0, 0, 0, 0, 0, 0, 0, 0, 3, 156, 0, 0, 0, 0, 0, 0, 0
0, 0, 0, 0, 0, 0, 0, 0, 0, 3, 156, 0, 0, 0, 0, 0, 0, 0, 3, 156, 0, 0, 0, 0, 0, 0, 0
0, 0, 0, 0, 0, 0, 0, 0, 0, 0, 0, 0, 0, 0, 0, 0, 0, 0, 0, 0, 0, 0, 0, 0, 0, 0, 0
0, 0, 0, 0, 0, 0, 0, 0, 0, 0, 0, 0, 0, 0, 0, 0, 0, 0, 0, 0, 0, 0, 0, 0, 0, 0, 0
0, 0, 0, 0, 0, 0, 0, 0, 0, 0, 0, 0, 0, 0, 0, 0, 0, 0, 0, 0, 0, 0, 0, 0, 0, 0, 0
0, 0, 0, 0, 0, 0, 0, 0, 0, 0, 0, 0, 0, 0, 0, 0, 0, 0, 0, 0, 0, 0, 0, 0, 0, 0, 0
22, 1144, 1, 1482, 1482, 1482, 1482.0, 0.0, 2196324.0, 0, 0, 39, 428060, 2948, 26116, 10975.897435897436, 68274267.47666009, 188744592.0, 22, 1144, 40, 429542, 1482, 26116, 10738.55, 68536531.82118252, 184080885.3
0, 0, 0, 0, 0, 0, 0, 0, 0, 0, 0, 0, 0, 0, 0, 0, 0, 0, 0, 0, 0, 0, 0, 0, 0, 0, 0
0, 0, 0, 0, 0, 0, 0, 0, 0, 0, 0, 0, 0, 0, 0, 0, 0, 0, 0, 0, 0, 0, 0, 0, 0, 0, 0
0, 0, 0, 0, 0, 0, 0, 0, 0, 0, 0, 0, 0, 0, 0, 0, 0, 0, 0, 0, 0, 0, 0, 0, 0, 0, 0
0, 0, 0, 0, 0, 0, 0, 0, 0, 0, 0, 0, 0, 0, 0, 0, 0, 0, 0, 0, 0, 0, 0, 0, 0, 0, 0
27, 1404, 2, 1677, 195, 1482, 838.5, 414092.25, 1117174.5, 0, 0, 43, 450246, 1246, 23220, 10470.837209302326, 63455906.46187129, 173094338.3255814, 27, 1404, 45, 451923, 195, 23220, 10042.733333333334, 64083893.41412707, 165450908.82222223
0, 0, 0, 0, 0, 0, 0, 0, 0, 0, 0, 0, 0, 0, 0, 0, 0, 0, 0, 0, 0, 0, 0, 0, 0, 0, 0
1, 52, 4, 1063, 91, 631, 265.75, 45613.6875, 116236.75, 3, 156, 1, 91, 91, 91, 91.0, 0.0, 8281.0, 4, 208, 5, 1154, 91, 631, 230.8, 37195.25, 94645.6
4, 208, 2, 286, 91, 195, 143.0, 2704.0, 23153.0, 1, 52, 4, 411, 83, 123, 102.75, 266.1875, 10823.75, 5, 260, 6, 697, 83, 195, 116.16666666666667, 1012.96, 14933.5
0, 0, 1, 157, 157, 157, 157.0, 0.0, 24649.0, 0, 0, 0, 0, 0, 0, 0, 0, 0, 0, 0, 1, 157, 157, 157, 157.0, 0.0, 24649.0
0, 0, 1, 157, 157, 157, 157.0, 0.0, 24649.0, 0, 0, 0, 0, 0, 0, 0, 0, 0, 0, 0, 1, 157, 157, 157, 157.0, 0.0, 24649.0
0, 0, 1, 195, 195, 195, 195.0, 0.0, 38025.0, 0, 0, 0, 0, 0, 0, 0, 0, 0, 0, 0, 1, 195, 195, 195, 195.0, 0.0, 38025.0
0, 0, 2, 329, 157, 172, 164.5, 56.25, 27116.5, 0, 0, 0, 0, 0, 0, 0, 0, 0, 0, 0, 2, 329, 157, 172, 164.5, 56.25, 27116.5
0, 0, 0, 0, 0, 0, 0, 0, 0, 0, 0, 0, 0, 0, 0, 0, 0, 0, 0, 0, 0, 0, 0, 0, 0, 0, 0
23, 1196, 2, 1677, 195, 1482, 838.5, 414092.25, 1117174.5, 0, 0, 44, 434520, 780, 27564, 9875.454545454546, 72391762.61157025, 169916365.0909091, 23, 1196, 46, 436197, 195, 27564, 9482.54347826087, 72566741.83222222, 162577269.8478261
0, 0, 2, 344, 172, 172, 172.0, 0.0, 29584.0, 0, 0, 0, 0, 0, 0, 0, 0, 0, 0, 0, 2, 344, 172, 172, 172.0, 0.0, 29584.0
0, 0, 0, 0, 0, 0, 0, 0, 0, 0, 0, 0, 0, 0, 0, 0, 0, 0, 0, 0, 0, 0, 0, 0, 0, 0, 0
1, 52, 1, 200, 200, 200, 200.0, 0.0, 40000.0, 1, 52, 0, 0, 0, 0, 0, 0, 0, 2, 104, 1, 200, 200, 200, 200.0, 0.0, 40000.0
0, 0, 2, 329, 157, 172, 164.5, 56.25, 27116.5, 0, 0, 0, 0, 0, 0, 0, 0, 0, 0, 0, 2, 329, 157, 172, 164.5, 56.25, 27116.5
0, 0, 1, 200, 200, 200, 200.0, 0.0, 40000.0, 0, 0, 0, 0, 0, 0, 0, 0, 0, 0, 0, 1, 200, 200, 200, 200.0, 0.0, 40000.0
25, 1300, 2, 1639, 157, 1482, 819.5, 438906.25, 1110486.5, 0, 0, 37, 433278, 2948, 26116, 11710.216216216217, 59894868.27757486, 197024032.1081081, 25, 1300, 39, 434917, 157, 26116, 11151.71794871795, 61369354.65702908, 186977183.6153846
0, 0, 1, 157, 157, 157, 157.0, 0.0, 24649.0, 0, 0, 0, 0, 0, 0, 0, 0, 0, 0, 0, 1, 157, 157, 157, 157.0, 0.0, 24649.0
0, 0, 1, 200, 200, 200, 200.0, 0.0, 40000.0, 0, 0, 0, 0, 0, 0, 0, 0, 0, 0, 0, 1, 200, 200, 200, 200.0, 0.0, 40000.0
0, 0, 1, 157, 157, 157, 157.0, 0.0, 24649.0, 0, 0, 0, 0, 0, 0, 0, 0, 0, 0, 0, 1, 157, 157, 157, 157.0, 0.0, 24649.0
0, 0, 0, 0, 0, 0, 0, 0, 0, 0, 0, 0, 0, 0, 0, 0, 0, 0, 0, 0, 0, 0, 0, 0, 0, 0, 0
0, 0, 2, 426, 200, 226, 213.0, 169.0, 45538.0, 0, 0, 0, 0, 0, 0, 0, 0, 0, 0, 0, 2, 426, 200, 226, 213.0, 169.0, 45538.0
0, 0, 0, 0, 0, 0, 0, 0, 0, 0, 0, 0, 0, 0, 0, 0, 0, 0, 0, 0, 0, 0, 0, 0, 0, 0, 0
0, 0, 0, 0, 0, 0, 0, 0, 0, 0, 0, 0, 0, 0, 0, 0, 0, 0, 0, 0, 0, 0, 0, 0, 0, 0, 0
0, 0, 1, 226, 226, 226, 226.0, 0.0, 51076.0, 0, 0, 0, 0, 0, 0, 0, 0, 0, 0, 0, 1, 226, 226, 226, 226.0, 0.0, 51076.0
0, 0, 0, 0, 0, 0, 0, 0, 0, 0, 0, 0, 0, 0, 0, 0, 0, 0, 0, 0, 0, 0, 0, 0, 0, 0, 0
0, 0, 0, 0, 0, 0, 0, 0, 0, 0, 0, 0, 0, 0, 0, 0, 0, 0, 0, 0, 0, 0, 0, 0, 0, 0, 0
0, 0, 0, 0, 0, 0, 0, 0, 0, 0, 0, 0, 0, 0, 0, 0, 0, 0, 0, 0, 0, 0, 0, 0, 0, 0, 0
0, 0, 1, 699, 699, 699, 699.0, 0.0, 488601.0, 0, 0, 0, 0, 0, 0, 0, 0, 0, 0, 0, 1, 699, 699, 699, 699.0, 0.0, 488601.0
23, 1196, 2, 1573, 91, 1482, 786.5, 483720.25, 1102302.5, 2, 104, 61, 443674, 83, 17428, 7273.3442622950815, 43851852.12738511, 96753388.8852459, 25, 1300, 63, 445247, 83, 17428, 7067.412698412699, 43820115.36387876, 93716846.46031746
0, 0, 0, 0, 0, 0, 0, 0, 0, 0, 0, 0, 0, 0, 0, 0, 0, 0, 0, 0, 0, 0, 0, 0, 0, 0, 0
0, 0, 0, 0, 0, 0, 0, 0, 0, 0, 0, 0, 0, 0, 0, 0, 0, 0, 0, 0, 0, 0, 0, 0, 0, 0, 0
0, 0, 0, 0, 0, 0, 0, 0, 0, 0, 0, 0, 0, 0, 0, 0, 0, 0, 0, 0, 0, 0, 0, 0, 0, 0, 0
0, 0, 0, 0, 0, 0, 0, 0, 0, 0, 0, 0, 0, 0, 0, 0, 0, 0, 0, 0, 0, 0, 0, 0, 0, 0, 0
0, 0, 0, 0, 0, 0, 0, 0, 0, 0, 0, 0, 0, 0, 0, 0, 0, 0, 0, 0, 0, 0, 0, 0, 0, 0, 0
0, 0, 0, 0, 0, 0, 0, 0, 0, 0, 0, 0, 0, 0, 0, 0, 0, 0, 0, 0, 0, 0, 0, 0, 0, 0, 0
0, 0, 0, 0, 0, 0, 0, 0, 0, 0, 0, 0, 0, 0, 0, 0, 0, 0, 0, 0, 0, 0, 0, 0, 0, 0, 0
1, 52, 2, 560, 91, 469, 280.0, 35721.0, 114121.0, 2, 104, 3, 296, 83, 122, 98.66666666666667, 282.88888888888886, 10018.0, 3, 156, 5, 856, 83, 469, 171.2, 15307.75, 51659.2
0, 0, 0, 0, 0, 0, 0, 0, 0, 0, 0, 0, 0, 0, 0, 0, 0, 0, 0, 0, 0, 0, 0, 0, 0, 0, 0
0, 0, 0, 0, 0, 0, 0, 0, 0, 0, 0, 0, 0, 0, 0, 0, 0, 0, 0, 0, 0, 0, 0, 0, 0, 0, 0
0, 0, 0, 0, 0, 0, 0, 0, 0, 0, 0, 0, 0, 0, 0, 0, 0, 0, 0, 0, 0, 0, 0, 0, 0, 0, 0
0, 0, 0, 0, 0, 0, 0, 0, 0, 0, 0, 0, 0, 0, 0, 0, 0, 0, 0, 0, 0, 0, 0, 0, 0, 0, 0
0, 0, 0, 0, 0, 0, 0, 0, 0, 0, 0, 0, 0, 0, 0, 0, 0, 0, 0, 0, 0, 0, 0, 0, 0, 0, 0
22, 1144, 2, 2862, 1380, 1482, 1431.0, 2601.0, 2050362.0, 0, 0, 50, 430849, 1500, 26116, 8616.98, 54081711.85960001, 128334056.18, 22, 1144, 52, 433711, 1380, 26116, 8340.596153846154, 54013999.73894657, 123476991.01923077
17, 884, 0, 0, 0, 0, 0, 0, 0, 1, 52, 92, 777553, 1037, 23220, 8451.66304347826, 46757679.37559073, 118188287.57608695, 18, 936, 92, 777553, 1037, 23220, 8451.66304347826, 46757679.37559074, 118188287.57608695
0, 0, 0, 0, 0, 0, 0, 0, 0, 0, 0, 0, 0, 0, 0, 0, 0, 0, 0, 0, 0, 0, 0, 0, 0, 0, 0
0, 0, 0, 0, 0, 0, 0, 0, 0, 0, 0, 0, 0, 0, 0, 0, 0, 0, 0, 0, 0, 0, 0, 0, 0, 0, 0
0, 0, 0, 0, 0, 0, 0, 0, 0, 0, 0, 0, 0, 0, 0, 0, 0, 0, 0, 0, 0, 0, 0, 0, 0, 0, 0
0, 0, 0, 0, 0, 0, 0, 0, 0, 0, 0, 0, 0, 0, 0, 0, 0, 0, 0, 0, 0, 0, 0, 0, 0, 0, 0
0, 0, 0, 0, 0, 0, 0, 0, 0, 0, 0, 0, 0, 0, 0, 0, 0, 0, 0, 0, 0, 0, 0, 0, 0, 0, 0
0, 0, 0, 0, 0, 0, 0, 0, 0, 0, 0, 0, 0, 0, 0, 0, 0, 0, 0, 0, 0, 0, 0, 0, 0, 0, 0
0, 0, 0, 0, 0, 0, 0, 0, 0, 0, 0, 0, 0, 0, 0, 0, 0, 0, 0, 0, 0, 0, 0, 0, 0, 0, 0
0, 0, 0, 0, 0, 0, 0, 0, 0, 0, 0, 0, 0, 0, 0, 0, 0, 0, 0, 0, 0, 0, 0, 0, 0, 0, 0
0, 0, 1, 200, 200, 200, 200.0, 0.0, 40000.0, 0, 0, 0, 0, 0, 0, 0, 0, 0, 0, 0, 1, 200, 200, 200, 200.0, 0.0, 40000.0
0, 0, 0, 0, 0, 0, 0, 0, 0, 0, 0, 0, 0, 0, 0, 0, 0, 0, 0, 0, 0, 0, 0, 0, 0, 0, 0
0, 0, 0, 0, 0, 0, 0, 0, 0, 0, 0, 0, 0, 0, 0, 0, 0, 0, 0, 0, 0, 0, 0, 0, 0, 0, 0
0, 0, 2, 395, 195, 200, 197.5, 6.25, 39012.5, 0, 0, 0, 0, 0, 0, 0, 0, 0, 0, 0, 2, 395, 195, 200, 197.5, 6.25, 39012.5
17, 884, 2, 1677, 195, 1482, 838.5, 414092.25, 1117174.5, 1, 52, 38, 452382, 2948, 23220, 11904.78947368421, 56239863.429362886, 197963875.84210527, 18, 936, 40, 454059, 195, 23220, 11351.475, 57867989.601084806, 188121540.775
0, 0, 2, 395, 195, 200, 197.5, 6.25, 39012.5, 0, 0, 0, 0, 0, 0, 0, 0, 0, 0, 0, 2, 395, 195, 200, 197.5, 6.25, 39012.5
0, 0, 0, 0, 0, 0, 0, 0, 0, 0, 0, 0, 0, 0, 0, 0, 0, 0, 0, 0, 0, 0, 0, 0, 0, 0, 0
0, 0, 1, 195, 195, 195, 195.0, 0.0, 38025.0, 0, 0, 0, 0, 0, 0, 0, 0, 0, 0, 0, 1, 195, 195, 195, 195.0, 0.0, 38025.0
1, 52, 3, 552, 157, 200, 184.0, 368.6666666666667, 34224.666666666664, 1, 52, 0, 0, 0, 0, 0, 0, 0, 2, 104, 3, 552, 157, 200, 184.0, 368.6666666666667, 34224.666666666664
0, 0, 1, 195, 195, 195, 195.0, 0.0, 38025.0, 0, 0, 0, 0, 0, 0, 0, 0, 0, 0, 0, 1, 195, 195, 195, 195.0, 0.0, 38025.0
0, 0, 0, 0, 0, 0, 0, 0, 0, 0, 0, 0, 0, 0, 0, 0, 0, 0, 0, 0, 0, 0, 0, 0, 0, 0, 0
0, 0, 2, 352, 157, 195, 176.0, 361.0, 31337.0, 0, 0, 0, 0, 0, 0, 0, 0, 0, 0, 0, 2, 352, 157, 195, 176.0, 361.0, 31337.0
0, 0, 1, 195, 195, 195, 195.0, 0.0, 38025.0, 0, 0, 0, 0, 0, 0, 0, 0, 0, 0, 0, 1, 195, 195, 195, 195.0, 0.0, 38025.0
0, 0, 0, 0, 0, 0, 0, 0, 0, 0, 0, 0, 0, 0, 0, 0, 0, 0, 0, 0, 0, 0, 0, 0, 0, 0, 0
0, 0, 1, 172, 172, 172, 172.0, 0.0, 29584.0, 0, 0, 0, 0, 0, 0, 0, 0, 0, 0, 0, 1, 172, 172, 172, 172.0, 0.0, 29584.0
0, 0, 0, 0, 0, 0, 0, 0, 0, 0, 0, 0, 0, 0, 0, 0, 0, 0, 0, 0, 0, 0, 0, 0, 0, 0, 0
0, 0, 0, 0, 0, 0, 0, 0, 0, 0, 0, 0, 0, 0, 0, 0, 0, 0, 0, 0, 0, 0, 0, 0, 0, 0, 0
0, 0, 1, 172, 172, 172, 172.0, 0.0, 29584.0, 0, 0, 0, 0, 0, 0, 0, 0, 0, 0, 0, 1, 172, 172, 172, 172.0, 0.0, 29584.0
0, 0, 0, 0, 0, 0, 0, 0, 0, 0, 0, 0, 0, 0, 0, 0, 0, 0, 0, 0, 0, 0, 0, 0, 0, 0, 0
0, 0, 0, 0, 0, 0, 0, 0, 0, 0, 0, 0, 0, 0, 0, 0, 0, 0, 0, 0, 0, 0, 0, 0, 0, 0, 0
0, 0, 1, 157, 157, 157, 157.0, 0.0, 24649.0, 0, 0, 0, 0, 0, 0, 0, 0, 0, 0, 0, 1, 157, 157, 157, 157.0, 0.0, 24649.0
10, 520, 1, 1482, 1482, 1482, 1482.0, 0.0, 2196324.0, 1, 52, 43, 437635, 1500, 26116, 10177.558139534884, 67001586.246619776, 170584275.93023255, 11, 572, 44, 439117, 1482, 26116, 9979.931818181818, 67090575.13462809, 166757277.02272728
0, 0, 1, 157, 157, 157, 157.0, 0.0, 24649.0, 0, 0, 0, 0, 0, 0, 0, 0, 0, 0, 0, 1, 157, 157, 157, 157.0, 0.0, 24649.0
0, 0, 1, 195, 195, 195, 195.0, 0.0, 38025.0, 0, 0, 0, 0, 0, 0, 0, 0, 0, 0, 0, 1, 195, 195, 195, 195.0, 0.0, 38025.0
0, 0, 0, 0, 0, 0, 0, 0, 0, 0, 0, 0, 0, 0, 0, 0, 0, 0, 0, 0, 0, 0, 0, 0, 0, 0, 0
0, 0, 0, 0, 0, 0, 0, 0, 0, 0, 0, 0, 0, 0, 0, 0, 0, 0, 0, 0, 0, 0, 0, 0, 0, 0, 0
0, 0, 2, 395, 195, 200, 197.5, 6.25, 39012.5, 0, 0, 0, 0, 0, 0, 0, 0, 0, 0, 0, 2, 395, 195, 200, 197.5, 6.25, 39012.5
0, 0, 0, 0, 0, 0, 0, 0, 0, 0, 0, 0, 0, 0, 0, 0, 0, 0, 0, 0, 0, 0, 0, 0, 0, 0, 0
0, 0, 0, 0, 0, 0, 0, 0, 0, 0, 0, 0, 0, 0, 0, 0, 0, 0, 0, 0, 0, 0, 0, 0, 0, 0, 0
0, 0, 2, 395, 195, 200, 197.5, 6.25, 39012.5, 0, 0, 0, 0, 0, 0, 0, 0, 0, 0, 0, 2, 395, 195, 200, 197.5, 6.25, 39012.5
0, 0, 0, 0, 0, 0, 0, 0, 0, 0, 0, 0, 0, 0, 0, 0, 0, 0, 0, 0, 0, 0, 0, 0, 0, 0, 0
0, 0, 1, 195, 195, 195, 195.0, 0.0, 38025.0, 0, 0, 0, 0, 0, 0, 0, 0, 0, 0, 0, 1, 195, 195, 195, 195.0, 0.0, 38025.0
0, 0, 1, 200, 200, 200, 200.0, 0.0, 40000.0, 0, 0, 0, 0, 0, 0, 0, 0, 0, 0, 0, 1, 200, 200, 200, 200.0, 0.0, 40000.0
0, 0, 0, 0, 0, 0, 0, 0, 0, 0, 0, 0, 0, 0, 0, 0, 0, 0, 0, 0, 0, 0, 0, 0, 0, 0, 0
0, 0, 0, 0, 0, 0, 0, 0, 0, 0, 0, 0, 0, 0, 0, 0, 0, 0, 0, 0, 0, 0, 0, 0, 0, 0, 0
12, 624, 2, 1682, 200, 1482, 841.0, 410881.0, 1118162.0, 0, 0, 51, 429991, 1500, 23220, 8431.196078431372, 48560907.60861208, 119645974.92156863, 12, 624, 53, 431673, 200, 23220, 8144.773584905661, 48721545.00443787, 115173227.26415095
0, 0, 0, 0, 0, 0, 0, 0, 0, 0, 0, 0, 0, 0, 0, 0, 0, 0, 0, 0, 0, 0, 0, 0, 0, 0, 0
0, 0, 0, 0, 0, 0, 0, 0, 0, 0, 0, 0, 0, 0, 0, 0, 0, 0, 0, 0, 0, 0, 0, 0, 0, 0, 0
0, 0, 0, 0, 0, 0, 0, 0, 0, 0, 0, 0, 0, 0, 0, 0, 0, 0, 0, 0, 0, 0, 0, 0, 0, 0, 0
0, 0, 0, 0, 0, 0, 0, 0, 0, 0, 0, 0, 0, 0, 0, 0, 0, 0, 0, 0, 0, 0, 0, 0, 0, 0, 0
0, 0, 0, 0, 0, 0, 0, 0, 0, 0, 0, 0, 0, 0, 0, 0, 0, 0, 0, 0, 0, 0, 0, 0, 0, 0, 0
0, 0, 0, 0, 0, 0, 0, 0, 0, 0, 0, 0, 0, 0, 0, 0, 0, 0, 0, 0, 0, 0, 0, 0, 0, 0, 0
1, 60, 0, 0, 0, 0, 0, 0, 0, 1, 60, 0, 0, 0, 0, 0, 0, 0, 2, 120, 0, 0, 0, 0, 0, 0, 0
0, 0, 1, 93, 93, 93, 93.0, 0.0, 8649.0, 1, 52, 0, 0, 0, 0, 0, 0, 0, 1, 52, 1, 93, 93, 93, 93.0, 0.0, 8649.0
2, 92, 1, 1132, 1132, 1132, 1132.0, 0.0, 1281424.0, 1, 52, 1, 73, 73, 73, 73.0, 0.0, 5329.0, 3, 144, 2, 1205, 73, 1132, 602.5, 249218.0, 643376.5
0, 0, 0, 0, 0, 0, 0, 0, 0, 0, 0, 1, 492, 492, 492, 492.0, 0.0, 242064.0, 0, 0, 1, 492, 492, 492, 492.0, 0.0, 242064.0
4, 196, 0, 0, 0, 0, 0, 0, 0, 2, 104, 0, 0, 0, 0, 0, 0, 0, 6, 300, 0, 0, 0, 0, 0, 0, 0
1, 52, 1, 332, 332, 332, 332.0, 0.0, 110224.0, 0, 0, 1, 100, 100, 100, 100.0, 0.0, 10000.0, 1, 52, 2, 432, 100, 332, 216.0, 11960.888888888889, 60112.0
15, 780, 1, 1482, 1482, 1482, 1482.0, 0.0, 2196324.0, 0, 0, 52, 440942, 68, 17428, 8479.653846153846, 39603531.34171598, 111508060.6923077, 15, 780, 53, 442424, 68, 17428, 8347.622641509433, 39688267.28562359, 109445575.09433962
1, 52, 1, 104, 104, 104, 104.0, 0.0, 10816.0, 0, 0, 1, 104, 104, 104, 104.0, 0.0, 10816.0, 1, 52, 2, 208, 104, 104, 104.0, 0.0, 10816.0
0, 0, 1, 104, 104, 104, 104.0, 0.0, 10816.0, 0, 0, 1, 136, 136, 136, 136.0, 0.0, 18496.0, 0, 0, 2, 240, 104, 136, 120.0, 227.55555555555557, 14656.0
1, 52, 0, 0, 0, 0, 0, 0, 0, 1, 52, 1, 104, 104, 104, 104.0, 0.0, 10816.0, 2, 104, 1, 104, 104, 104, 104.0, 0.0, 10816.0
0, 0, 0, 0, 0, 0, 0, 0, 0, 1, 52, 0, 0, 0, 0, 0, 0, 0, 1, 52, 0, 0, 0, 0, 0, 0, 0
0, 0, 0, 0, 0, 0, 0, 0, 0, 0, 0, 0, 0, 0, 0, 0, 0, 0, 0, 0, 0, 0, 0, 0, 0, 0, 0
0, 0, 0, 0, 0, 0, 0, 0, 0, 0, 0, 0, 0, 0, 0, 0, 0, 0, 0, 0, 0, 0, 0, 0, 0, 0, 0
1, 40, 0, 0, 0, 0, 0, 0, 0, 0, 0, 0, 0, 0, 0, 0, 0, 0, 1, 40, 0, 0, 0, 0, 0, 0, 0
0, 0, 0, 0, 0, 0, 0, 0, 0, 0, 0, 0, 0, 0, 0, 0, 0, 0, 0, 0, 0, 0, 0, 0, 0, 0, 0
1, 52, 0, 0, 0, 0, 0, 0, 0, 1, 52, 0, 0, 0, 0, 0, 0, 0, 2, 104, 0, 0, 0, 0, 0, 0, 0
1, 40, 0, 0, 0, 0, 0, 0, 0, 0, 0, 0, 0, 0, 0, 0, 0, 0, 1, 40, 0, 0, 0, 0, 0, 0, 0
4, 208, 3, 882, 91, 700, 294.0, 82418.0, 168854.0, 3, 156, 4, 389, 83, 124, 97.25, 249.1875, 9706.75, 7, 364, 7, 1271, 83, 700, 181.57142857142858, 30336.991735537187, 77912.71428571429
0, 0, 0, 0, 0, 0, 0, 0, 0, 0, 0, 0, 0, 0, 0, 0, 0, 0, 0, 0, 0, 0, 0, 0, 0, 0, 0
0, 0, 0, 0, 0, 0, 0, 0, 0, 0, 0, 0, 0, 0, 0, 0, 0, 0, 0, 0, 0, 0, 0, 0, 0, 0, 0
0, 0, 0, 0, 0, 0, 0, 0, 0, 0, 0, 0, 0, 0, 0, 0, 0, 0, 0, 0, 0, 0, 0, 0, 0, 0, 0
3, 156, 0, 0, 0, 0, 0, 0, 0, 3, 156, 0, 0, 0, 0, 0, 0, 0, 6, 312, 0, 0, 0, 0, 0, 0, 0
0, 0, 0, 0, 0, 0, 0, 0, 0, 0, 0, 0, 0, 0, 0, 0, 0, 0, 0, 0, 0, 0, 0, 0, 0, 0, 0
10, 520, 1, 1482, 1482, 1482, 1482.0, 0.0, 2196324.0, 0, 0, 41, 433661, 1500, 26116, 10577.09756097561, 71796065.3563355, 183671058.1707317, 10, 520, 42, 435143, 1482, 26116, 10360.547619047618, 71915680.99666134, 179350231.16666666
0, 0, 0, 0, 0, 0, 0, 0, 0, 0, 0, 0, 0, 0, 0, 0, 0, 0, 0, 0, 0, 0, 0, 0, 0, 0, 0
0, 0, 0, 0, 0, 0, 0, 0, 0, 0, 0, 0, 0, 0, 0, 0, 0, 0, 0, 0, 0, 0, 0, 0, 0, 0, 0
0, 0, 0, 0, 0, 0, 0, 0, 0, 0, 0, 0, 0, 0, 0, 0, 0, 0, 0, 0, 0, 0, 0, 0, 0, 0, 0
0, 0, 0, 0, 0, 0, 0, 0, 0, 0, 0, 0, 0, 0, 0, 0, 0, 0, 0, 0, 0, 0, 0, 0, 0, 0, 0
0, 0, 0, 0, 0, 0, 0, 0, 0, 0, 0, 0, 0, 0, 0, 0, 0, 0, 0, 0, 0, 0, 0, 0, 0, 0, 0
0, 0, 0, 0, 0, 0, 0, 0, 0, 0, 0, 0, 0, 0, 0, 0, 0, 0, 0, 0, 0, 0, 0, 0, 0, 0, 0
0, 0, 0, 0, 0, 0, 0, 0, 0, 0, 0, 0, 0, 0, 0, 0, 0, 0, 0, 0, 0, 0, 0, 0, 0, 0, 0
0, 0, 0, 0, 0, 0, 0, 0, 0, 0, 0, 0, 0, 0, 0, 0, 0, 0, 0, 0, 0, 0, 0, 0, 0, 0, 0
0, 0, 1, 195, 195, 195, 195.0, 0.0, 38025.0, 0, 0, 0, 0, 0, 0, 0, 0, 0, 0, 0, 1, 195, 195, 195, 195.0, 0.0, 38025.0
0, 0, 0, 0, 0, 0, 0, 0, 0, 0, 0, 0, 0, 0, 0, 0, 0, 0, 0, 0, 0, 0, 0, 0, 0, 0, 0
0, 0, 0, 0, 0, 0, 0, 0, 0, 0, 0, 0, 0, 0, 0, 0, 0, 0, 0, 0, 0, 0, 0, 0, 0, 0, 0
0, 0, 1, 195, 195, 195, 195.0, 0.0, 38025.0, 0, 0, 0, 0, 0, 0, 0, 0, 0, 0, 0, 1, 195, 195, 195, 195.0, 0.0, 38025.0
14, 728, 1, 1482, 1482, 1482, 1482.0, 0.0, 2196324.0, 0, 0, 47, 439094, 1384, 26116, 9342.425531914894, 54591680.6699864, 141872595.4893617, 14, 728, 48, 440576, 1384, 26116, 9178.666666666666, 54660567.26869806, 138962673.16666666
0, 0, 1, 195, 195, 195, 195.0, 0.0, 38025.0, 0, 0, 0, 0, 0, 0, 0, 0, 0, 0, 0, 1, 195, 195, 195, 195.0, 0.0, 38025.0
0, 0, 1, 195, 195, 195, 195.0, 0.0, 38025.0, 0, 0, 0, 0, 0, 0, 0, 0, 0, 0, 0, 1, 195, 195, 195, 195.0, 0.0, 38025.0
0, 0, 1, 195, 195, 195, 195.0, 0.0, 38025.0, 0, 0, 0, 0, 0, 0, 0, 0, 0, 0, 0, 1, 195, 195, 195, 195.0, 0.0, 38025.0
0, 0, 0, 0, 0, 0, 0, 0, 0, 0, 0, 0, 0, 0, 0, 0, 0, 0, 0, 0, 0, 0, 0, 0, 0, 0, 0
0, 0, 1, 195, 195, 195, 195.0, 0.0, 38025.0, 0, 0, 0, 0, 0, 0, 0, 0, 0, 0, 0, 1, 195, 195, 195, 195.0, 0.0, 38025.0
0, 0, 1, 195, 195, 195, 195.0, 0.0, 38025.0, 0, 0, 0, 0, 0, 0, 0, 0, 0, 0, 0, 1, 195, 195, 195, 195.0, 0.0, 38025.0
1, 52, 0, 0, 0, 0, 0, 0, 0, 1, 52, 0, 0, 0, 0, 0, 0, 0, 2, 104, 0, 0, 0, 0, 0, 0, 0
0, 0, 0, 0, 0, 0, 0, 0, 0, 0, 0, 0, 0, 0, 0, 0, 0, 0, 0, 0, 0, 0, 0, 0, 0, 0, 0
0, 0, 1, 195, 195, 195, 195.0, 0.0, 38025.0, 0, 0, 0, 0, 0, 0, 0, 0, 0, 0, 0, 1, 195, 195, 195, 195.0, 0.0, 38025.0
0, 0, 0, 0, 0, 0, 0, 0, 0, 0, 0, 0, 0, 0, 0, 0, 0, 0, 0, 0, 0, 0, 0, 0, 0, 0, 0
0, 0, 1, 68, 68, 68, 68.0, 0.0, 4624.0, 0, 0, 0, 0, 0, 0, 0, 0, 0, 0, 0, 1, 68, 68, 68, 68.0, 0.0, 4624.0
0, 0, 0, 0, 0, 0, 0, 0, 0, 0, 0, 0, 0, 0, 0, 0, 0, 0, 0, 0, 0, 0, 0, 0, 0, 0, 0
0, 0, 0, 0, 0, 0, 0, 0, 0, 0, 0, 0, 0, 0, 0, 0, 0, 0, 0, 0, 0, 0, 0, 0, 0, 0, 0
0, 0, 1, 68, 68, 68, 68.0, 0.0, 4624.0, 0, 0, 0, 0, 0, 0, 0, 0, 0, 0, 0, 1, 68, 68, 68, 68.0, 0.0, 4624.0
0, 0, 0, 0, 0, 0, 0, 0, 0, 0, 0, 0, 0, 0, 0, 0, 0, 0, 0, 0, 0, 0, 0, 0, 0, 0, 0
0, 0, 0, 0, 0, 0, 0, 0, 0, 0, 0, 0, 0, 0, 0, 0, 0, 0, 0, 0, 0, 0, 0, 0, 0, 0, 0
15, 780, 4, 2132, 91, 1482, 533.0, 323888.5, 607977.5, 3, 156, 42, 446989, 83, 21772, 10642.595238095239, 62758235.24092969, 176023068.64285713, 18, 936, 46, 449121, 83, 21772, 9763.5, 64354777.81353306, 160769582.45652175
0, 0, 0, 0, 0, 0, 0, 0, 0, 0, 0, 0, 0, 0, 0, 0, 0, 0, 0, 0, 0, 0, 0, 0, 0, 0, 0
0, 0, 1, 68, 68, 68, 68.0, 0.0, 4624.0, 0, 0, 0, 0, 0, 0, 0, 0, 0, 0, 0, 1, 68, 68, 68, 68.0, 0.0, 4624.0
0, 0, 1, 200, 200, 200, 200.0, 0.0, 40000.0, 0, 0, 0, 0, 0, 0, 0, 0, 0, 0, 0, 1, 200, 200, 200, 200.0, 0.0, 40000.0
0, 0, 0, 0, 0, 0, 0, 0, 0, 0, 0, 0, 0, 0, 0, 0, 0, 0, 0, 0, 0, 0, 0, 0, 0, 0, 0
0, 0, 0, 0, 0, 0, 0, 0, 0, 0, 0, 0, 0, 0, 0, 0, 0, 0, 0, 0, 0, 0, 0, 0, 0, 0, 0
0, 0, 1, 200, 200, 200, 200.0, 0.0, 40000.0, 0, 0, 0, 0, 0, 0, 0, 0, 0, 0, 0, 1, 200, 200, 200, 200.0, 0.0, 40000.0
0, 0, 0, 0, 0, 0, 0, 0, 0, 0, 0, 0, 0, 0, 0, 0, 0, 0, 0, 0, 0, 0, 0, 0, 0, 0, 0
0, 0, 1, 200, 200, 200, 200.0, 0.0, 40000.0, 0, 0, 0, 0, 0, 0, 0, 0, 0, 0, 0, 1, 200, 200, 200, 200.0, 0.0, 40000.0
26, 1352, 1, 1380, 1380, 1380, 1380.0, 0.0, 1904400.0, 0, 0, 69, 787116, 1500, 20324, 11407.478260869566, 45869643.09010712, 176000203.36231884, 26, 1352, 70, 788496, 1380, 20324, 11264.228571428572, 46257825.05833031, 173513120.45714286
0, 0, 0, 0, 0, 0, 0, 0, 0, 0, 0, 0, 0, 0, 0, 0, 0, 0, 0, 0, 0, 0, 0, 0, 0, 0, 0
0, 0, 1, 200, 200, 200, 200.0, 0.0, 40000.0, 0, 0, 0, 0, 0, 0, 0, 0, 0, 0, 0, 1, 200, 200, 200, 200.0, 0.0, 40000.0
10, 520, 1, 1482, 1482, 1482, 1482.0, 0.0, 2196324.0, 0, 0, 44, 434035, 2948, 23220, 9864.431818181818, 57126805.29080577, 154433820.38636363, 10, 520, 45, 435517, 1482, 23220, 9678.155555555555, 57265556.54563818, 151050764.91111112
0, 0, 0, 0, 0, 0, 0, 0, 0, 0, 0, 0, 0, 0, 0, 0, 0, 0, 0, 0, 0, 0, 0, 0, 0, 0, 0
0, 0, 1, 195, 195, 195, 195.0, 0.0, 38025.0, 0, 0, 0, 0, 0, 0, 0, 0, 0, 0, 0, 1, 195, 195, 195, 195.0, 0.0, 38025.0
0, 0, 0, 0, 0, 0, 0, 0, 0, 0, 0, 0, 0, 0, 0, 0, 0, 0, 0, 0, 0, 0, 0, 0, 0, 0, 0
0, 0, 0, 0, 0, 0, 0, 0, 0, 0, 0, 0, 0, 0, 0, 0, 0, 0, 0, 0, 0, 0, 0, 0, 0, 0, 0
0, 0, 1, 195, 195, 195, 195.0, 0.0, 38025.0, 0, 0, 0, 0, 0, 0, 0, 0, 0, 0, 0, 1, 195, 195, 195, 195.0, 0.0, 38025.0
0, 0, 0, 0, 0, 0, 0, 0, 0, 0, 0, 0, 0, 0, 0, 0, 0, 0, 0, 0, 0, 0, 0, 0, 0, 0, 0
0, 0, 0, 0, 0, 0, 0, 0, 0, 0, 0, 0, 0, 0, 0, 0, 0, 0, 0, 0, 0, 0, 0, 0, 0, 0, 0
0, 0, 1, 195, 195, 195, 195.0, 0.0, 38025.0, 0, 0, 0, 0, 0, 0, 0, 0, 0, 0, 0, 1, 195, 195, 195, 195.0, 0.0, 38025.0
0, 0, 0, 0, 0, 0, 0, 0, 0, 0, 0, 0, 0, 0, 0, 0, 0, 0, 0, 0, 0, 0, 0, 0, 0, 0, 0
0, 0, 1, 195, 195, 195, 195.0, 0.0, 38025.0, 0, 0, 0, 0, 0, 0, 0, 0, 0, 0, 0, 1, 195, 195, 195, 195.0, 0.0, 38025.0
0, 0, 0, 0, 0, 0, 0, 0, 0, 0, 0, 0, 0, 0, 0, 0, 0, 0, 0, 0, 0, 0, 0, 0, 0, 0, 0
0, 0, 0, 0, 0, 0, 0, 0, 0, 0, 0, 0, 0, 0, 0, 0, 0, 0, 0, 0, 0, 0, 0, 0, 0, 0, 0
0, 0, 0, 0, 0, 0, 0, 0, 0, 0, 0, 0, 0, 0, 0, 0, 0, 0, 0, 0, 0, 0, 0, 0, 0, 0, 0
0, 0, 1, 195, 195, 195, 195.0, 0.0, 38025.0, 0, 0, 0, 0, 0, 0, 0, 0, 0, 0, 0, 1, 195, 195, 195, 195.0, 0.0, 38025.0
0, 0, 0, 0, 0, 0, 0, 0, 0, 0, 0, 0, 0, 0, 0, 0, 0, 0, 0, 0, 0, 0, 0, 0, 0, 0, 0
0, 0, 0, 0, 0, 0, 0, 0, 0, 0, 0, 0, 0, 0, 0, 0, 0, 0, 0, 0, 0, 0, 0, 0, 0, 0, 0
12, 624, 2, 1677, 195, 1482, 838.5, 414092.25, 1117174.5, 0, 0, 37, 437648, 2948, 23220, 11828.324324324325, 55923539.354273185, 195832795.6756757, 12, 624, 39, 439325, 195, 23220, 11264.74358974359, 57557446.44650278, 185847379.2051282
0, 0, 0, 0, 0, 0, 0, 0, 0, 0, 0, 0, 0, 0, 0, 0, 0, 0, 0, 0, 0, 0, 0, 0, 0, 0, 0
0, 0, 1, 195, 195, 195, 195.0, 0.0, 38025.0, 0, 0, 0, 0, 0, 0, 0, 0, 0, 0, 0, 1, 195, 195, 195, 195.0, 0.0, 38025.0
0, 0, 0, 0, 0, 0, 0, 0, 0, 0, 0, 0, 0, 0, 0, 0, 0, 0, 0, 0, 0, 0, 0, 0, 0, 0, 0
0, 0, 0, 0, 0, 0, 0, 0, 0, 0, 0, 0, 0, 0, 0, 0, 0, 0, 0, 0, 0, 0, 0, 0, 0, 0, 0
0, 0, 1, 195, 195, 195, 195.0, 0.0, 38025.0, 0, 0, 0, 0, 0, 0, 0, 0, 0, 0, 0, 1, 195, 195, 195, 195.0, 0.0, 38025.0
0, 0, 0, 0, 0, 0, 0, 0, 0, 0, 0, 0, 0, 0, 0, 0, 0, 0, 0, 0, 0, 0, 0, 0, 0, 0, 0
0, 0, 0, 0, 0, 0, 0, 0, 0, 0, 0, 0, 0, 0, 0, 0, 0, 0, 0, 0, 0, 0, 0, 0, 0, 0, 0
0, 0, 0, 0, 0, 0, 0, 0, 0, 0, 0, 0, 0, 0, 0, 0, 0, 0, 0, 0, 0, 0, 0, 0, 0, 0, 0
0, 0, 0, 0, 0, 0, 0, 0, 0, 0, 0, 0, 0, 0, 0, 0, 0, 0, 0, 0, 0, 0, 0, 0, 0, 0, 0
0, 0, 0, 0, 0, 0, 0, 0, 0, 0, 0, 0, 0, 0, 0, 0, 0, 0, 0, 0, 0, 0, 0, 0, 0, 0, 0
0, 0, 0, 0, 0, 0, 0, 0, 0, 0, 0, 0, 0, 0, 0, 0, 0, 0, 0, 0, 0, 0, 0, 0, 0, 0, 0
0, 0, 0, 0, 0, 0, 0, 0, 0, 0, 0, 0, 0, 0, 0, 0, 0, 0, 0, 0, 0, 0, 0, 0, 0, 0, 0
13, 676, 1, 1482, 1482, 1482, 1482.0, 0.0, 2196324.0, 0, 0, 41, 446581, 2948, 23220, 10892.219512195123, 56773930.903033905, 175414376.80487806, 13, 676, 42, 448063, 1482, 23220, 10668.166666666666, 57143947.842938006, 171290137.45238096
0, 0, 0, 0, 0, 0, 0, 0, 0, 0, 0, 0, 0, 0, 0, 0, 0, 0, 0, 0, 0, 0, 0, 0, 0, 0, 0
0, 0, 0, 0, 0, 0, 0, 0, 0, 0, 0, 0, 0, 0, 0, 0, 0, 0, 0, 0, 0, 0, 0, 0, 0, 0, 0
0, 0, 0, 0, 0, 0, 0, 0, 0, 0, 0, 0, 0, 0, 0, 0, 0, 0, 0, 0, 0, 0, 0, 0, 0, 0, 0
0, 0, 0, 0, 0, 0, 0, 0, 0, 0, 0, 0, 0, 0, 0, 0, 0, 0, 0, 0, 0, 0, 0, 0, 0, 0, 0
4, 208, 3, 883, 91, 701, 294.3333333333333, 82688.88888888889, 169321.0, 3, 156, 4, 389, 83, 124, 97.25, 249.1875, 9706.75, 7, 364, 7, 1272, 83, 701, 181.71428571428572, 30436.909090909092, 78112.85714285714
0, 0, 0, 0, 0, 0, 0, 0, 0, 0, 0, 0, 0, 0, 0, 0, 0, 0, 0, 0, 0, 0, 0, 0, 0, 0, 0
0, 0, 0, 0, 0, 0, 0, 0, 0, 0, 0, 0, 0, 0, 0, 0, 0, 0, 0, 0, 0, 0, 0, 0, 0, 0, 0
0, 0, 0, 0, 0, 0, 0, 0, 0, 0, 0, 0, 0, 0, 0, 0, 0, 0, 0, 0, 0, 0, 0, 0, 0, 0, 0
0, 0, 0, 0, 0, 0, 0, 0, 0, 0, 0, 0, 0, 0, 0, 0, 0, 0, 0, 0, 0, 0, 0, 0, 0, 0, 0
0, 0, 0, 0, 0, 0, 0, 0, 0, 0, 0, 0, 0, 0, 0, 0, 0, 0, 0, 0, 0, 0, 0, 0, 0, 0, 0
0, 0, 0, 0, 0, 0, 0, 0, 0, 0, 0, 0, 0, 0, 0, 0, 0, 0, 0, 0, 0, 0, 0, 0, 0, 0, 0
0, 0, 0, 0, 0, 0, 0, 0, 0, 0, 0, 0, 0, 0, 0, 0, 0, 0, 0, 0, 0, 0, 0, 0, 0, 0, 0
0, 0, 0, 0, 0, 0, 0, 0, 0, 0, 0, 0, 0, 0, 0, 0, 0, 0, 0, 0, 0, 0, 0, 0, 0, 0, 0
0, 0, 0, 0, 0, 0, 0, 0, 0, 0, 0, 0, 0, 0, 0, 0, 0, 0, 0, 0, 0, 0, 0, 0, 0, 0, 0
0, 0, 0, 0, 0, 0, 0, 0, 0, 0, 0, 0, 0, 0, 0, 0, 0, 0, 0, 0, 0, 0, 0, 0, 0, 0, 0
0, 0, 0, 0, 0, 0, 0, 0, 0, 0, 0, 0, 0, 0, 0, 0, 0, 0, 0, 0, 0, 0, 0, 0, 0, 0, 0
18, 936, 1, 1482, 1482, 1482, 1482.0, 0.0, 2196324.0, 0, 0, 39, 434376, 2948, 26116, 11137.846153846154, 57036672.694280066, 181088289.64102563, 18, 936, 40, 435858, 1482, 26116, 10896.45, 57479944.81781765, 176615990.5
0, 0, 0, 0, 0, 0, 0, 0, 0, 0, 0, 0, 0, 0, 0, 0, 0, 0, 0, 0, 0, 0, 0, 0, 0, 0, 0
0, 0, 0, 0, 0, 0, 0, 0, 0, 0, 0, 0, 0, 0, 0, 0, 0, 0, 0, 0, 0, 0, 0, 0, 0, 0, 0
0, 0, 0, 0, 0, 0, 0, 0, 0, 0, 0, 0, 0, 0, 0, 0, 0, 0, 0, 0, 0, 0, 0, 0, 0, 0, 0
0, 0, 0, 0, 0, 0, 0, 0, 0, 0, 0, 0, 0, 0, 0, 0, 0, 0, 0, 0, 0, 0, 0, 0, 0, 0, 0
0, 0, 0, 0, 0, 0, 0, 0, 0, 0, 0, 0, 0, 0, 0, 0, 0, 0, 0, 0, 0, 0, 0, 0, 0, 0, 0
0, 0, 0, 0, 0, 0, 0, 0, 0, 0, 0, 0, 0, 0, 0, 0, 0, 0, 0, 0, 0, 0, 0, 0, 0, 0, 0
0, 0, 0, 0, 0, 0, 0, 0, 0, 0, 0, 0, 0, 0, 0, 0, 0, 0, 0, 0, 0, 0, 0, 0, 0, 0, 0
0, 0, 0, 0, 0, 0, 0, 0, 0, 0, 0, 0, 0, 0, 0, 0, 0, 0, 0, 0, 0, 0, 0, 0, 0, 0, 0
0, 0, 0, 0, 0, 0, 0, 0, 0, 0, 0, 0, 0, 0, 0, 0, 0, 0, 0, 0, 0, 0, 0, 0, 0, 0, 0
0, 0, 0, 0, 0, 0, 0, 0, 0, 0, 0, 0, 0, 0, 0, 0, 0, 0, 0, 0, 0, 0, 0, 0, 0, 0, 0
0, 0, 0, 0, 0, 0, 0, 0, 0, 0, 0, 0, 0, 0, 0, 0, 0, 0, 0, 0, 0, 0, 0, 0, 0, 0, 0
13, 676, 1, 1482, 1482, 1482, 1482.0, 0.0, 2196324.0, 0, 0, 38, 454093, 2948, 17428, 11949.815789473685, 39216179.25554016, 182014276.65789473, 13, 676, 39, 455575, 1482, 17428, 11681.410256410256, 40111451.12599088, 177403559.92307693
