addr1_packet_ctrl, addr1_bytes_ctrl, addr1_packet, addr1_bytes, addr1_pkt_len_min, addr1_pkt_len_max, addr1_pkt_len_avg,addr1_pkt_len_var, addr1_pkt_len_mom2, addr2_packet_ctrl, addr2_bytes_ctrl, addr2_packet, addr2_bytes, addr2_pkt_len_min, addr2_pkt_len_max, addr2_pkt_len_avg,addr2_pkt_len_var, addr2_pkt_len_mom2, addra_packet_ctrl, addra_bytes_ctrl, addra_packet, addra_bytes, addra_pkt_len_min, addra_pkt_len_max, addra_pkt_len_avg,addra_pkt_len_var, addra_pkt_len_mom2 
0, 0, 1, 200, 200, 200, 200.0, 0.0, 40000.0, 0, 0, 0, 0, 0, 0, 0, 0, 0, 0, 0, 1, 200, 200, 200, 200.0, 0.0, 40000.0
0, 0, 1, 195, 195, 195, 195.0, 0.0, 38025.0, 0, 0, 0, 0, 0, 0, 0, 0, 0, 0, 0, 1, 195, 195, 195, 195.0, 0.0, 38025.0
0, 0, 1, 195, 195, 195, 195.0, 0.0, 38025.0, 0, 0, 0, 0, 0, 0, 0, 0, 0, 0, 0, 1, 195, 195, 195, 195.0, 0.0, 38025.0
0, 0, 1, 200, 200, 200, 200.0, 0.0, 40000.0, 0, 0, 0, 0, 0, 0, 0, 0, 0, 0, 0, 1, 200, 200, 200, 200.0, 0.0, 40000.0
0, 0, 1, 195, 195, 195, 195.0, 0.0, 38025.0, 0, 0, 0, 0, 0, 0, 0, 0, 0, 0, 0, 1, 195, 195, 195, 195.0, 0.0, 38025.0
0, 0, 1, 195, 195, 195, 195.0, 0.0, 38025.0, 0, 0, 0, 0, 0, 0, 0, 0, 0, 0, 0, 1, 195, 195, 195, 195.0, 0.0, 38025.0
0, 0, 2, 395, 195, 200, 197.5, 6.25, 39012.5, 0, 0, 0, 0, 0, 0, 0, 0, 0, 0, 0, 2, 395, 195, 200, 197.5, 6.25, 39012.5
0, 0, 0, 0, 0, 0, 0, 0, 0, 0, 0, 0, 0, 0, 0, 0, 0, 0, 0, 0, 0, 0, 0, 0, 0, 0, 0
4, 224, 5, 1733, 195, 569, 346.6, 32977.84, 153109.4, 4, 224, 0, 0, 0, 0, 0, 0, 0, 8, 448, 5, 1733, 195, 569, 346.6, 32977.840000000004, 153109.4
22, 1144, 19, 3057, 83, 599, 160.89473684210526, 17174.620498614957, 43061.73684210526, 16, 832, 35, 52927, 83, 5724, 1512.2, 3383313.9314285717, 5670062.771428571, 38, 1976, 54, 55984, 83, 5724, 1036.7407407407406, 2971304.449185709, 3690192.037037037
7, 380, 9, 2190, 74, 569, 243.33333333333334, 41528.444444444445, 100739.55555555556, 8, 432, 7, 8256, 83, 3832, 1179.4285714285713, 1893597.102040816, 3284648.8571428573, 15, 812, 16, 10446, 74, 3832, 652.875, 1377590.2003780717, 1493699.875
21, 1092, 1, 200, 200, 200, 200.0, 0.0, 40000.0, 1, 52, 20, 44788, 167, 5724, 2239.4, 2779364.34, 7794276.7, 22, 1144, 21, 44988, 167, 5724, 2142.285714285714, 2810543.493158834, 7425025.428571428
0, 0, 0, 0, 0, 0, 0, 0, 0, 0, 0, 0, 0, 0, 0, 0, 0, 0, 0, 0, 0, 0, 0, 0, 0, 0, 0
9, 468, 1, 91, 91, 91, 91.0, 0.0, 8281.0, 1, 52, 9, 22785, 200, 5724, 2531.6666666666665, 2529117.777777778, 8938453.888888888, 10, 520, 10, 22876, 91, 5724, 2287.6, 2693023.955678671, 8045436.6
0, 0, 1, 200, 200, 200, 200.0, 0.0, 40000.0, 0, 0, 0, 0, 0, 0, 0, 0, 0, 0, 0, 1, 200, 200, 200, 200.0, 0.0, 40000.0
5, 284, 1, 68, 68, 68, 68.0, 0.0, 4624.0, 2, 120, 1, 84, 84, 84, 84.0, 0.0, 7056.0, 7, 404, 2, 152, 68, 84, 76.0, 56.88888888888889, 5840.0
67, 3484, 16, 7596, 83, 1532, 474.75, 194907.1875, 420294.75, 13, 684, 70, 304483, 83, 10188, 4349.757142857143, 6673817.498163265, 25594204.7, 80, 4168, 86, 312079, 83, 10188, 3628.8255813953488, 7391427.781886917, 20910686.56976744
32, 1664, 5, 3389, 91, 1521, 677.8, 413160.56, 872573.4, 3, 156, 42, 296638, 240, 20324, 7062.809523809524, 36594830.34467121, 86478108.71428572, 35, 1820, 47, 300027, 91, 20324, 6383.553191489362, 36723837.10213357, 77371136.87234043
0, 0, 0, 0, 0, 0, 0, 0, 0, 0, 0, 0, 0, 0, 0, 0, 0, 0, 0, 0, 0, 0, 0, 0, 0, 0, 0
40, 2080, 2, 2925, 1404, 1521, 1462.5, 3422.25, 2142328.5, 2, 104, 48, 405107, 1500, 26116, 8439.729166666666, 46860726.11414931, 118089754.52083333, 42, 2184, 50, 408032, 1404, 26116, 8160.64, 46877683.63150771, 113451857.48
47, 2444, 3, 3191, 195, 1503, 1063.6666666666667, 377307.5555555555, 1508694.3333333333, 2, 104, 49, 490759, 163, 26116, 10015.489795918367, 76254696.08663055, 176564731.9387755, 49, 2548, 52, 493950, 163, 26116, 9499.038461538461, 76310463.33026174, 166465345.15384614
39, 2040, 3, 2396, 91, 1504, 798.6666666666666, 332764.22222222225, 970632.6666666666, 3, 156, 69, 780674, 83, 26116, 11314.115942028986, 54171863.145977736, 182181082.6956522, 42, 2196, 72, 783070, 83, 26116, 10875.972222222223, 55328946.59091594, 174630647.2777778
0, 0, 0, 0, 0, 0, 0, 0, 0, 0, 0, 0, 0, 0, 0, 0, 0, 0, 0, 0, 0, 0, 0, 0, 0, 0, 0
0, 0, 3, 447, 91, 195, 149.0, 1874.6666666666667, 24075.666666666668, 2, 104, 1, 131, 131, 131, 131.0, 0.0, 17161.0, 2, 104, 4, 578, 91, 195, 144.5, 1202.56, 22347.0
2, 80, 2, 136, 68, 68, 68.0, 0.0, 4624.0, 0, 0, 0, 0, 0, 0, 0, 0, 0, 2, 80, 2, 136, 68, 68, 68.0, 0.0, 4624.0
26, 1352, 1, 1387, 1387, 1387, 1387.0, 0.0, 1923769.0, 0, 0, 51, 435118, 2948, 20324, 8531.725490196079, 47280984.473663986, 120071324.31372549, 26, 1352, 52, 436505, 1387, 20324, 8394.326923076924, 47312737.0457159, 117799255.9423077
0, 0, 2, 263, 68, 195, 131.5, 4032.25, 21324.5, 0, 0, 0, 0, 0, 0, 0, 0, 0, 0, 0, 2, 263, 68, 195, 131.5, 4032.25, 21324.5
0, 0, 1, 68, 68, 68, 68.0, 0.0, 4624.0, 0, 0, 0, 0, 0, 0, 0, 0, 0, 0, 0, 1, 68, 68, 68, 68.0, 0.0, 4624.0
2, 104, 6, 879, 87, 230, 146.5, 3417.9166666666665, 24880.166666666668, 4, 208, 5, 688, 83, 183, 137.6, 1766.2400000000002, 20700.0, 6, 312, 11, 1567, 83, 230, 142.45454545454547, 2404.18359375, 22980.090909090908
6, 320, 11, 3229, 83, 762, 293.54545454545456, 56780.61157024794, 142949.54545454544, 11, 580, 10, 4727, 83, 2695, 472.7, 596973.81, 820419.1, 17, 900, 21, 7956, 83, 2695, 378.85714285714283, 412640.11238293455, 465554.09523809527
6, 312, 2, 182, 91, 91, 91.0, 0.0, 8281.0, 3, 156, 7, 1144, 83, 539, 163.42857142857142, 23849.673469387755, 50558.57142857143, 9, 468, 9, 1326, 83, 539, 147.33333333333334, 21442.234375, 41163.555555555555
25, 1300, 1, 1506, 1506, 1506, 1506.0, 0.0, 2268036.0, 1, 52, 37, 389937, 2948, 23220, 10538.837837837838, 58269422.46018991, 169336525.43243244, 26, 1352, 38, 391443, 1506, 23220, 10301.131578947368, 58565887.01333332, 164939986.2368421
0, 0, 2, 136, 68, 68, 68.0, 0.0, 4624.0, 0, 0, 0, 0, 0, 0, 0, 0, 0, 0, 0, 2, 136, 68, 68, 68.0, 0.0, 4624.0
1, 52, 2, 548, 91, 457, 274.0, 33489.0, 108565.0, 2, 104, 3, 296, 83, 122, 98.66666666666667, 282.88888888888886, 10018.0, 3, 156, 5, 844, 83, 457, 168.8, 14348.5, 49436.8
0, 0, 0, 0, 0, 0, 0, 0, 0, 0, 0, 0, 0, 0, 0, 0, 0, 0, 0, 0, 0, 0, 0, 0, 0, 0, 0
0, 0, 0, 0, 0, 0, 0, 0, 0, 0, 0, 0, 0, 0, 0, 0, 0, 0, 0, 0, 0, 0, 0, 0, 0, 0, 0
0, 0, 0, 0, 0, 0, 0, 0, 0, 0, 0, 0, 0, 0, 0, 0, 0, 0, 0, 0, 0, 0, 0, 0, 0, 0, 0
0, 0, 0, 0, 0, 0, 0, 0, 0, 0, 0, 0, 0, 0, 0, 0, 0, 0, 0, 0, 0, 0, 0, 0, 0, 0, 0
0, 0, 0, 0, 0, 0, 0, 0, 0, 0, 0, 0, 0, 0, 0, 0, 0, 0, 0, 0, 0, 0, 0, 0, 0, 0, 0
0, 0, 0, 0, 0, 0, 0, 0, 0, 0, 0, 0, 0, 0, 0, 0, 0, 0, 0, 0, 0, 0, 0, 0, 0, 0, 0
0, 0, 0, 0, 0, 0, 0, 0, 0, 0, 0, 0, 0, 0, 0, 0, 0, 0, 0, 0, 0, 0, 0, 0, 0, 0, 0
25, 1300, 3, 4419, 1238, 1675, 1473.0, 32372.666666666668, 2202101.6666666665, 5, 260, 42, 391022, 2948, 24668, 9310.047619047618, 57109424.807256244, 143786411.47619048, 30, 1560, 45, 395441, 1238, 24668, 8787.577777777778, 57186126.73193287, 134347457.4888889
1, 52, 1, 91, 91, 91, 91.0, 0.0, 8281.0, 1, 52, 3, 298, 83, 124, 99.33333333333333, 314.88888888888886, 10182.0, 2, 104, 4, 389, 83, 124, 97.25, 278.40816326530614, 9706.75
0, 0, 0, 0, 0, 0, 0, 0, 0, 0, 0, 0, 0, 0, 0, 0, 0, 0, 0, 0, 0, 0, 0, 0, 0, 0, 0
1, 52, 2, 846, 91, 755, 423.0, 110224.0, 289153.0, 2, 104, 3, 298, 83, 124, 99.33333333333333, 314.88888888888886, 10182.0, 3, 156, 5, 1144, 83, 755, 228.8, 47434.6875, 121770.4
0, 0, 0, 0, 0, 0, 0, 0, 0, 0, 0, 0, 0, 0, 0, 0, 0, 0, 0, 0, 0, 0, 0, 0, 0, 0, 0
0, 0, 0, 0, 0, 0, 0, 0, 0, 0, 0, 0, 0, 0, 0, 0, 0, 0, 0, 0, 0, 0, 0, 0, 0, 0, 0
0, 0, 0, 0, 0, 0, 0, 0, 0, 0, 0, 0, 0, 0, 0, 0, 0, 0, 0, 0, 0, 0, 0, 0, 0, 0, 0
24, 1248, 1, 1506, 1506, 1506, 1506.0, 0.0, 2268036.0, 1, 52, 37, 392895, 1500, 23220, 10618.783783783783, 50418662.98027756, 163177232.02702704, 25, 1300, 38, 394401, 1500, 23220, 10378.973684210527, 50838888.6816, 158942779.5
0, 0, 0, 0, 0, 0, 0, 0, 0, 0, 0, 0, 0, 0, 0, 0, 0, 0, 0, 0, 0, 0, 0, 0, 0, 0, 0
0, 0, 0, 0, 0, 0, 0, 0, 0, 0, 0, 0, 0, 0, 0, 0, 0, 0, 0, 0, 0, 0, 0, 0, 0, 0, 0
0, 0, 0, 0, 0, 0, 0, 0, 0, 0, 0, 0, 0, 0, 0, 0, 0, 0, 0, 0, 0, 0, 0, 0, 0, 0, 0
0, 0, 0, 0, 0, 0, 0, 0, 0, 0, 0, 0, 0, 0, 0, 0, 0, 0, 0, 0, 0, 0, 0, 0, 0, 0, 0
0, 0, 0, 0, 0, 0, 0, 0, 0, 0, 0, 0, 0, 0, 0, 0, 0, 0, 0, 0, 0, 0, 0, 0, 0, 0, 0
0, 0, 0, 0, 0, 0, 0, 0, 0, 0, 0, 0, 0, 0, 0, 0, 0, 0, 0, 0, 0, 0, 0, 0, 0, 0, 0
21, 1092, 1, 1506, 1506, 1506, 1506.0, 0.0, 2268036.0, 1, 52, 40, 390568, 1500, 24668, 9764.2, 61838673.56, 157178275.2, 22, 1144, 41, 392074, 1500, 24668, 9562.780487804877, 61906787.692120105, 153399976.68292683
0, 0, 12, 23991, 199, 3475, 1999.25, 1566953.1875, 5563953.75, 21, 1092, 0, 0, 0, 0, 0, 0, 0, 21, 1092, 12, 23991, 199, 3475, 1999.25, 1566953.1875, 5563953.75
2, 104, 1, 91, 91, 91, 91.0, 0.0, 8281.0, 1, 52, 4, 462, 83, 174, 115.5, 1270.25, 14610.5, 3, 156, 5, 553, 83, 174, 110.6, 1188.395061728395, 13344.6
0, 0, 1, 1388, 1388, 1388, 1388.0, 0.0, 1926544.0, 0, 0, 0, 0, 0, 0, 0, 0, 0, 0, 0, 1, 1388, 1388, 1388, 1388.0, 0.0, 1926544.0
26, 1352, 0, 0, 0, 0, 0, 0, 0, 0, 0, 67, 581271, 1500, 24668, 8675.686567164179, 55034621.409222536, 130302158.82089552, 26, 1352, 67, 581271, 1500, 24668, 8675.686567164179, 55034621.40922254, 130302158.82089552
0, 0, 1, 465, 465, 465, 465.0, 0.0, 216225.0, 1, 52, 0, 0, 0, 0, 0, 0, 0, 1, 52, 1, 465, 465, 465, 465.0, 0.0, 216225.0
1, 52, 1, 91, 91, 91, 91.0, 0.0, 8281.0, 1, 52, 3, 296, 83, 122, 98.66666666666667, 282.88888888888886, 10018.0, 2, 104, 4, 387, 83, 122, 96.75, 249.6734693877551, 9583.75
23, 1196, 1, 1506, 1506, 1506, 1506.0, 0.0, 2268036.0, 1, 52, 38, 389593, 2948, 21772, 10252.447368421053, 50755257.51038781, 155867934.5526316, 24, 1248, 39, 391099, 1506, 21772, 10028.179487179486, 51076706.512059376, 151929475.6153846
0, 0, 0, 0, 0, 0, 0, 0, 0, 0, 0, 0, 0, 0, 0, 0, 0, 0, 0, 0, 0, 0, 0, 0, 0, 0, 0
0, 0, 0, 0, 0, 0, 0, 0, 0, 0, 0, 0, 0, 0, 0, 0, 0, 0, 0, 0, 0, 0, 0, 0, 0, 0, 0
0, 0, 0, 0, 0, 0, 0, 0, 0, 0, 0, 0, 0, 0, 0, 0, 0, 0, 0, 0, 0, 0, 0, 0, 0, 0, 0
0, 0, 0, 0, 0, 0, 0, 0, 0, 0, 0, 0, 0, 0, 0, 0, 0, 0, 0, 0, 0, 0, 0, 0, 0, 0, 0
0, 0, 0, 0, 0, 0, 0, 0, 0, 0, 0, 0, 0, 0, 0, 0, 0, 0, 0, 0, 0, 0, 0, 0, 0, 0, 0
0, 0, 0, 0, 0, 0, 0, 0, 0, 0, 0, 0, 0, 0, 0, 0, 0, 0, 0, 0, 0, 0, 0, 0, 0, 0, 0
1, 40, 0, 0, 0, 0, 0, 0, 0, 0, 0, 0, 0, 0, 0, 0, 0, 0, 1, 40, 0, 0, 0, 0, 0, 0, 0
0, 0, 0, 0, 0, 0, 0, 0, 0, 0, 0, 0, 0, 0, 0, 0, 0, 0, 0, 0, 0, 0, 0, 0, 0, 0, 0
25, 1288, 2, 1701, 195, 1506, 850.5, 429680.25, 1153030.5, 1, 52, 48, 391920, 2948, 17428, 8165.0, 41986129.666666664, 108653354.66666667, 26, 1340, 50, 393621, 195, 17428, 7872.42, 42207631.40368598, 104353341.7
0, 0, 0, 0, 0, 0, 0, 0, 0, 0, 0, 0, 0, 0, 0, 0, 0, 0, 0, 0, 0, 0, 0, 0, 0, 0, 0
0, 0, 0, 0, 0, 0, 0, 0, 0, 0, 0, 0, 0, 0, 0, 0, 0, 0, 0, 0, 0, 0, 0, 0, 0, 0, 0
0, 0, 1, 195, 195, 195, 195.0, 0.0, 38025.0, 0, 0, 0, 0, 0, 0, 0, 0, 0, 0, 0, 1, 195, 195, 195, 195.0, 0.0, 38025.0
0, 0, 0, 0, 0, 0, 0, 0, 0, 0, 0, 0, 0, 0, 0, 0, 0, 0, 0, 0, 0, 0, 0, 0, 0, 0, 0
0, 0, 1, 195, 195, 195, 195.0, 0.0, 38025.0, 0, 0, 0, 0, 0, 0, 0, 0, 0, 0, 0, 1, 195, 195, 195, 195.0, 0.0, 38025.0
28, 1456, 1, 1506, 1506, 1506, 1506.0, 0.0, 2268036.0, 1, 52, 34, 388133, 2948, 26116, 11415.676470588236, 57928457.92474048, 188246127.20588234, 29, 1508, 35, 389639, 1506, 26116, 11132.542857142857, 58491501.64881326, 182932467.45714286
0, 0, 0, 0, 0, 0, 0, 0, 0, 0, 0, 0, 0, 0, 0, 0, 0, 0, 0, 0, 0, 0, 0, 0, 0, 0, 0
0, 0, 1, 195, 195, 195, 195.0, 0.0, 38025.0, 0, 0, 0, 0, 0, 0, 0, 0, 0, 0, 0, 1, 195, 195, 195, 195.0, 0.0, 38025.0
0, 0, 0, 0, 0, 0, 0, 0, 0, 0, 0, 0, 0, 0, 0, 0, 0, 0, 0, 0, 0, 0, 0, 0, 0, 0, 0
0, 0, 0, 0, 0, 0, 0, 0, 0, 0, 0, 0, 0, 0, 0, 0, 0, 0, 0, 0, 0, 0, 0, 0, 0, 0, 0
0, 0, 0, 0, 0, 0, 0, 0, 0, 0, 0, 0, 0, 0, 0, 0, 0, 0, 0, 0, 0, 0, 0, 0, 0, 0, 0
0, 0, 0, 0, 0, 0, 0, 0, 0, 0, 0, 0, 0, 0, 0, 0, 0, 0, 0, 0, 0, 0, 0, 0, 0, 0, 0
23, 1196, 1, 1506, 1506, 1506, 1506.0, 0.0, 2268036.0, 1, 52, 40, 389825, 1500, 23220, 9745.625, 58200054.784375, 153177261.425, 24, 1248, 41, 391331, 1500, 23220, 9544.658536585366, 58309353.54580094, 149496548.6097561
0, 0, 0, 0, 0, 0, 0, 0, 0, 0, 0, 0, 0, 0, 0, 0, 0, 0, 0, 0, 0, 0, 0, 0, 0, 0, 0
0, 0, 0, 0, 0, 0, 0, 0, 0, 0, 0, 0, 0, 0, 0, 0, 0, 0, 0, 0, 0, 0, 0, 0, 0, 0, 0
0, 0, 0, 0, 0, 0, 0, 0, 0, 0, 0, 0, 0, 0, 0, 0, 0, 0, 0, 0, 0, 0, 0, 0, 0, 0, 0
0, 0, 1, 466, 466, 466, 466.0, 0.0, 217156.0, 1, 52, 0, 0, 0, 0, 0, 0, 0, 1, 52, 1, 466, 466, 466, 466.0, 0.0, 217156.0
1, 52, 1, 91, 91, 91, 91.0, 0.0, 8281.0, 1, 52, 3, 296, 83, 122, 98.66666666666667, 282.88888888888886, 10018.0, 2, 104, 4, 387, 83, 122, 96.75, 249.6734693877551, 9583.75
0, 0, 0, 0, 0, 0, 0, 0, 0, 0, 0, 0, 0, 0, 0, 0, 0, 0, 0, 0, 0, 0, 0, 0, 0, 0, 0
18, 936, 1, 1506, 1506, 1506, 1506.0, 0.0, 2268036.0, 1, 52, 34, 389697, 1500, 24668, 11461.676470588236, 62971605.21885813, 194341632.7352941, 19, 988, 35, 391203, 1500, 24668, 11177.228571428572, 63474611.48456207, 188853815.68571427
0, 0, 0, 0, 0, 0, 0, 0, 0, 0, 0, 0, 0, 0, 0, 0, 0, 0, 0, 0, 0, 0, 0, 0, 0, 0, 0
0, 0, 0, 0, 0, 0, 0, 0, 0, 0, 0, 0, 0, 0, 0, 0, 0, 0, 0, 0, 0, 0, 0, 0, 0, 0, 0
0, 0, 0, 0, 0, 0, 0, 0, 0, 0, 0, 0, 0, 0, 0, 0, 0, 0, 0, 0, 0, 0, 0, 0, 0, 0, 0
0, 0, 1, 200, 200, 200, 200.0, 0.0, 40000.0, 0, 0, 0, 0, 0, 0, 0, 0, 0, 0, 0, 1, 200, 200, 200, 200.0, 0.0, 40000.0
1, 40, 1, 68, 68, 68, 68.0, 0.0, 4624.0, 0, 0, 0, 0, 0, 0, 0, 0, 0, 1, 40, 1, 68, 68, 68, 68.0, 0.0, 4624.0
1, 40, 1, 200, 200, 200, 200.0, 0.0, 40000.0, 0, 0, 0, 0, 0, 0, 0, 0, 0, 1, 40, 1, 200, 200, 200, 200.0, 0.0, 40000.0
0, 0, 0, 0, 0, 0, 0, 0, 0, 0, 0, 0, 0, 0, 0, 0, 0, 0, 0, 0, 0, 0, 0, 0, 0, 0, 0
0, 0, 1, 68, 68, 68, 68.0, 0.0, 4624.0, 0, 0, 0, 0, 0, 0, 0, 0, 0, 0, 0, 1, 68, 68, 68, 68.0, 0.0, 4624.0
56, 2912, 3, 3095, 200, 1506, 1031.6666666666667, 348116.22222222225, 1412452.3333333333, 2, 104, 100, 1144616, 1500, 26116, 11446.16, 57837534.274399996, 188852113.02, 58, 3016, 103, 1147711, 200, 26116, 11142.825242718447, 58567130.897473864, 183392705.42718446
0, 0, 0, 0, 0, 0, 0, 0, 0, 0, 0, 0, 0, 0, 0, 0, 0, 0, 0, 0, 0, 0, 0, 0, 0, 0, 0
0, 0, 0, 0, 0, 0, 0, 0, 0, 0, 0, 0, 0, 0, 0, 0, 0, 0, 0, 0, 0, 0, 0, 0, 0, 0, 0
0, 0, 1, 200, 200, 200, 200.0, 0.0, 40000.0, 0, 0, 0, 0, 0, 0, 0, 0, 0, 0, 0, 1, 200, 200, 200, 200.0, 0.0, 40000.0
0, 0, 1, 68, 68, 68, 68.0, 0.0, 4624.0, 0, 0, 0, 0, 0, 0, 0, 0, 0, 0, 0, 1, 68, 68, 68, 68.0, 0.0, 4624.0
0, 0, 1, 195, 195, 195, 195.0, 0.0, 38025.0, 0, 0, 0, 0, 0, 0, 0, 0, 0, 0, 0, 1, 195, 195, 195, 195.0, 0.0, 38025.0
0, 0, 0, 0, 0, 0, 0, 0, 0, 0, 0, 0, 0, 0, 0, 0, 0, 0, 0, 0, 0, 0, 0, 0, 0, 0, 0
0, 0, 0, 0, 0, 0, 0, 0, 0, 0, 0, 0, 0, 0, 0, 0, 0, 0, 0, 0, 0, 0, 0, 0, 0, 0, 0
0, 0, 2, 1701, 195, 1506, 850.5, 429680.25, 1153030.5, 0, 0, 0, 0, 0, 0, 0, 0, 0, 0, 0, 2, 1701, 195, 1506, 850.5, 429680.25, 1153030.5
25, 1300, 0, 0, 0, 0, 0, 0, 0, 1, 52, 32, 388618, 1500, 20324, 12144.3125, 42247065.52734375, 189731391.625, 26, 1352, 32, 388618, 1500, 20324, 12144.3125, 42247065.52734375, 189731391.625
0, 0, 1, 195, 195, 195, 195.0, 0.0, 38025.0, 0, 0, 0, 0, 0, 0, 0, 0, 0, 0, 0, 1, 195, 195, 195, 195.0, 0.0, 38025.0
0, 0, 1, 195, 195, 195, 195.0, 0.0, 38025.0, 0, 0, 0, 0, 0, 0, 0, 0, 0, 0, 0, 1, 195, 195, 195, 195.0, 0.0, 38025.0
0, 0, 0, 0, 0, 0, 0, 0, 0, 0, 0, 0, 0, 0, 0, 0, 0, 0, 0, 0, 0, 0, 0, 0, 0, 0, 0
0, 0, 1, 195, 195, 195, 195.0, 0.0, 38025.0, 0, 0, 0, 0, 0, 0, 0, 0, 0, 0, 0, 1, 195, 195, 195, 195.0, 0.0, 38025.0
0, 0, 1, 195, 195, 195, 195.0, 0.0, 38025.0, 0, 0, 0, 0, 0, 0, 0, 0, 0, 0, 0, 1, 195, 195, 195, 195.0, 0.0, 38025.0
19, 988, 2, 1701, 195, 1506, 850.5, 429680.25, 1153030.5, 1, 52, 35, 389253, 1500, 23220, 11121.514285714286, 62841253.27836734, 186529333.2857143, 20, 1040, 37, 390954, 195, 23220, 10566.324324324325, 63956580.49826389, 176508992.5945946
0, 0, 0, 0, 0, 0, 0, 0, 0, 0, 0, 0, 0, 0, 0, 0, 0, 0, 0, 0, 0, 0, 0, 0, 0, 0, 0
0, 0, 0, 0, 0, 0, 0, 0, 0, 0, 0, 0, 0, 0, 0, 0, 0, 0, 0, 0, 0, 0, 0, 0, 0, 0, 0
0, 0, 1, 195, 195, 195, 195.0, 0.0, 38025.0, 0, 0, 0, 0, 0, 0, 0, 0, 0, 0, 0, 1, 195, 195, 195, 195.0, 0.0, 38025.0
0, 0, 0, 0, 0, 0, 0, 0, 0, 0, 0, 0, 0, 0, 0, 0, 0, 0, 0, 0, 0, 0, 0, 0, 0, 0, 0
0, 0, 0, 0, 0, 0, 0, 0, 0, 0, 0, 0, 0, 0, 0, 0, 0, 0, 0, 0, 0, 0, 0, 0, 0, 0, 0
0, 0, 0, 0, 0, 0, 0, 0, 0, 0, 0, 0, 0, 0, 0, 0, 0, 0, 0, 0, 0, 0, 0, 0, 0, 0, 0
12, 624, 1, 1506, 1506, 1506, 1506.0, 0.0, 2268036.0, 1, 52, 33, 392453, 2948, 26116, 11892.515151515152, 75641973.58310376, 217073890.21212122, 13, 676, 34, 393959, 1506, 26116, 11587.029411764706, 76099101.62307864, 210756070.97058824
0, 0, 0, 0, 0, 0, 0, 0, 0, 0, 0, 0, 0, 0, 0, 0, 0, 0, 0, 0, 0, 0, 0, 0, 0, 0, 0
0, 0, 0, 0, 0, 0, 0, 0, 0, 0, 0, 0, 0, 0, 0, 0, 0, 0, 0, 0, 0, 0, 0, 0, 0, 0, 0
0, 0, 0, 0, 0, 0, 0, 0, 0, 0, 0, 0, 0, 0, 0, 0, 0, 0, 0, 0, 0, 0, 0, 0, 0, 0, 0
0, 0, 0, 0, 0, 0, 0, 0, 0, 0, 0, 0, 0, 0, 0, 0, 0, 0, 0, 0, 0, 0, 0, 0, 0, 0, 0
4, 208, 3, 901, 91, 719, 300.3333333333333, 87640.88888888888, 177841.0, 3, 156, 4, 389, 83, 124, 97.25, 249.1875, 9706.75, 7, 364, 7, 1290, 83, 719, 184.28571428571428, 32263.68595041323, 81764.28571428571
0, 0, 0, 0, 0, 0, 0, 0, 0, 0, 0, 0, 0, 0, 0, 0, 0, 0, 0, 0, 0, 0, 0, 0, 0, 0, 0
14, 728, 1, 1506, 1506, 1506, 1506.0, 0.0, 2268036.0, 1, 52, 31, 387995, 2948, 18876, 12515.967741935483, 39697606.74089489, 196347055.2580645, 15, 780, 32, 389501, 1506, 18876, 12171.90625, 40961061.75107081, 190282085.90625
0, 0, 0, 0, 0, 0, 0, 0, 0, 0, 0, 0, 0, 0, 0, 0, 0, 0, 0, 0, 0, 0, 0, 0, 0, 0, 0
0, 0, 2, 1019, 184, 835, 509.5, 105950.25, 365540.5, 2, 104, 0, 0, 0, 0, 0, 0, 0, 2, 104, 2, 1019, 184, 835, 509.5, 105950.25, 365540.5
1, 52, 1, 91, 91, 91, 91.0, 0.0, 8281.0, 1, 52, 4, 411, 83, 123, 102.75, 266.1875, 10823.75, 2, 104, 5, 502, 83, 123, 100.4, 250.2469135802469, 10315.2
0, 0, 0, 0, 0, 0, 0, 0, 0, 0, 0, 0, 0, 0, 0, 0, 0, 0, 0, 0, 0, 0, 0, 0, 0, 0, 0
0, 0, 0, 0, 0, 0, 0, 0, 0, 0, 0, 0, 0, 0, 0, 0, 0, 0, 0, 0, 0, 0, 0, 0, 0, 0, 0
0, 0, 0, 0, 0, 0, 0, 0, 0, 0, 0, 0, 0, 0, 0, 0, 0, 0, 0, 0, 0, 0, 0, 0, 0, 0, 0
1, 52, 0, 0, 0, 0, 0, 0, 0, 1, 52, 0, 0, 0, 0, 0, 0, 0, 2, 104, 0, 0, 0, 0, 0, 0, 0
0, 0, 0, 0, 0, 0, 0, 0, 0, 0, 0, 0, 0, 0, 0, 0, 0, 0, 0, 0, 0, 0, 0, 0, 0, 0, 0
15, 780, 1, 1506, 1506, 1506, 1506.0, 0.0, 2268036.0, 1, 52, 39, 390488, 1500, 23220, 10012.51282051282, 56222158.916502304, 156472571.8974359, 16, 832, 40, 391994, 1500, 23220, 9799.85, 56414850.59317419, 152617458.5
0, 0, 0, 0, 0, 0, 0, 0, 0, 0, 0, 0, 0, 0, 0, 0, 0, 0, 0, 0, 0, 0, 0, 0, 0, 0, 0
0, 0, 1, 195, 195, 195, 195.0, 0.0, 38025.0, 0, 0, 0, 0, 0, 0, 0, 0, 0, 0, 0, 1, 195, 195, 195, 195.0, 0.0, 38025.0
0, 0, 0, 0, 0, 0, 0, 0, 0, 0, 0, 0, 0, 0, 0, 0, 0, 0, 0, 0, 0, 0, 0, 0, 0, 0, 0
1, 52, 0, 0, 0, 0, 0, 0, 0, 1, 52, 0, 0, 0, 0, 0, 0, 0, 2, 104, 0, 0, 0, 0, 0, 0, 0
0, 0, 1, 195, 195, 195, 195.0, 0.0, 38025.0, 0, 0, 0, 0, 0, 0, 0, 0, 0, 0, 0, 1, 195, 195, 195, 195.0, 0.0, 38025.0
0, 0, 0, 0, 0, 0, 0, 0, 0, 0, 0, 0, 0, 0, 0, 0, 0, 0, 0, 0, 0, 0, 0, 0, 0, 0, 0
18, 936, 1, 1506, 1506, 1506, 1506.0, 0.0, 2268036.0, 1, 52, 37, 390214, 2948, 23220, 10546.324324324325, 66283899.570489384, 177508856.3243243, 19, 988, 38, 391720, 1506, 23220, 10308.421052631578, 66475284.434488885, 172897255.78947368
0, 0, 1, 195, 195, 195, 195.0, 0.0, 38025.0, 0, 0, 0, 0, 0, 0, 0, 0, 0, 0, 0, 1, 195, 195, 195, 195.0, 0.0, 38025.0
0, 0, 0, 0, 0, 0, 0, 0, 0, 0, 0, 0, 0, 0, 0, 0, 0, 0, 0, 0, 0, 0, 0, 0, 0, 0, 0
0, 0, 1, 195, 195, 195, 195.0, 0.0, 38025.0, 0, 0, 0, 0, 0, 0, 0, 0, 0, 0, 0, 1, 195, 195, 195, 195.0, 0.0, 38025.0
0, 0, 0, 0, 0, 0, 0, 0, 0, 0, 0, 0, 0, 0, 0, 0, 0, 0, 0, 0, 0, 0, 0, 0, 0, 0, 0
0, 0, 0, 0, 0, 0, 0, 0, 0, 0, 0, 0, 0, 0, 0, 0, 0, 0, 0, 0, 0, 0, 0, 0, 0, 0, 0
0, 0, 0, 0, 0, 0, 0, 0, 0, 0, 0, 0, 0, 0, 0, 0, 0, 0, 0, 0, 0, 0, 0, 0, 0, 0, 0
16, 832, 1, 1506, 1506, 1506, 1506.0, 0.0, 2268036.0, 1, 52, 38, 390370, 1500, 26116, 10272.894736842105, 58728520.146814406, 164260886.42105263, 17, 884, 39, 391876, 1500, 26116, 10048.102564102564, 58951010.556923606, 160107223.58974358
1, 52, 0, 0, 0, 0, 0, 0, 0, 1, 52, 0, 0, 0, 0, 0, 0, 0, 2, 104, 0, 0, 0, 0, 0, 0, 0
0, 0, 0, 0, 0, 0, 0, 0, 0, 0, 0, 0, 0, 0, 0, 0, 0, 0, 0, 0, 0, 0, 0, 0, 0, 0, 0
29, 1508, 1, 1389, 1389, 1389, 1389.0, 0.0, 1929321.0, 1, 52, 58, 754994, 2948, 26116, 13017.137931034482, 58675828.56718192, 228121708.4827586, 30, 1560, 59, 756383, 1389, 26116, 12820.050847457627, 59320119.94711081, 224287939.20338982
0, 0, 0, 0, 0, 0, 0, 0, 0, 0, 0, 0, 0, 0, 0, 0, 0, 0, 0, 0, 0, 0, 0, 0, 0, 0, 0
0, 0, 0, 0, 0, 0, 0, 0, 0, 0, 0, 0, 0, 0, 0, 0, 0, 0, 0, 0, 0, 0, 0, 0, 0, 0, 0
17, 884, 1, 1506, 1506, 1506, 1506.0, 0.0, 2268036.0, 1, 52, 21, 204866, 2948, 29012, 9755.52380952381, 58601433.86848073, 153771678.66666666, 18, 936, 22, 206372, 1506, 29012, 9380.545454545454, 58784469.75446188, 146885149.45454547
16, 832, 0, 0, 0, 0, 0, 0, 0, 1, 52, 20, 185951, 2948, 20324, 9297.55, 49180726.847500004, 135625162.85, 17, 884, 20, 185951, 2948, 20324, 9297.55, 49180726.847500004, 135625162.85
0, 0, 0, 0, 0, 0, 0, 0, 0, 0, 0, 0, 0, 0, 0, 0, 0, 0, 0, 0, 0, 0, 0, 0, 0, 0, 0
0, 0, 0, 0, 0, 0, 0, 0, 0, 0, 0, 0, 0, 0, 0, 0, 0, 0, 0, 0, 0, 0, 0, 0, 0, 0, 0
0, 0, 0, 0, 0, 0, 0, 0, 0, 0, 0, 0, 0, 0, 0, 0, 0, 0, 0, 0, 0, 0, 0, 0, 0, 0, 0
0, 0, 0, 0, 0, 0, 0, 0, 0, 0, 0, 0, 0, 0, 0, 0, 0, 0, 0, 0, 0, 0, 0, 0, 0, 0, 0
0, 0, 0, 0, 0, 0, 0, 0, 0, 0, 0, 0, 0, 0, 0, 0, 0, 0, 0, 0, 0, 0, 0, 0, 0, 0, 0
0, 0, 0, 0, 0, 0, 0, 0, 0, 0, 0, 0, 0, 0, 0, 0, 0, 0, 0, 0, 0, 0, 0, 0, 0, 0, 0
0, 0, 1, 68, 68, 68, 68.0, 0.0, 4624.0, 0, 0, 0, 0, 0, 0, 0, 0, 0, 0, 0, 1, 68, 68, 68, 68.0, 0.0, 4624.0
0, 0, 1, 195, 195, 195, 195.0, 0.0, 38025.0, 0, 0, 0, 0, 0, 0, 0, 0, 0, 0, 0, 1, 195, 195, 195, 195.0, 0.0, 38025.0
13, 676, 2, 1701, 195, 1506, 850.5, 429680.25, 1153030.5, 1, 52, 37, 390564, 1500, 29012, 10555.783783783783, 85159806.22352082, 196584377.5135135, 14, 728, 39, 392265, 195, 29012, 10058.076923076924, 85343586.65702909, 186562257.15384614
0, 0, 1, 68, 68, 68, 68.0, 0.0, 4624.0, 0, 0, 0, 0, 0, 0, 0, 0, 0, 0, 0, 1, 68, 68, 68, 68.0, 0.0, 4624.0
0, 0, 2, 390, 195, 195, 195.0, 0.0, 38025.0, 0, 0, 0, 0, 0, 0, 0, 0, 0, 0, 0, 2, 390, 195, 195, 195.0, 0.0, 38025.0
0, 0, 1, 195, 195, 195, 195.0, 0.0, 38025.0, 0, 0, 0, 0, 0, 0, 0, 0, 0, 0, 0, 1, 195, 195, 195, 195.0, 0.0, 38025.0
0, 0, 1, 195, 195, 195, 195.0, 0.0, 38025.0, 0, 0, 0, 0, 0, 0, 0, 0, 0, 0, 0, 1, 195, 195, 195, 195.0, 0.0, 38025.0
0, 0, 1, 195, 195, 195, 195.0, 0.0, 38025.0, 0, 0, 0, 0, 0, 0, 0, 0, 0, 0, 0, 1, 195, 195, 195, 195.0, 0.0, 38025.0
6, 312, 3, 1769, 68, 1506, 589.6666666666666, 422521.55555555556, 770228.3333333334, 1, 52, 6, 50992, 2948, 18876, 8498.666666666666, 47816499.55555555, 120043834.66666667, 7, 364, 9, 52761, 68, 18876, 5862.333333333333, 48346068.91555557, 80285965.8888889
17, 892, 10, 5658, 78, 2788, 565.8, 612991.5599999998, 933121.2, 7, 372, 30, 344576, 83, 26116, 11485.866666666667, 65485824.84888889, 197410957.93333334, 24, 1264, 40, 350234, 78, 26116, 8755.85, 70820055.52244897, 148291498.75
6, 312, 8, 2000, 91, 855, 250.0, 54394.0, 116894.0, 4, 208, 8, 3374, 91, 958, 421.75, 93577.9375, 271451.0, 10, 520, 16, 5374, 91, 958, 335.875, 87071.75, 194172.5
0, 0, 0, 0, 0, 0, 0, 0, 0, 0, 0, 0, 0, 0, 0, 0, 0, 0, 0, 0, 0, 0, 0, 0, 0, 0, 0
0, 0, 1, 195, 195, 195, 195.0, 0.0, 38025.0, 0, 0, 0, 0, 0, 0, 0, 0, 0, 0, 0, 1, 195, 195, 195, 195.0, 0.0, 38025.0
0, 0, 2, 352, 157, 195, 176.0, 361.0, 31337.0, 0, 0, 0, 0, 0, 0, 0, 0, 0, 0, 0, 2, 352, 157, 195, 176.0, 361.0, 31337.0
0, 0, 0, 0, 0, 0, 0, 0, 0, 0, 0, 0, 0, 0, 0, 0, 0, 0, 0, 0, 0, 0, 0, 0, 0, 0, 0
0, 0, 0, 0, 0, 0, 0, 0, 0, 0, 0, 0, 0, 0, 0, 0, 0, 0, 0, 0, 0, 0, 0, 0, 0, 0, 0
0, 0, 2, 352, 157, 195, 176.0, 361.0, 31337.0, 0, 0, 0, 0, 0, 0, 0, 0, 0, 0, 0, 2, 352, 157, 195, 176.0, 361.0, 31337.0
0, 0, 0, 0, 0, 0, 0, 0, 0, 0, 0, 0, 0, 0, 0, 0, 0, 0, 0, 0, 0, 0, 0, 0, 0, 0, 0
25, 1300, 1, 1506, 1506, 1506, 1506.0, 0.0, 2268036.0, 1, 52, 35, 389719, 2948, 20324, 11134.828571428572, 50843981.28489797, 174828388.6, 26, 1352, 36, 391225, 1506, 20324, 10867.361111111111, 51415312.5891688, 170035045.4722222
0, 0, 3, 753, 91, 467, 251.0, 25130.666666666668, 88131.66666666667, 0, 0, 0, 0, 0, 0, 0, 0, 0, 0, 0, 3, 753, 91, 467, 251.0, 25130.666666666668, 88131.66666666667
4, 208, 1, 91, 91, 91, 91.0, 0.0, 8281.0, 3, 156, 4, 387, 83, 122, 96.75, 223.1875, 9583.75, 7, 364, 5, 478, 83, 122, 95.6, 201.65432098765433, 9323.2
0, 0, 0, 0, 0, 0, 0, 0, 0, 0, 0, 0, 0, 0, 0, 0, 0, 0, 0, 0, 0, 0, 0, 0, 0, 0, 0
0, 0, 0, 0, 0, 0, 0, 0, 0, 0, 0, 0, 0, 0, 0, 0, 0, 0, 0, 0, 0, 0, 0, 0, 0, 0, 0
0, 0, 0, 0, 0, 0, 0, 0, 0, 0, 0, 0, 0, 0, 0, 0, 0, 0, 0, 0, 0, 0, 0, 0, 0, 0, 0
21, 1092, 1, 1507, 1507, 1507, 1507.0, 0.0, 2271049.0, 1, 52, 34, 388914, 1500, 23220, 11438.64705882353, 62315423.698961936, 193158070.2352941, 22, 1144, 35, 390421, 1500, 23220, 11154.885714285714, 62821114.40873765, 187704155.34285715
0, 0, 0, 0, 0, 0, 0, 0, 0, 0, 0, 0, 0, 0, 0, 0, 0, 0, 0, 0, 0, 0, 0, 0, 0, 0, 0
0, 0, 0, 0, 0, 0, 0, 0, 0, 0, 0, 0, 0, 0, 0, 0, 0, 0, 0, 0, 0, 0, 0, 0, 0, 0, 0
0, 0, 0, 0, 0, 0, 0, 0, 0, 0, 0, 0, 0, 0, 0, 0, 0, 0, 0, 0, 0, 0, 0, 0, 0, 0, 0
0, 0, 0, 0, 0, 0, 0, 0, 0, 0, 0, 0, 0, 0, 0, 0, 0, 0, 0, 0, 0, 0, 0, 0, 0, 0, 0
24, 1248, 1, 1508, 1508, 1508, 1508.0, 0.0, 2274064.0, 1, 52, 41, 389978, 1500, 27564, 9511.658536585366, 59944219.83462226, 150415867.9512195, 25, 1300, 42, 391486, 1500, 27564, 9321.095238095239, 59984491.405428946, 146888682.14285713
0, 0, 1, 195, 195, 195, 195.0, 0.0, 38025.0, 0, 0, 0, 0, 0, 0, 0, 0, 0, 0, 0, 1, 195, 195, 195, 195.0, 0.0, 38025.0
0, 0, 0, 0, 0, 0, 0, 0, 0, 0, 0, 0, 0, 0, 0, 0, 0, 0, 0, 0, 0, 0, 0, 0, 0, 0, 0
0, 0, 1, 195, 195, 195, 195.0, 0.0, 38025.0, 0, 0, 0, 0, 0, 0, 0, 0, 0, 0, 0, 1, 195, 195, 195, 195.0, 0.0, 38025.0
0, 0, 0, 0, 0, 0, 0, 0, 0, 0, 0, 0, 0, 0, 0, 0, 0, 0, 0, 0, 0, 0, 0, 0, 0, 0, 0
0, 0, 0, 0, 0, 0, 0, 0, 0, 0, 0, 0, 0, 0, 0, 0, 0, 0, 0, 0, 0, 0, 0, 0, 0, 0, 0
0, 0, 1, 195, 195, 195, 195.0, 0.0, 38025.0, 0, 0, 0, 0, 0, 0, 0, 0, 0, 0, 0, 1, 195, 195, 195, 195.0, 0.0, 38025.0
0, 0, 0, 0, 0, 0, 0, 0, 0, 0, 0, 0, 0, 0, 0, 0, 0, 0, 0, 0, 0, 0, 0, 0, 0, 0, 0
0, 0, 0, 0, 0, 0, 0, 0, 0, 0, 0, 0, 0, 0, 0, 0, 0, 0, 0, 0, 0, 0, 0, 0, 0, 0, 0
18, 936, 3, 1898, 195, 1508, 632.6666666666666, 383104.2222222222, 783371.3333333334, 1, 52, 40, 389958, 2948, 23220, 9748.95, 53693392.7975, 148735418.9, 19, 988, 43, 391856, 195, 23220, 9112.93023255814, 54661795.66874729, 138413183.02325583
0, 0, 0, 0, 0, 0, 0, 0, 0, 0, 0, 0, 0, 0, 0, 0, 0, 0, 0, 0, 0, 0, 0, 0, 0, 0, 0
0, 0, 0, 0, 0, 0, 0, 0, 0, 0, 0, 0, 0, 0, 0, 0, 0, 0, 0, 0, 0, 0, 0, 0, 0, 0, 0
0, 0, 4, 780, 195, 195, 195.0, 0.0, 38025.0, 0, 0, 0, 0, 0, 0, 0, 0, 0, 0, 0, 4, 780, 195, 195, 195.0, 0.0, 38025.0
0, 0, 0, 0, 0, 0, 0, 0, 0, 0, 0, 0, 0, 0, 0, 0, 0, 0, 0, 0, 0, 0, 0, 0, 0, 0, 0
0, 0, 1, 195, 195, 195, 195.0, 0.0, 38025.0, 0, 0, 0, 0, 0, 0, 0, 0, 0, 0, 0, 1, 195, 195, 195, 195.0, 0.0, 38025.0
0, 0, 4, 1303, 195, 718, 325.75, 51286.6875, 157399.75, 0, 0, 0, 0, 0, 0, 0, 0, 0, 0, 0, 4, 1303, 195, 718, 325.75, 51286.6875, 157399.75
51, 2652, 4, 3183, 91, 1508, 795.75, 429204.6875, 1062422.75, 4, 208, 106, 1159516, 83, 23220, 10938.830188679245, 54187647.29191883, 173845653.18867925, 55, 2860, 110, 1162699, 83, 23220, 10569.99090909091, 55062062.28238597, 167562626.62727273
0, 0, 2, 390, 195, 195, 195.0, 0.0, 38025.0, 0, 0, 0, 0, 0, 0, 0, 0, 0, 0, 0, 2, 390, 195, 195, 195.0, 0.0, 38025.0
0, 0, 3, 585, 195, 195, 195.0, 0.0, 38025.0, 0, 0, 0, 0, 0, 0, 0, 0, 0, 0, 0, 3, 585, 195, 195, 195.0, 0.0, 38025.0
2, 104, 5, 1647, 91, 983, 329.4, 108317.44000000002, 216821.8, 3, 156, 4, 411, 83, 123, 102.75, 266.1875, 10823.75, 5, 260, 9, 2058, 83, 983, 228.66666666666666, 53982.99408284024, 125267.11111111111
0, 0, 1, 195, 195, 195, 195.0, 0.0, 38025.0, 0, 0, 0, 0, 0, 0, 0, 0, 0, 0, 0, 1, 195, 195, 195, 195.0, 0.0, 38025.0
0, 0, 2, 390, 195, 195, 195.0, 0.0, 38025.0, 0, 0, 0, 0, 0, 0, 0, 0, 0, 0, 0, 2, 390, 195, 195, 195.0, 0.0, 38025.0
0, 0, 2, 390, 195, 195, 195.0, 0.0, 38025.0, 0, 0, 0, 0, 0, 0, 0, 0, 0, 0, 0, 2, 390, 195, 195, 195.0, 0.0, 38025.0
23, 1204, 2, 1601, 93, 1508, 800.5, 500556.25, 1141356.5, 3, 164, 31, 389573, 1500, 26116, 12566.870967741936, 53773774.49947971, 211700020.41935483, 26, 1368, 33, 391174, 93, 26116, 11853.757575757576, 56300267.736083984, 198938889.27272728
0, 0, 0, 0, 0, 0, 0, 0, 0, 0, 0, 0, 0, 0, 0, 0, 0, 0, 0, 0, 0, 0, 0, 0, 0, 0, 0
0, 0, 3, 483, 93, 195, 161.0, 2312.0, 28233.0, 0, 0, 0, 0, 0, 0, 0, 0, 0, 0, 0, 3, 483, 93, 195, 161.0, 2312.0, 28233.0
0, 0, 2, 288, 93, 195, 144.0, 2601.0, 23337.0, 0, 0, 0, 0, 0, 0, 0, 0, 0, 0, 0, 2, 288, 93, 195, 144.0, 2601.0, 23337.0
0, 0, 0, 0, 0, 0, 0, 0, 0, 0, 0, 0, 0, 0, 0, 0, 0, 0, 0, 0, 0, 0, 0, 0, 0, 0, 0
0, 0, 0, 0, 0, 0, 0, 0, 0, 0, 0, 0, 0, 0, 0, 0, 0, 0, 0, 0, 0, 0, 0, 0, 0, 0, 0
0, 0, 2, 1703, 195, 1508, 851.5, 430992.25, 1156044.5, 1, 52, 0, 0, 0, 0, 0, 0, 0, 1, 52, 2, 1703, 195, 1508, 851.5, 430992.25, 1156044.5
13, 676, 2, 1225, 93, 1132, 612.5, 269880.25, 645036.5, 1, 52, 36, 391897, 73, 23220, 10886.027777777777, 64139630.804783955, 182645231.58333334, 14, 728, 38, 393122, 73, 23220, 10345.315789473685, 65188902.285792544, 173066273.9473684
1, 52, 0, 0, 0, 0, 0, 0, 0, 0, 0, 1, 492, 492, 492, 492.0, 0.0, 242064.0, 1, 52, 1, 492, 492, 492, 492.0, 0.0, 242064.0
1, 52, 2, 527, 195, 332, 263.5, 4692.25, 74124.5, 0, 0, 1, 100, 100, 100, 100.0, 0.0, 10000.0, 1, 52, 3, 627, 100, 332, 209.0, 9029.1875, 52749.666666666664
1, 52, 0, 0, 0, 0, 0, 0, 0, 0, 0, 1, 68, 68, 68, 68.0, 0.0, 4624.0, 1, 52, 1, 68, 68, 68, 68.0, 0.0, 4624.0
1, 52, 2, 208, 104, 104, 104.0, 0.0, 10816.0, 0, 0, 2, 240, 104, 136, 120.0, 256.0, 14656.0, 1, 52, 4, 448, 104, 136, 112.0, 227.55555555555554, 12736.0
1, 52, 2, 390, 195, 195, 195.0, 0.0, 38025.0, 2, 104, 1, 104, 104, 104, 104.0, 0.0, 10816.0, 3, 156, 3, 494, 104, 195, 164.66666666666666, 2070.25, 28955.333333333332
0, 0, 0, 0, 0, 0, 0, 0, 0, 0, 0, 0, 0, 0, 0, 0, 0, 0, 0, 0, 0, 0, 0, 0, 0, 0, 0
0, 0, 1, 195, 195, 195, 195.0, 0.0, 38025.0, 0, 0, 0, 0, 0, 0, 0, 0, 0, 0, 0, 1, 195, 195, 195, 195.0, 0.0, 38025.0
0, 0, 0, 0, 0, 0, 0, 0, 0, 0, 0, 0, 0, 0, 0, 0, 0, 0, 0, 0, 0, 0, 0, 0, 0, 0, 0
12, 624, 1, 1508, 1508, 1508, 1508.0, 0.0, 2274064.0, 1, 52, 33, 389626, 1500, 23220, 11806.848484848484, 84642671.28007345, 224044342.42424244, 13, 676, 34, 391134, 1500, 23220, 11503.941176470587, 84938798.59389618, 217521687.17647058
0, 0, 1, 195, 195, 195, 195.0, 0.0, 38025.0, 0, 0, 0, 0, 0, 0, 0, 0, 0, 0, 0, 1, 195, 195, 195, 195.0, 0.0, 38025.0
0, 0, 0, 0, 0, 0, 0, 0, 0, 0, 0, 0, 0, 0, 0, 0, 0, 0, 0, 0, 0, 0, 0, 0, 0, 0, 0
0, 0, 0, 0, 0, 0, 0, 0, 0, 0, 0, 0, 0, 0, 0, 0, 0, 0, 0, 0, 0, 0, 0, 0, 0, 0, 0
0, 0, 1, 195, 195, 195, 195.0, 0.0, 38025.0, 0, 0, 0, 0, 0, 0, 0, 0, 0, 0, 0, 1, 195, 195, 195, 195.0, 0.0, 38025.0
0, 0, 0, 0, 0, 0, 0, 0, 0, 0, 0, 0, 0, 0, 0, 0, 0, 0, 0, 0, 0, 0, 0, 0, 0, 0, 0
10, 520, 1, 1508, 1508, 1508, 1508.0, 0.0, 2274064.0, 1, 52, 15, 144366, 2948, 26116, 9624.4, 71857800.64, 164486876.0, 11, 572, 16, 145874, 1508, 26116, 9117.125, 71596288.3080125, 154348575.25
17, 884, 0, 0, 0, 0, 0, 0, 0, 0, 0, 23, 247000, 1500, 20324, 10739.130434782608, 48018629.5047259, 163347552.0, 17, 884, 23, 247000, 1500, 20324, 10739.130434782608, 48018629.50472591, 163347552.0
0, 0, 0, 0, 0, 0, 0, 0, 0, 0, 0, 0, 0, 0, 0, 0, 0, 0, 0, 0, 0, 0, 0, 0, 0, 0, 0
0, 0, 0, 0, 0, 0, 0, 0, 0, 0, 0, 0, 0, 0, 0, 0, 0, 0, 0, 0, 0, 0, 0, 0, 0, 0, 0
0, 0, 0, 0, 0, 0, 0, 0, 0, 0, 0, 0, 0, 0, 0, 0, 0, 0, 0, 0, 0, 0, 0, 0, 0, 0, 0
0, 0, 0, 0, 0, 0, 0, 0, 0, 0, 0, 0, 0, 0, 0, 0, 0, 0, 0, 0, 0, 0, 0, 0, 0, 0, 0
0, 0, 0, 0, 0, 0, 0, 0, 0, 0, 0, 0, 0, 0, 0, 0, 0, 0, 0, 0, 0, 0, 0, 0, 0, 0, 0
16, 832, 1, 1508, 1508, 1508, 1508.0, 0.0, 2274064.0, 1, 52, 38, 392254, 1500, 23220, 10322.473684210527, 58708270.61772853, 165261733.57894737, 17, 884, 39, 393762, 1500, 23220, 10096.461538461539, 58941746.597402595, 161082562.56410256
0, 0, 0, 0, 0, 0, 0, 0, 0, 0, 0, 0, 0, 0, 0, 0, 0, 0, 0, 0, 0, 0, 0, 0, 0, 0, 0
0, 0, 0, 0, 0, 0, 0, 0, 0, 0, 0, 0, 0, 0, 0, 0, 0, 0, 0, 0, 0, 0, 0, 0, 0, 0, 0
0, 0, 0, 0, 0, 0, 0, 0, 0, 0, 0, 0, 0, 0, 0, 0, 0, 0, 0, 0, 0, 0, 0, 0, 0, 0, 0
0, 0, 0, 0, 0, 0, 0, 0, 0, 0, 0, 0, 0, 0, 0, 0, 0, 0, 0, 0, 0, 0, 0, 0, 0, 0, 0
0, 0, 0, 0, 0, 0, 0, 0, 0, 0, 0, 0, 0, 0, 0, 0, 0, 0, 0, 0, 0, 0, 0, 0, 0, 0, 0
0, 0, 0, 0, 0, 0, 0, 0, 0, 0, 0, 0, 0, 0, 0, 0, 0, 0, 0, 0, 0, 0, 0, 0, 0, 0, 0
0, 0, 0, 0, 0, 0, 0, 0, 0, 0, 0, 0, 0, 0, 0, 0, 0, 0, 0, 0, 0, 0, 0, 0, 0, 0, 0
0, 0, 0, 0, 0, 0, 0, 0, 0, 0, 0, 0, 0, 0, 0, 0, 0, 0, 0, 0, 0, 0, 0, 0, 0, 0, 0
0, 0, 0, 0, 0, 0, 0, 0, 0, 0, 0, 0, 0, 0, 0, 0, 0, 0, 0, 0, 0, 0, 0, 0, 0, 0, 0
15, 780, 1, 1508, 1508, 1508, 1508.0, 0.0, 2274064.0, 1, 52, 34, 388578, 2948, 24668, 11428.764705882353, 70164696.00346021, 200781358.70588234, 16, 832, 35, 390086, 1508, 24668, 11145.314285714287, 70553543.49254356, 195109721.7142857
0, 0, 0, 0, 0, 0, 0, 0, 0, 0, 0, 0, 0, 0, 0, 0, 0, 0, 0, 0, 0, 0, 0, 0, 0, 0, 0
0, 0, 0, 0, 0, 0, 0, 0, 0, 0, 0, 0, 0, 0, 0, 0, 0, 0, 0, 0, 0, 0, 0, 0, 0, 0, 0
0, 0, 0, 0, 0, 0, 0, 0, 0, 0, 0, 0, 0, 0, 0, 0, 0, 0, 0, 0, 0, 0, 0, 0, 0, 0, 0
1, 52, 0, 0, 0, 0, 0, 0, 0, 0, 0, 0, 0, 0, 0, 0, 0, 0, 1, 52, 0, 0, 0, 0, 0, 0, 0
0, 0, 0, 0, 0, 0, 0, 0, 0, 1, 52, 0, 0, 0, 0, 0, 0, 0, 1, 52, 0, 0, 0, 0, 0, 0, 0
0, 0, 0, 0, 0, 0, 0, 0, 0, 0, 0, 0, 0, 0, 0, 0, 0, 0, 0, 0, 0, 0, 0, 0, 0, 0, 0
16, 832, 1, 1509, 1509, 1509, 1509.0, 0.0, 2277081.0, 1, 52, 28, 389768, 2948, 17428, 13920.285714285714, 26731252.48979592, 220505606.85714287, 17, 884, 29, 391277, 1509, 17428, 13492.310344827587, 28917328.002462305, 212980485.27586207
0, 0, 0, 0, 0, 0, 0, 0, 0, 0, 0, 0, 0, 0, 0, 0, 0, 0, 0, 0, 0, 0, 0, 0, 0, 0, 0
0, 0, 0, 0, 0, 0, 0, 0, 0, 0, 0, 0, 0, 0, 0, 0, 0, 0, 0, 0, 0, 0, 0, 0, 0, 0, 0
34, 1768, 1, 1390, 1390, 1390, 1390.0, 0.0, 1932100.0, 1, 52, 51, 744182, 1500, 17428, 14591.803921568628, 26822820.432141475, 239743562.11764705, 35, 1820, 52, 745572, 1390, 17428, 14337.923076923076, 28238089.30078235, 235170264.76923078
0, 0, 0, 0, 0, 0, 0, 0, 0, 0, 0, 0, 0, 0, 0, 0, 0, 0, 0, 0, 0, 0, 0, 0, 0, 0, 0
0, 0, 0, 0, 0, 0, 0, 0, 0, 0, 0, 0, 0, 0, 0, 0, 0, 0, 0, 0, 0, 0, 0, 0, 0, 0, 0
0, 0, 0, 0, 0, 0, 0, 0, 0, 0, 0, 0, 0, 0, 0, 0, 0, 0, 0, 0, 0, 0, 0, 0, 0, 0, 0
24, 1248, 1, 1509, 1509, 1509, 1509.0, 0.0, 2277081.0, 1, 52, 34, 390328, 2948, 20324, 11480.235294117647, 44718336.88581315, 176514139.29411766, 25, 1300, 35, 391837, 1509, 20324, 11195.342857142858, 45490311.474900246, 171535937.62857142
0, 0, 0, 0, 0, 0, 0, 0, 0, 0, 0, 0, 0, 0, 0, 0, 0, 0, 0, 0, 0, 0, 0, 0, 0, 0, 0
0, 0, 0, 0, 0, 0, 0, 0, 0, 0, 0, 0, 0, 0, 0, 0, 0, 0, 0, 0, 0, 0, 0, 0, 0, 0, 0
0, 0, 0, 0, 0, 0, 0, 0, 0, 0, 0, 0, 0, 0, 0, 0, 0, 0, 0, 0, 0, 0, 0, 0, 0, 0, 0
0, 0, 0, 0, 0, 0, 0, 0, 0, 0, 0, 0, 0, 0, 0, 0, 0, 0, 0, 0, 0, 0, 0, 0, 0, 0, 0
0, 0, 0, 0, 0, 0, 0, 0, 0, 0, 0, 0, 0, 0, 0, 0, 0, 0, 0, 0, 0, 0, 0, 0, 0, 0, 0
0, 0, 0, 0, 0, 0, 0, 0, 0, 0, 0, 0, 0, 0, 0, 0, 0, 0, 0, 0, 0, 0, 0, 0, 0, 0, 0
26, 1352, 2, 1704, 195, 1509, 852.0, 431649.0, 1157553.0, 1, 52, 34, 389898, 1769, 26116, 11467.588235294117, 69074985.7716263, 200580565.70588234, 27, 1404, 36, 391602, 195, 26116, 10877.833333333334, 70241489.83265305, 189501509.44444445
1, 52, 0, 0, 0, 0, 0, 0, 0, 1, 52, 0, 0, 0, 0, 0, 0, 0, 2, 104, 0, 0, 0, 0, 0, 0, 0
0, 0, 0, 0, 0, 0, 0, 0, 0, 0, 0, 0, 0, 0, 0, 0, 0, 0, 0, 0, 0, 0, 0, 0, 0, 0, 0
0, 0, 1, 195, 195, 195, 195.0, 0.0, 38025.0, 0, 0, 0, 0, 0, 0, 0, 0, 0, 0, 0, 1, 195, 195, 195, 195.0, 0.0, 38025.0
0, 0, 0, 0, 0, 0, 0, 0, 0, 0, 0, 0, 0, 0, 0, 0, 0, 0, 0, 0, 0, 0, 0, 0, 0, 0, 0
0, 0, 0, 0, 0, 0, 0, 0, 0, 0, 0, 0, 0, 0, 0, 0, 0, 0, 0, 0, 0, 0, 0, 0, 0, 0, 0
23, 1196, 2, 1704, 195, 1509, 852.0, 431649.0, 1157553.0, 3, 156, 37, 389534, 1500, 23220, 10527.945945945947, 55963142.15924032, 166800788.0, 26, 1352, 39, 391238, 195, 23220, 10031.74358974359, 56900738.189750694, 158306263.12820512
0, 0, 0, 0, 0, 0, 0, 0, 0, 0, 0, 0, 0, 0, 0, 0, 0, 0, 0, 0, 0, 0, 0, 0, 0, 0, 0
0, 0, 0, 0, 0, 0, 0, 0, 0, 0, 0, 0, 0, 0, 0, 0, 0, 0, 0, 0, 0, 0, 0, 0, 0, 0, 0
0, 0, 1, 195, 195, 195, 195.0, 0.0, 38025.0, 0, 0, 0, 0, 0, 0, 0, 0, 0, 0, 0, 1, 195, 195, 195, 195.0, 0.0, 38025.0
0, 0, 1, 200, 200, 200, 200.0, 0.0, 40000.0, 0, 0, 0, 0, 0, 0, 0, 0, 0, 0, 0, 1, 200, 200, 200, 200.0, 0.0, 40000.0
0, 0, 0, 0, 0, 0, 0, 0, 0, 0, 0, 0, 0, 0, 0, 0, 0, 0, 0, 0, 0, 0, 0, 0, 0, 0, 0
0, 0, 0, 0, 0, 0, 0, 0, 0, 0, 0, 0, 0, 0, 0, 0, 0, 0, 0, 0, 0, 0, 0, 0, 0, 0, 0
0, 0, 1, 200, 200, 200, 200.0, 0.0, 40000.0, 0, 0, 0, 0, 0, 0, 0, 0, 0, 0, 0, 1, 200, 200, 200, 200.0, 0.0, 40000.0
0, 0, 0, 0, 0, 0, 0, 0, 0, 0, 0, 0, 0, 0, 0, 0, 0, 0, 0, 0, 0, 0, 0, 0, 0, 0, 0
0, 0, 0, 0, 0, 0, 0, 0, 0, 0, 0, 0, 0, 0, 0, 0, 0, 0, 0, 0, 0, 0, 0, 0, 0, 0, 0
28, 1456, 5, 2614, 91, 1509, 522.8, 297954.56, 571274.4, 4, 208, 45, 391905, 83, 23220, 8709.0, 60301148.93333333, 136147829.93333334, 32, 1664, 50, 394519, 83, 23220, 7890.38, 60484497.89407201, 122590174.38
0, 0, 0, 0, 0, 0, 0, 0, 0, 0, 0, 0, 0, 0, 0, 0, 0, 0, 0, 0, 0, 0, 0, 0, 0, 0, 0
0, 0, 0, 0, 0, 0, 0, 0, 0, 0, 0, 0, 0, 0, 0, 0, 0, 0, 0, 0, 0, 0, 0, 0, 0, 0, 0
1, 52, 5, 1504, 91, 560, 300.8, 32658.960000000003, 123139.6, 4, 208, 3, 296, 83, 122, 98.66666666666667, 282.88888888888886, 10018.0, 5, 260, 8, 1800, 83, 560, 225.0, 25129.33884297521, 80719.0
2, 104, 1, 91, 91, 91, 91.0, 0.0, 8281.0, 1, 52, 4, 411, 83, 123, 102.75, 266.1875, 10823.75, 3, 156, 5, 502, 83, 123, 100.4, 250.2469135802469, 10315.2
0, 0, 0, 0, 0, 0, 0, 0, 0, 0, 0, 0, 0, 0, 0, 0, 0, 0, 0, 0, 0, 0, 0, 0, 0, 0, 0
31, 1612, 1, 1509, 1509, 1509, 1509.0, 0.0, 2277081.0, 1, 52, 35, 392591, 1500, 24668, 11216.885714285714, 59788450.444081634, 185606975.57142857, 32, 1664, 36, 394100, 1500, 24668, 10947.222222222223, 60255031.116841905, 180514478.5
1, 52, 0, 0, 0, 0, 0, 0, 0, 1, 52, 0, 0, 0, 0, 0, 0, 0, 2, 104, 0, 0, 0, 0, 0, 0, 0
0, 0, 0, 0, 0, 0, 0, 0, 0, 0, 0, 0, 0, 0, 0, 0, 0, 0, 0, 0, 0, 0, 0, 0, 0, 0, 0
0, 0, 0, 0, 0, 0, 0, 0, 0, 0, 0, 0, 0, 0, 0, 0, 0, 0, 0, 0, 0, 0, 0, 0, 0, 0, 0
0, 0, 0, 0, 0, 0, 0, 0, 0, 0, 0, 0, 0, 0, 0, 0, 0, 0, 0, 0, 0, 0, 0, 0, 0, 0, 0
0, 0, 0, 0, 0, 0, 0, 0, 0, 0, 0, 0, 0, 0, 0, 0, 0, 0, 0, 0, 0, 0, 0, 0, 0, 0, 0
0, 0, 0, 0, 0, 0, 0, 0, 0, 0, 0, 0, 0, 0, 0, 0, 0, 0, 0, 0, 0, 0, 0, 0, 0, 0, 0
19, 988, 1, 1509, 1509, 1509, 1509.0, 0.0, 2277081.0, 1, 52, 33, 390263, 1500, 27564, 11826.151515151516, 74647431.03764921, 214505290.6969697, 20, 1040, 34, 391772, 1500, 27564, 11522.70588235294, 75098288.85364224, 208263284.52941176
0, 0, 0, 0, 0, 0, 0, 0, 0, 0, 0, 0, 0, 0, 0, 0, 0, 0, 0, 0, 0, 0, 0, 0, 0, 0, 0
0, 0, 0, 0, 0, 0, 0, 0, 0, 0, 0, 0, 0, 0, 0, 0, 0, 0, 0, 0, 0, 0, 0, 0, 0, 0, 0
0, 0, 0, 0, 0, 0, 0, 0, 0, 0, 0, 0, 0, 0, 0, 0, 0, 0, 0, 0, 0, 0, 0, 0, 0, 0, 0
0, 0, 0, 0, 0, 0, 0, 0, 0, 0, 0, 0, 0, 0, 0, 0, 0, 0, 0, 0, 0, 0, 0, 0, 0, 0, 0
0, 0, 0, 0, 0, 0, 0, 0, 0, 0, 0, 0, 0, 0, 0, 0, 0, 0, 0, 0, 0, 0, 0, 0, 0, 0, 0
0, 0, 0, 0, 0, 0, 0, 0, 0, 0, 0, 0, 0, 0, 0, 0, 0, 0, 0, 0, 0, 0, 0, 0, 0, 0, 0
0, 0, 0, 0, 0, 0, 0, 0, 0, 0, 0, 0, 0, 0, 0, 0, 0, 0, 0, 0, 0, 0, 0, 0, 0, 0, 0
0, 0, 0, 0, 0, 0, 0, 0, 0, 0, 0, 0, 0, 0, 0, 0, 0, 0, 0, 0, 0, 0, 0, 0, 0, 0, 0
0, 0, 0, 0, 0, 0, 0, 0, 0, 0, 0, 0, 0, 0, 0, 0, 0, 0, 0, 0, 0, 0, 0, 0, 0, 0, 0
0, 0, 0, 0, 0, 0, 0, 0, 0, 0, 0, 0, 0, 0, 0, 0, 0, 0, 0, 0, 0, 0, 0, 0, 0, 0, 0
0, 0, 0, 0, 0, 0, 0, 0, 0, 0, 0, 0, 0, 0, 0, 0, 0, 0, 0, 0, 0, 0, 0, 0, 0, 0, 0
0, 0, 0, 0, 0, 0, 0, 0, 0, 0, 0, 0, 0, 0, 0, 0, 0, 0, 0, 0, 0, 0, 0, 0, 0, 0, 0
18, 936, 1, 1509, 1509, 1509, 1509.0, 0.0, 2277081.0, 1, 52, 38, 388596, 2948, 23220, 10226.21052631579, 58761428.797783926, 163336810.52631578, 19, 988, 39, 390105, 1509, 23220, 10002.692307692309, 58972356.72727273, 159207073.87179488
0, 0, 0, 0, 0, 0, 0, 0, 0, 0, 0, 0, 0, 0, 0, 0, 0, 0, 0, 0, 0, 0, 0, 0, 0, 0, 0
0, 0, 0, 0, 0, 0, 0, 0, 0, 0, 0, 0, 0, 0, 0, 0, 0, 0, 0, 0, 0, 0, 0, 0, 0, 0, 0
0, 0, 0, 0, 0, 0, 0, 0, 0, 0, 0, 0, 0, 0, 0, 0, 0, 0, 0, 0, 0, 0, 0, 0, 0, 0, 0
0, 0, 0, 0, 0, 0, 0, 0, 0, 0, 0, 0, 0, 0, 0, 0, 0, 0, 0, 0, 0, 0, 0, 0, 0, 0, 0
0, 0, 0, 0, 0, 0, 0, 0, 0, 0, 0, 0, 0, 0, 0, 0, 0, 0, 0, 0, 0, 0, 0, 0, 0, 0, 0
0, 0, 0, 0, 0, 0, 0, 0, 0, 0, 0, 0, 0, 0, 0, 0, 0, 0, 0, 0, 0, 0, 0, 0, 0, 0, 0
0, 0, 0, 0, 0, 0, 0, 0, 0, 0, 0, 0, 0, 0, 0, 0, 0, 0, 0, 0, 0, 0, 0, 0, 0, 0, 0
0, 0, 0, 0, 0, 0, 0, 0, 0, 0, 0, 0, 0, 0, 0, 0, 0, 0, 0, 0, 0, 0, 0, 0, 0, 0, 0
0, 0, 1, 195, 195, 195, 195.0, 0.0, 38025.0, 0, 0, 0, 0, 0, 0, 0, 0, 0, 0, 0, 1, 195, 195, 195, 195.0, 0.0, 38025.0
0, 0, 0, 0, 0, 0, 0, 0, 0, 0, 0, 0, 0, 0, 0, 0, 0, 0, 0, 0, 0, 0, 0, 0, 0, 0, 0
0, 0, 0, 0, 0, 0, 0, 0, 0, 0, 0, 0, 0, 0, 0, 0, 0, 0, 0, 0, 0, 0, 0, 0, 0, 0, 0
0, 0, 1, 195, 195, 195, 195.0, 0.0, 38025.0, 0, 0, 0, 0, 0, 0, 0, 0, 0, 0, 0, 1, 195, 195, 195, 195.0, 0.0, 38025.0
0, 0, 2, 395, 195, 200, 197.5, 6.25, 39012.5, 0, 0, 0, 0, 0, 0, 0, 0, 0, 0, 0, 2, 395, 195, 200, 197.5, 6.25, 39012.5
24, 1248, 3, 3094, 195, 1509, 1031.3333333333333, 352086.8888888888, 1415735.3333333333, 2, 104, 32, 389739, 1500, 27564, 12179.34375, 68052340.10058594, 216388754.28125, 26, 1352, 35, 392833, 195, 27564, 11223.8, 70336512.80374248, 197962495.5142857
29, 1508, 1, 195, 195, 195, 195.0, 0.0, 38025.0, 0, 0, 64, 746144, 1500, 23220, 11658.5, 53957947.75, 189878570.0, 29, 1508, 65, 746339, 195, 23220, 11482.138461538461, 54550468.5881858, 186957946.23076922
0, 0, 2, 395, 195, 200, 197.5, 6.25, 39012.5, 0, 0, 0, 0, 0, 0, 0, 0, 0, 0, 0, 2, 395, 195, 200, 197.5, 6.25, 39012.5
0, 0, 1, 195, 195, 195, 195.0, 0.0, 38025.0, 0, 0, 0, 0, 0, 0, 0, 0, 0, 0, 0, 1, 195, 195, 195, 195.0, 0.0, 38025.0
0, 0, 2, 390, 195, 195, 195.0, 0.0, 38025.0, 0, 0, 0, 0, 0, 0, 0, 0, 0, 0, 0, 2, 390, 195, 195, 195.0, 0.0, 38025.0
0, 0, 2, 268, 68, 200, 134.0, 4356.0, 22312.0, 0, 0, 0, 0, 0, 0, 0, 0, 0, 0, 0, 2, 268, 68, 200, 134.0, 4356.0, 22312.0
0, 0, 1, 195, 195, 195, 195.0, 0.0, 38025.0, 0, 0, 0, 0, 0, 0, 0, 0, 0, 0, 0, 1, 195, 195, 195, 195.0, 0.0, 38025.0
0, 0, 2, 395, 195, 200, 197.5, 6.25, 39012.5, 0, 0, 0, 0, 0, 0, 0, 0, 0, 0, 0, 2, 395, 195, 200, 197.5, 6.25, 39012.5
0, 0, 3, 463, 68, 200, 154.33333333333334, 3730.888888888889, 27549.666666666668, 0, 0, 0, 0, 0, 0, 0, 0, 0, 0, 0, 3, 463, 68, 200, 154.33333333333334, 3730.888888888889, 27549.666666666668
0, 0, 0, 0, 0, 0, 0, 0, 0, 0, 0, 0, 0, 0, 0, 0, 0, 0, 0, 0, 0, 0, 0, 0, 0, 0, 0
0, 0, 1, 200, 200, 200, 200.0, 0.0, 40000.0, 0, 0, 0, 0, 0, 0, 0, 0, 0, 0, 0, 1, 200, 200, 200, 200.0, 0.0, 40000.0
0, 0, 0, 0, 0, 0, 0, 0, 0, 0, 0, 0, 0, 0, 0, 0, 0, 0, 0, 0, 0, 0, 0, 0, 0, 0, 0
0, 0, 0, 0, 0, 0, 0, 0, 0, 0, 0, 0, 0, 0, 0, 0, 0, 0, 0, 0, 0, 0, 0, 0, 0, 0, 0
0, 0, 2, 268, 68, 200, 134.0, 4356.0, 22312.0, 0, 0, 0, 0, 0, 0, 0, 0, 0, 0, 0, 2, 268, 68, 200, 134.0, 4356.0, 22312.0
17, 884, 1, 1509, 1509, 1509, 1509.0, 0.0, 2277081.0, 1, 52, 42, 388863, 1563, 26116, 9258.642857142857, 61162779.89625851, 146885247.45238096, 18, 936, 43, 390372, 1509, 26116, 9078.418604651162, 61141457.9197232, 143522266.8372093
0, 0, 0, 0, 0, 0, 0, 0, 0, 0, 0, 0, 0, 0, 0, 0, 0, 0, 0, 0, 0, 0, 0, 0, 0, 0, 0
1, 52, 1, 200, 200, 200, 200.0, 0.0, 40000.0, 1, 52, 0, 0, 0, 0, 0, 0, 0, 2, 104, 1, 200, 200, 200, 200.0, 0.0, 40000.0
0, 0, 0, 0, 0, 0, 0, 0, 0, 0, 0, 0, 0, 0, 0, 0, 0, 0, 0, 0, 0, 0, 0, 0, 0, 0, 0
0, 0, 0, 0, 0, 0, 0, 0, 0, 0, 0, 0, 0, 0, 0, 0, 0, 0, 0, 0, 0, 0, 0, 0, 0, 0, 0
0, 0, 1, 195, 195, 195, 195.0, 0.0, 38025.0, 0, 0, 0, 0, 0, 0, 0, 0, 0, 0, 0, 1, 195, 195, 195, 195.0, 0.0, 38025.0
0, 0, 0, 0, 0, 0, 0, 0, 0, 0, 0, 0, 0, 0, 0, 0, 0, 0, 0, 0, 0, 0, 0, 0, 0, 0, 0
0, 0, 0, 0, 0, 0, 0, 0, 0, 0, 0, 0, 0, 0, 0, 0, 0, 0, 0, 0, 0, 0, 0, 0, 0, 0, 0
0, 0, 1, 195, 195, 195, 195.0, 0.0, 38025.0, 0, 0, 0, 0, 0, 0, 0, 0, 0, 0, 0, 1, 195, 195, 195, 195.0, 0.0, 38025.0
0, 0, 1, 157, 157, 157, 157.0, 0.0, 24649.0, 0, 0, 0, 0, 0, 0, 0, 0, 0, 0, 0, 1, 157, 157, 157, 157.0, 0.0, 24649.0
0, 0, 0, 0, 0, 0, 0, 0, 0, 0, 0, 0, 0, 0, 0, 0, 0, 0, 0, 0, 0, 0, 0, 0, 0, 0, 0
0, 0, 1, 195, 195, 195, 195.0, 0.0, 38025.0, 0, 0, 0, 0, 0, 0, 0, 0, 0, 0, 0, 1, 195, 195, 195, 195.0, 0.0, 38025.0
0, 0, 1, 157, 157, 157, 157.0, 0.0, 24649.0, 0, 0, 0, 0, 0, 0, 0, 0, 0, 0, 0, 1, 157, 157, 157, 157.0, 0.0, 24649.0
0, 0, 0, 0, 0, 0, 0, 0, 0, 0, 0, 0, 0, 0, 0, 0, 0, 0, 0, 0, 0, 0, 0, 0, 0, 0, 0
0, 0, 1, 195, 195, 195, 195.0, 0.0, 38025.0, 0, 0, 0, 0, 0, 0, 0, 0, 0, 0, 0, 1, 195, 195, 195, 195.0, 0.0, 38025.0
0, 0, 1, 172, 172, 172, 172.0, 0.0, 29584.0, 0, 0, 0, 0, 0, 0, 0, 0, 0, 0, 0, 1, 172, 172, 172, 172.0, 0.0, 29584.0
0, 0, 0, 0, 0, 0, 0, 0, 0, 0, 0, 0, 0, 0, 0, 0, 0, 0, 0, 0, 0, 0, 0, 0, 0, 0, 0
13, 676, 2, 1666, 157, 1509, 833.0, 456976.0, 1150865.0, 2, 104, 36, 389276, 2948, 29012, 10813.222222222223, 86855474.50617287, 203781249.33333334, 15, 780, 38, 390942, 157, 29012, 10287.947368421053, 87139645.16873631, 193116492.2631579
0, 0, 1, 172, 172, 172, 172.0, 0.0, 29584.0, 0, 0, 0, 0, 0, 0, 0, 0, 0, 0, 0, 1, 172, 172, 172, 172.0, 0.0, 29584.0
0, 0, 1, 157, 157, 157, 157.0, 0.0, 24649.0, 0, 0, 0, 0, 0, 0, 0, 0, 0, 0, 0, 1, 157, 157, 157, 157.0, 0.0, 24649.0
0, 0, 0, 0, 0, 0, 0, 0, 0, 0, 0, 0, 0, 0, 0, 0, 0, 0, 0, 0, 0, 0, 0, 0, 0, 0, 0
0, 0, 1, 157, 157, 157, 157.0, 0.0, 24649.0, 0, 0, 0, 0, 0, 0, 0, 0, 0, 0, 0, 1, 157, 157, 157, 157.0, 0.0, 24649.0
0, 0, 1, 172, 172, 172, 172.0, 0.0, 29584.0, 0, 0, 0, 0, 0, 0, 0, 0, 0, 0, 0, 1, 172, 172, 172, 172.0, 0.0, 29584.0
0, 0, 1, 157, 157, 157, 157.0, 0.0, 24649.0, 0, 0, 0, 0, 0, 0, 0, 0, 0, 0, 0, 1, 157, 157, 157, 157.0, 0.0, 24649.0
0, 0, 0, 0, 0, 0, 0, 0, 0, 0, 0, 0, 0, 0, 0, 0, 0, 0, 0, 0, 0, 0, 0, 0, 0, 0, 0
0, 0, 1, 172, 172, 172, 172.0, 0.0, 29584.0, 0, 0, 0, 0, 0, 0, 0, 0, 0, 0, 0, 1, 172, 172, 172, 172.0, 0.0, 29584.0
0, 0, 0, 0, 0, 0, 0, 0, 0, 0, 0, 0, 0, 0, 0, 0, 0, 0, 0, 0, 0, 0, 0, 0, 0, 0, 0
0, 0, 0, 0, 0, 0, 0, 0, 0, 0, 0, 0, 0, 0, 0, 0, 0, 0, 0, 0, 0, 0, 0, 0, 0, 0, 0
0, 0, 0, 0, 0, 0, 0, 0, 0, 0, 0, 0, 0, 0, 0, 0, 0, 0, 0, 0, 0, 0, 0, 0, 0, 0, 0
4, 208, 3, 906, 91, 724, 302.0, 89042.0, 180246.0, 3, 156, 4, 389, 83, 124, 97.25, 249.1875, 9706.75, 7, 364, 7, 1295, 83, 724, 185.0, 32780.62809917355, 82795.0
24, 1248, 1, 1509, 1509, 1509, 1509.0, 0.0, 2277081.0, 1, 52, 40, 390773, 1500, 26116, 9769.325, 76277490.66937499, 171717201.625, 25, 1300, 41, 392282, 1500, 26116, 9567.853658536585, 76167775.80643193, 167584515.75609756
0, 0, 0, 0, 0, 0, 0, 0, 0, 0, 0, 0, 0, 0, 0, 0, 0, 0, 0, 0, 0, 0, 0, 0, 0, 0, 0
0, 0, 0, 0, 0, 0, 0, 0, 0, 0, 0, 0, 0, 0, 0, 0, 0, 0, 0, 0, 0, 0, 0, 0, 0, 0, 0
0, 0, 1, 226, 226, 226, 226.0, 0.0, 51076.0, 0, 0, 0, 0, 0, 0, 0, 0, 0, 0, 0, 1, 226, 226, 226, 226.0, 0.0, 51076.0
0, 0, 0, 0, 0, 0, 0, 0, 0, 0, 0, 0, 0, 0, 0, 0, 0, 0, 0, 0, 0, 0, 0, 0, 0, 0, 0
0, 0, 0, 0, 0, 0, 0, 0, 0, 0, 0, 0, 0, 0, 0, 0, 0, 0, 0, 0, 0, 0, 0, 0, 0, 0, 0
0, 0, 0, 0, 0, 0, 0, 0, 0, 0, 0, 0, 0, 0, 0, 0, 0, 0, 0, 0, 0, 0, 0, 0, 0, 0, 0
0, 0, 0, 0, 0, 0, 0, 0, 0, 0, 0, 0, 0, 0, 0, 0, 0, 0, 0, 0, 0, 0, 0, 0, 0, 0, 0
0, 0, 0, 0, 0, 0, 0, 0, 0, 0, 0, 0, 0, 0, 0, 0, 0, 0, 0, 0, 0, 0, 0, 0, 0, 0, 0
1, 52, 0, 0, 0, 0, 0, 0, 0, 1, 52, 0, 0, 0, 0, 0, 0, 0, 2, 104, 0, 0, 0, 0, 0, 0, 0
0, 0, 0, 0, 0, 0, 0, 0, 0, 0, 0, 0, 0, 0, 0, 0, 0, 0, 0, 0, 0, 0, 0, 0, 0, 0, 0
0, 0, 0, 0, 0, 0, 0, 0, 0, 0, 0, 0, 0, 0, 0, 0, 0, 0, 0, 0, 0, 0, 0, 0, 0, 0, 0
0, 0, 0, 0, 0, 0, 0, 0, 0, 0, 0, 0, 0, 0, 0, 0, 0, 0, 0, 0, 0, 0, 0, 0, 0, 0, 0
0, 0, 0, 0, 0, 0, 0, 0, 0, 0, 0, 0, 0, 0, 0, 0, 0, 0, 0, 0, 0, 0, 0, 0, 0, 0, 0
0, 0, 0, 0, 0, 0, 0, 0, 0, 0, 0, 0, 0, 0, 0, 0, 0, 0, 0, 0, 0, 0, 0, 0, 0, 0, 0
0, 0, 0, 0, 0, 0, 0, 0, 0, 0, 0, 0, 0, 0, 0, 0, 0, 0, 0, 0, 0, 0, 0, 0, 0, 0, 0
0, 0, 0, 0, 0, 0, 0, 0, 0, 0, 0, 0, 0, 0, 0, 0, 0, 0, 0, 0, 0, 0, 0, 0, 0, 0, 0
23, 1196, 1, 1509, 1509, 1509, 1509.0, 0.0, 2277081.0, 1, 52, 40, 391283, 2948, 21772, 9782.075, 58209098.319375, 153898089.625, 24, 1248, 41, 392792, 1509, 21772, 9580.292682926829, 58325020.37890565, 150200016.24390244
0, 0, 0, 0, 0, 0, 0, 0, 0, 0, 0, 0, 0, 0, 0, 0, 0, 0, 0, 0, 0, 0, 0, 0, 0, 0, 0
0, 0, 0, 0, 0, 0, 0, 0, 0, 0, 0, 0, 0, 0, 0, 0, 0, 0, 0, 0, 0, 0, 0, 0, 0, 0, 0
0, 0, 0, 0, 0, 0, 0, 0, 0, 0, 0, 0, 0, 0, 0, 0, 0, 0, 0, 0, 0, 0, 0, 0, 0, 0, 0
0, 0, 0, 0, 0, 0, 0, 0, 0, 0, 0, 0, 0, 0, 0, 0, 0, 0, 0, 0, 0, 0, 0, 0, 0, 0, 0
0, 0, 1, 168, 168, 168, 168.0, 0.0, 28224.0, 0, 0, 0, 0, 0, 0, 0, 0, 0, 0, 0, 1, 168, 168, 168, 168.0, 0.0, 28224.0
0, 0, 0, 0, 0, 0, 0, 0, 0, 0, 0, 0, 0, 0, 0, 0, 0, 0, 0, 0, 0, 0, 0, 0, 0, 0, 0
0, 0, 0, 0, 0, 0, 0, 0, 0, 0, 0, 0, 0, 0, 0, 0, 0, 0, 0, 0, 0, 0, 0, 0, 0, 0, 0
0, 0, 0, 0, 0, 0, 0, 0, 0, 0, 0, 0, 0, 0, 0, 0, 0, 0, 0, 0, 0, 0, 0, 0, 0, 0, 0
1, 52, 1, 195, 195, 195, 195.0, 0.0, 38025.0, 1, 52, 0, 0, 0, 0, 0, 0, 0, 2, 104, 1, 195, 195, 195, 195.0, 0.0, 38025.0
0, 0, 0, 0, 0, 0, 0, 0, 0, 0, 0, 0, 0, 0, 0, 0, 0, 0, 0, 0, 0, 0, 0, 0, 0, 0, 0
0, 0, 0, 0, 0, 0, 0, 0, 0, 0, 0, 0, 0, 0, 0, 0, 0, 0, 0, 0, 0, 0, 0, 0, 0, 0, 0
0, 0, 1, 195, 195, 195, 195.0, 0.0, 38025.0, 0, 0, 0, 0, 0, 0, 0, 0, 0, 0, 0, 1, 195, 195, 195, 195.0, 0.0, 38025.0
25, 1300, 4, 2159, 91, 1509, 539.75, 336836.6875, 628166.75, 4, 208, 35, 390487, 83, 29012, 11156.771428571428, 82053755.26204082, 206527303.97142857, 29, 1508, 39, 392646, 83, 29012, 10067.846153846154, 83400306.1068298, 185409443.74358973
2, 104, 0, 0, 0, 0, 0, 0, 0, 2, 104, 0, 0, 0, 0, 0, 0, 0, 4, 208, 0, 0, 0, 0, 0, 0, 0
0, 0, 1, 195, 195, 195, 195.0, 0.0, 38025.0, 0, 0, 0, 0, 0, 0, 0, 0, 0, 0, 0, 1, 195, 195, 195, 195.0, 0.0, 38025.0
0, 0, 0, 0, 0, 0, 0, 0, 0, 0, 0, 0, 0, 0, 0, 0, 0, 0, 0, 0, 0, 0, 0, 0, 0, 0, 0
0, 0, 1, 195, 195, 195, 195.0, 0.0, 38025.0, 0, 0, 0, 0, 0, 0, 0, 0, 0, 0, 0, 1, 195, 195, 195, 195.0, 0.0, 38025.0
0, 0, 0, 0, 0, 0, 0, 0, 0, 0, 0, 0, 0, 0, 0, 0, 0, 0, 0, 0, 0, 0, 0, 0, 0, 0, 0
0, 0, 0, 0, 0, 0, 0, 0, 0, 0, 0, 0, 0, 0, 0, 0, 0, 0, 0, 0, 0, 0, 0, 0, 0, 0, 0
0, 0, 0, 0, 0, 0, 0, 0, 0, 0, 0, 0, 0, 0, 0, 0, 0, 0, 0, 0, 0, 0, 0, 0, 0, 0, 0
0, 0, 0, 0, 0, 0, 0, 0, 0, 0, 0, 0, 0, 0, 0, 0, 0, 0, 0, 0, 0, 0, 0, 0, 0, 0, 0
0, 0, 0, 0, 0, 0, 0, 0, 0, 0, 0, 0, 0, 0, 0, 0, 0, 0, 0, 0, 0, 0, 0, 0, 0, 0, 0
0, 0, 0, 0, 0, 0, 0, 0, 0, 0, 0, 0, 0, 0, 0, 0, 0, 0, 0, 0, 0, 0, 0, 0, 0, 0, 0
0, 0, 0, 0, 0, 0, 0, 0, 0, 0, 0, 0, 0, 0, 0, 0, 0, 0, 0, 0, 0, 0, 0, 0, 0, 0, 0
0, 0, 0, 0, 0, 0, 0, 0, 0, 0, 0, 0, 0, 0, 0, 0, 0, 0, 0, 0, 0, 0, 0, 0, 0, 0, 0
0, 0, 0, 0, 0, 0, 0, 0, 0, 0, 0, 0, 0, 0, 0, 0, 0, 0, 0, 0, 0, 0, 0, 0, 0, 0, 0
0, 0, 0, 0, 0, 0, 0, 0, 0, 0, 0, 0, 0, 0, 0, 0, 0, 0, 0, 0, 0, 0, 0, 0, 0, 0, 0
0, 0, 0, 0, 0, 0, 0, 0, 0, 0, 0, 0, 0, 0, 0, 0, 0, 0, 0, 0, 0, 0, 0, 0, 0, 0, 0
28, 1456, 1, 1509, 1509, 1509, 1509.0, 0.0, 2277081.0, 1, 52, 35, 391081, 2697, 20324, 11173.742857142857, 50173719.27673469, 175026248.7142857, 29, 1508, 36, 392590, 1509, 20324, 10905.277777777777, 50764112.79904781, 170227660.7222222
0, 0, 0, 0, 0, 0, 0, 0, 0, 0, 0, 0, 0, 0, 0, 0, 0, 0, 0, 0, 0, 0, 0, 0, 0, 0, 0
1, 52, 0, 0, 0, 0, 0, 0, 0, 0, 0, 0, 0, 0, 0, 0, 0, 0, 1, 52, 0, 0, 0, 0, 0, 0, 0
0, 0, 0, 0, 0, 0, 0, 0, 0, 1, 52, 0, 0, 0, 0, 0, 0, 0, 1, 52, 0, 0, 0, 0, 0, 0, 0
0, 0, 1, 200, 200, 200, 200.0, 0.0, 40000.0, 0, 0, 0, 0, 0, 0, 0, 0, 0, 0, 0, 1, 200, 200, 200, 200.0, 0.0, 40000.0
0, 0, 0, 0, 0, 0, 0, 0, 0, 0, 0, 0, 0, 0, 0, 0, 0, 0, 0, 0, 0, 0, 0, 0, 0, 0, 0
0, 0, 0, 0, 0, 0, 0, 0, 0, 0, 0, 0, 0, 0, 0, 0, 0, 0, 0, 0, 0, 0, 0, 0, 0, 0, 0
0, 0, 1, 200, 200, 200, 200.0, 0.0, 40000.0, 0, 0, 0, 0, 0, 0, 0, 0, 0, 0, 0, 1, 200, 200, 200, 200.0, 0.0, 40000.0
0, 0, 0, 0, 0, 0, 0, 0, 0, 0, 0, 0, 0, 0, 0, 0, 0, 0, 0, 0, 0, 0, 0, 0, 0, 0, 0
0, 0, 1, 200, 200, 200, 200.0, 0.0, 40000.0, 0, 0, 0, 0, 0, 0, 0, 0, 0, 0, 0, 1, 200, 200, 200, 200.0, 0.0, 40000.0
0, 0, 0, 0, 0, 0, 0, 0, 0, 0, 0, 0, 0, 0, 0, 0, 0, 0, 0, 0, 0, 0, 0, 0, 0, 0, 0
0, 0, 0, 0, 0, 0, 0, 0, 0, 0, 0, 0, 0, 0, 0, 0, 0, 0, 0, 0, 0, 0, 0, 0, 0, 0, 0
0, 0, 1, 200, 200, 200, 200.0, 0.0, 40000.0, 0, 0, 0, 0, 0, 0, 0, 0, 0, 0, 0, 1, 200, 200, 200, 200.0, 0.0, 40000.0
0, 0, 0, 0, 0, 0, 0, 0, 0, 0, 0, 0, 0, 0, 0, 0, 0, 0, 0, 0, 0, 0, 0, 0, 0, 0, 0
15, 780, 1, 1509, 1509, 1509, 1509.0, 0.0, 2277081.0, 1, 52, 38, 392351, 2948, 17428, 10325.026315789473, 46049737.92036011, 152655906.34210527, 16, 832, 39, 393860, 1509, 17428, 10098.97435897436, 46447961.31388091, 148800039.02564102
0, 0, 1, 195, 195, 195, 195.0, 0.0, 38025.0, 0, 0, 0, 0, 0, 0, 0, 0, 0, 0, 0, 1, 195, 195, 195, 195.0, 0.0, 38025.0
0, 0, 0, 0, 0, 0, 0, 0, 0, 0, 0, 0, 0, 0, 0, 0, 0, 0, 0, 0, 0, 0, 0, 0, 0, 0, 0
0, 0, 1, 195, 195, 195, 195.0, 0.0, 38025.0, 0, 0, 0, 0, 0, 0, 0, 0, 0, 0, 0, 1, 195, 195, 195, 195.0, 0.0, 38025.0
0, 0, 0, 0, 0, 0, 0, 0, 0, 0, 0, 0, 0, 0, 0, 0, 0, 0, 0, 0, 0, 0, 0, 0, 0, 0, 0
0, 0, 1, 195, 195, 195, 195.0, 0.0, 38025.0, 0, 0, 0, 0, 0, 0, 0, 0, 0, 0, 0, 1, 195, 195, 195, 195.0, 0.0, 38025.0
0, 0, 1, 195, 195, 195, 195.0, 0.0, 38025.0, 0, 0, 0, 0, 0, 0, 0, 0, 0, 0, 0, 1, 195, 195, 195, 195.0, 0.0, 38025.0
0, 0, 0, 0, 0, 0, 0, 0, 0, 0, 0, 0, 0, 0, 0, 0, 0, 0, 0, 0, 0, 0, 0, 0, 0, 0, 0
0, 0, 1, 195, 195, 195, 195.0, 0.0, 38025.0, 0, 0, 0, 0, 0, 0, 0, 0, 0, 0, 0, 1, 195, 195, 195, 195.0, 0.0, 38025.0
0, 0, 1, 195, 195, 195, 195.0, 0.0, 38025.0, 0, 0, 0, 0, 0, 0, 0, 0, 0, 0, 0, 1, 195, 195, 195, 195.0, 0.0, 38025.0
28, 1456, 1, 1390, 1390, 1390, 1390.0, 0.0, 1932100.0, 0, 0, 62, 767070, 2948, 23220, 12372.09677419355, 59092884.70031217, 212161663.29032257, 28, 1456, 63, 768460, 1390, 23220, 12197.777777777777, 59577274.40640001, 208824686.0952381
0, 0, 1, 195, 195, 195, 195.0, 0.0, 38025.0, 0, 0, 0, 0, 0, 0, 0, 0, 0, 0, 0, 1, 195, 195, 195, 195.0, 0.0, 38025.0
0, 0, 0, 0, 0, 0, 0, 0, 0, 0, 0, 0, 0, 0, 0, 0, 0, 0, 0, 0, 0, 0, 0, 0, 0, 0, 0
0, 0, 1, 195, 195, 195, 195.0, 0.0, 38025.0, 0, 0, 0, 0, 0, 0, 0, 0, 0, 0, 0, 1, 195, 195, 195, 195.0, 0.0, 38025.0
0, 0, 0, 0, 0, 0, 0, 0, 0, 0, 0, 0, 0, 0, 0, 0, 0, 0, 0, 0, 0, 0, 0, 0, 0, 0, 0
0, 0, 0, 0, 0, 0, 0, 0, 0, 0, 0, 0, 0, 0, 0, 0, 0, 0, 0, 0, 0, 0, 0, 0, 0, 0, 0
20, 1040, 1, 1509, 1509, 1509, 1509.0, 0.0, 2277081.0, 1, 52, 38, 389423, 1500, 23220, 10247.973684210527, 50359935.39404432, 155380900.02631578, 21, 1092, 39, 390932, 1500, 23220, 10023.897435897436, 50684843.34052961, 151455161.07692307
0, 0, 0, 0, 0, 0, 0, 0, 0, 0, 0, 0, 0, 0, 0, 0, 0, 0, 0, 0, 0, 0, 0, 0, 0, 0, 0
0, 0, 0, 0, 0, 0, 0, 0, 0, 0, 0, 0, 0, 0, 0, 0, 0, 0, 0, 0, 0, 0, 0, 0, 0, 0, 0
0, 0, 0, 0, 0, 0, 0, 0, 0, 0, 0, 0, 0, 0, 0, 0, 0, 0, 0, 0, 0, 0, 0, 0, 0, 0, 0
0, 0, 0, 0, 0, 0, 0, 0, 0, 0, 0, 0, 0, 0, 0, 0, 0, 0, 0, 0, 0, 0, 0, 0, 0, 0, 0
0, 0, 0, 0, 0, 0, 0, 0, 0, 0, 0, 0, 0, 0, 0, 0, 0, 0, 0, 0, 0, 0, 0, 0, 0, 0, 0
0, 0, 2, 815, 91, 724, 407.5, 100172.25, 266228.5, 0, 0, 0, 0, 0, 0, 0, 0, 0, 0, 0, 2, 815, 91, 724, 407.5, 100172.25, 266228.5
4, 208, 1, 91, 91, 91, 91.0, 0.0, 8281.0, 3, 156, 4, 389, 83, 124, 97.25, 249.1875, 9706.75, 7, 364, 5, 480, 83, 124, 96.0, 225.35802469135803, 9421.6
0, 0, 0, 0, 0, 0, 0, 0, 0, 0, 0, 0, 0, 0, 0, 0, 0, 0, 0, 0, 0, 0, 0, 0, 0, 0, 0
0, 0, 0, 0, 0, 0, 0, 0, 0, 0, 0, 0, 0, 0, 0, 0, 0, 0, 0, 0, 0, 0, 0, 0, 0, 0, 0
0, 0, 0, 0, 0, 0, 0, 0, 0, 0, 0, 0, 0, 0, 0, 0, 0, 0, 0, 0, 0, 0, 0, 0, 0, 0, 0
0, 0, 0, 0, 0, 0, 0, 0, 0, 0, 0, 0, 0, 0, 0, 0, 0, 0, 0, 0, 0, 0, 0, 0, 0, 0, 0
0, 0, 0, 0, 0, 0, 0, 0, 0, 0, 0, 0, 0, 0, 0, 0, 0, 0, 0, 0, 0, 0, 0, 0, 0, 0, 0
0, 0, 0, 0, 0, 0, 0, 0, 0, 0, 0, 0, 0, 0, 0, 0, 0, 0, 0, 0, 0, 0, 0, 0, 0, 0, 0
16, 832, 1, 1509, 1509, 1509, 1509.0, 0.0, 2277081.0, 1, 52, 34, 389537, 1500, 26116, 11456.970588235294, 79471670.38148789, 210733845.44117647, 17, 884, 35, 391046, 1500, 26116, 11172.742857142857, 79733354.65448436, 204777937.8857143
0, 0, 0, 0, 0, 0, 0, 0, 0, 0, 0, 0, 0, 0, 0, 0, 0, 0, 0, 0, 0, 0, 0, 0, 0, 0, 0
0, 0, 0, 0, 0, 0, 0, 0, 0, 0, 0, 0, 0, 0, 0, 0, 0, 0, 0, 0, 0, 0, 0, 0, 0, 0, 0
0, 0, 0, 0, 0, 0, 0, 0, 0, 0, 0, 0, 0, 0, 0, 0, 0, 0, 0, 0, 0, 0, 0, 0, 0, 0, 0
0, 0, 0, 0, 0, 0, 0, 0, 0, 0, 0, 0, 0, 0, 0, 0, 0, 0, 0, 0, 0, 0, 0, 0, 0, 0, 0
0, 0, 0, 0, 0, 0, 0, 0, 0, 0, 0, 0, 0, 0, 0, 0, 0, 0, 0, 0, 0, 0, 0, 0, 0, 0, 0
0, 0, 0, 0, 0, 0, 0, 0, 0, 0, 0, 0, 0, 0, 0, 0, 0, 0, 0, 0, 0, 0, 0, 0, 0, 0, 0
0, 0, 0, 0, 0, 0, 0, 0, 0, 0, 0, 0, 0, 0, 0, 0, 0, 0, 0, 0, 0, 0, 0, 0, 0, 0, 0
0, 0, 0, 0, 0, 0, 0, 0, 0, 0, 0, 0, 0, 0, 0, 0, 0, 0, 0, 0, 0, 0, 0, 0, 0, 0, 0
0, 0, 0, 0, 0, 0, 0, 0, 0, 0, 0, 0, 0, 0, 0, 0, 0, 0, 0, 0, 0, 0, 0, 0, 0, 0, 0
0, 0, 0, 0, 0, 0, 0, 0, 0, 0, 0, 0, 0, 0, 0, 0, 0, 0, 0, 0, 0, 0, 0, 0, 0, 0, 0
0, 0, 0, 0, 0, 0, 0, 0, 0, 0, 0, 0, 0, 0, 0, 0, 0, 0, 0, 0, 0, 0, 0, 0, 0, 0, 0
0, 0, 0, 0, 0, 0, 0, 0, 0, 0, 0, 0, 0, 0, 0, 0, 0, 0, 0, 0, 0, 0, 0, 0, 0, 0, 0
0, 0, 0, 0, 0, 0, 0, 0, 0, 0, 0, 0, 0, 0, 0, 0, 0, 0, 0, 0, 0, 0, 0, 0, 0, 0, 0
0, 0, 0, 0, 0, 0, 0, 0, 0, 0, 0, 0, 0, 0, 0, 0, 0, 0, 0, 0, 0, 0, 0, 0, 0, 0, 0
0, 0, 1, 1509, 1509, 1509, 1509.0, 0.0, 2277081.0, 0, 0, 0, 0, 0, 0, 0, 0, 0, 0, 0, 1, 1509, 1509, 1509, 1509.0, 0.0, 2277081.0
17, 884, 0, 0, 0, 0, 0, 0, 0, 1, 52, 37, 390404, 1500, 23220, 10551.45945945946, 60984436.032140255, 172317732.75675675, 18, 936, 37, 390404, 1500, 23220, 10551.45945945946, 60984436.03214024, 172317732.75675675
0, 0, 0, 0, 0, 0, 0, 0, 0, 0, 0, 0, 0, 0, 0, 0, 0, 0, 0, 0, 0, 0, 0, 0, 0, 0, 0
0, 0, 0, 0, 0, 0, 0, 0, 0, 0, 0, 0, 0, 0, 0, 0, 0, 0, 0, 0, 0, 0, 0, 0, 0, 0, 0
0, 0, 0, 0, 0, 0, 0, 0, 0, 0, 0, 0, 0, 0, 0, 0, 0, 0, 0, 0, 0, 0, 0, 0, 0, 0, 0
0, 0, 0, 0, 0, 0, 0, 0, 0, 0, 0, 0, 0, 0, 0, 0, 0, 0, 0, 0, 0, 0, 0, 0, 0, 0, 0
0, 0, 0, 0, 0, 0, 0, 0, 0, 0, 0, 0, 0, 0, 0, 0, 0, 0, 0, 0, 0, 0, 0, 0, 0, 0, 0
0, 0, 0, 0, 0, 0, 0, 0, 0, 0, 0, 0, 0, 0, 0, 0, 0, 0, 0, 0, 0, 0, 0, 0, 0, 0, 0
0, 0, 0, 0, 0, 0, 0, 0, 0, 0, 0, 0, 0, 0, 0, 0, 0, 0, 0, 0, 0, 0, 0, 0, 0, 0, 0
0, 0, 0, 0, 0, 0, 0, 0, 0, 0, 0, 0, 0, 0, 0, 0, 0, 0, 0, 0, 0, 0, 0, 0, 0, 0, 0
0, 0, 0, 0, 0, 0, 0, 0, 0, 0, 0, 0, 0, 0, 0, 0, 0, 0, 0, 0, 0, 0, 0, 0, 0, 0, 0
0, 0, 0, 0, 0, 0, 0, 0, 0, 0, 0, 0, 0, 0, 0, 0, 0, 0, 0, 0, 0, 0, 0, 0, 0, 0, 0
0, 0, 0, 0, 0, 0, 0, 0, 0, 0, 0, 0, 0, 0, 0, 0, 0, 0, 0, 0, 0, 0, 0, 0, 0, 0, 0
0, 0, 0, 0, 0, 0, 0, 0, 0, 0, 0, 0, 0, 0, 0, 0, 0, 0, 0, 0, 0, 0, 0, 0, 0, 0, 0
17, 884, 1, 1509, 1509, 1509, 1509.0, 0.0, 2277081.0, 1, 52, 37, 390165, 1500, 23220, 10545.0, 64528711.027027026, 175725736.02702704, 18, 936, 38, 391674, 1500, 23220, 10307.21052631579, 64742470.06293333, 171161297.7368421
0, 0, 0, 0, 0, 0, 0, 0, 0, 0, 0, 0, 0, 0, 0, 0, 0, 0, 0, 0, 0, 0, 0, 0, 0, 0, 0
0, 0, 0, 0, 0, 0, 0, 0, 0, 0, 0, 0, 0, 0, 0, 0, 0, 0, 0, 0, 0, 0, 0, 0, 0, 0, 0
