addr1_packet_ctrl, addr1_bytes_ctrl, addr1_packet, addr1_bytes, addr1_pkt_len_min, addr1_pkt_len_max, addr1_pkt_len_avg,addr1_pkt_len_var, addr1_pkt_len_mom2, addr2_packet_ctrl, addr2_bytes_ctrl, addr2_packet, addr2_bytes, addr2_pkt_len_min, addr2_pkt_len_max, addr2_pkt_len_avg,addr2_pkt_len_var, addr2_pkt_len_mom2, addra_packet_ctrl, addra_bytes_ctrl, addra_packet, addra_bytes, addra_pkt_len_min, addra_pkt_len_max, addra_pkt_len_avg,addra_pkt_len_var, addra_pkt_len_mom2 
1, 60, 0, 0, 0, 0, 0, 0, 0, 1, 60, 0, 0, 0, 0, 0, 0, 0, 2, 120, 0, 0, 0, 0, 0, 0, 0
3, 172, 3, 862, 93, 569, 287.3333333333333, 41576.222222222226, 124136.66666666667, 2, 112, 0, 0, 0, 0, 0, 0, 0, 5, 284, 3, 862, 93, 569, 287.3333333333333, 41576.222222222226, 124136.66666666667
25, 1300, 18, 3403, 83, 594, 189.05555555555554, 25907.94135802469, 61649.944444444445, 18, 944, 29, 52387, 83, 5724, 1806.448275862069, 3267215.0749108205, 6530470.448275862, 43, 2244, 47, 55790, 83, 5724, 1187.0212765957447, 2972366.2622922435, 4053049.829787234
9, 484, 8, 2120, 83, 569, 265.0, 41895.5, 112120.5, 10, 536, 8, 8222, 83, 3833, 1027.75, 1816174.6875, 2872444.75, 19, 1020, 16, 10342, 83, 3833, 646.375, 1354034.4166666667, 1492282.625
27, 1428, 10, 3800, 68, 583, 380.0, 44877.6, 189277.6, 9, 492, 22, 56196, 84, 5724, 2554.3636363636365, 2886233.595041322, 9411007.181818182, 36, 1920, 32, 59996, 68, 5724, 1874.875, 3073450.6529492447, 6529216.6875
27, 1404, 6, 951, 83, 322, 158.5, 6722.916666666667, 31845.166666666668, 4, 208, 50, 75225, 79, 3139, 1504.5, 624722.25, 2888242.5, 31, 1612, 56, 76176, 79, 3139, 1360.2857142857142, 686486.4030793876, 2582199.9285714286
131, 6812, 3, 377, 91, 195, 125.66666666666667, 2403.5555555555557, 18195.666666666668, 2, 104, 208, 420477, 87, 10149, 2021.5240384615386, 2451623.172499075, 6538182.610576923, 133, 6916, 211, 420854, 87, 10149, 1994.568720379147, 2459637.4032159764, 6445481.374407583
0, 0, 1, 200, 200, 200, 200.0, 0.0, 40000.0, 0, 0, 0, 0, 0, 0, 0, 0, 0, 0, 0, 1, 200, 200, 200, 200.0, 0.0, 40000.0
0, 0, 2, 390, 195, 195, 195.0, 0.0, 38025.0, 0, 0, 0, 0, 0, 0, 0, 0, 0, 0, 0, 2, 390, 195, 195, 195.0, 0.0, 38025.0
54, 2824, 11, 7340, 68, 1547, 667.2727272727273, 314459.65289256204, 759712.5454545454, 11, 588, 53, 207801, 83, 8740, 3920.7735849056603, 3995690.3638305455, 19368155.86792453, 65, 3412, 64, 215141, 68, 8740, 3361.578125, 4551222.423551756, 16169829.671875
17, 892, 19, 9126, 82, 1523, 480.3157894736842, 267237.37396121887, 497940.63157894736, 18, 944, 23, 134684, 83, 15980, 5855.826086956522, 52710771.53497164, 87001470.69565217, 35, 1836, 42, 143810, 82, 15980, 3424.0476190476193, 43358685.44946745, 47868921.38095238
99, 5148, 12, 5638, 68, 1525, 469.8333333333333, 321455.63888888893, 542199.0, 7, 364, 135, 1211748, 83, 17428, 8975.91111111111, 41811445.51802469, 122378425.7925926, 106, 5512, 147, 1217386, 68, 17428, 8281.537414965986, 42993764.79186158, 112432611.36054422
0, 0, 0, 0, 0, 0, 0, 0, 0, 0, 0, 0, 0, 0, 0, 0, 0, 0, 0, 0, 0, 0, 0, 0, 0, 0, 0
7, 364, 4, 732, 83, 414, 183.0, 18336.5, 51825.5, 2, 104, 7, 8171, 83, 2888, 1167.2857142857142, 1372175.3469387756, 2734731.285714286, 9, 468, 11, 8903, 83, 2888, 809.3636363636364, 1238772.3580246912, 1759129.1818181819
0, 0, 3, 410, 91, 195, 136.66666666666666, 1882.8888888888887, 20560.666666666668, 2, 104, 1, 131, 131, 131, 131.0, 0.0, 17161.0, 2, 104, 4, 541, 91, 195, 135.25, 1137.44, 19710.75
0, 0, 0, 0, 0, 0, 0, 0, 0, 0, 0, 0, 0, 0, 0, 0, 0, 0, 0, 0, 0, 0, 0, 0, 0, 0, 0
0, 0, 0, 0, 0, 0, 0, 0, 0, 0, 0, 0, 0, 0, 0, 0, 0, 0, 0, 0, 0, 0, 0, 0, 0, 0, 0
1, 40, 3, 331, 68, 195, 110.33333333333333, 3584.222222222222, 15757.666666666666, 0, 0, 0, 0, 0, 0, 0, 0, 0, 1, 40, 3, 331, 68, 195, 110.33333333333333, 3584.2222222222226, 15757.666666666666
2, 92, 2, 276, 91, 185, 138.0, 2209.0, 21253.0, 2, 104, 3, 476, 91, 202, 158.66666666666666, 2349.555555555555, 27524.666666666668, 4, 196, 5, 752, 91, 202, 150.4, 2394.5, 25016.0
0, 0, 2, 288, 68, 220, 144.0, 5776.0, 26512.0, 0, 0, 0, 0, 0, 0, 0, 0, 0, 0, 0, 2, 288, 68, 220, 144.0, 5776.0, 26512.0
1, 40, 5, 1381, 87, 761, 276.2, 62514.56000000001, 138801.0, 4, 208, 1, 160, 160, 160, 160.0, 0.0, 25600.0, 5, 248, 6, 1541, 87, 761, 256.8333333333333, 47408.857142857145, 119934.16666666667
5, 260, 3, 306, 91, 124, 102.0, 242.0, 10646.0, 3, 156, 7, 716, 83, 132, 102.28571428571429, 343.9183673469388, 10806.285714285714, 8, 416, 10, 1022, 83, 132, 102.2, 325.94463667820077, 10758.2
0, 0, 0, 0, 0, 0, 0, 0, 0, 0, 0, 0, 0, 0, 0, 0, 0, 0, 0, 0, 0, 0, 0, 0, 0, 0, 0
32, 1652, 3, 3115, 195, 1527, 1038.3333333333333, 358598.22222222225, 1436734.3333333333, 1, 52, 53, 560255, 346, 26116, 10570.849056603774, 75779222.46778214, 187522072.245283, 33, 1704, 56, 563370, 195, 26116, 10060.17857142857, 76135568.91036108, 177553214.85714287
0, 0, 0, 0, 0, 0, 0, 0, 0, 0, 0, 0, 0, 0, 0, 0, 0, 0, 0, 0, 0, 0, 0, 0, 0, 0, 0
0, 0, 1, 68, 68, 68, 68.0, 0.0, 4624.0, 0, 0, 0, 0, 0, 0, 0, 0, 0, 0, 0, 1, 68, 68, 68, 68.0, 0.0, 4624.0
0, 0, 1, 195, 195, 195, 195.0, 0.0, 38025.0, 0, 0, 0, 0, 0, 0, 0, 0, 0, 0, 0, 1, 195, 195, 195, 195.0, 0.0, 38025.0
0, 0, 0, 0, 0, 0, 0, 0, 0, 0, 0, 0, 0, 0, 0, 0, 0, 0, 0, 0, 0, 0, 0, 0, 0, 0, 0
0, 0, 0, 0, 0, 0, 0, 0, 0, 0, 0, 0, 0, 0, 0, 0, 0, 0, 0, 0, 0, 0, 0, 0, 0, 0, 0
0, 0, 0, 0, 0, 0, 0, 0, 0, 0, 0, 0, 0, 0, 0, 0, 0, 0, 0, 0, 0, 0, 0, 0, 0, 0, 0
0, 0, 2, 390, 195, 195, 195.0, 0.0, 38025.0, 0, 0, 0, 0, 0, 0, 0, 0, 0, 0, 0, 2, 390, 195, 195, 195.0, 0.0, 38025.0
0, 0, 0, 0, 0, 0, 0, 0, 0, 0, 0, 0, 0, 0, 0, 0, 0, 0, 0, 0, 0, 0, 0, 0, 0, 0, 0
0, 0, 0, 0, 0, 0, 0, 0, 0, 0, 0, 0, 0, 0, 0, 0, 0, 0, 0, 0, 0, 0, 0, 0, 0, 0, 0
9, 468, 8, 5317, 91, 1687, 664.625, 363562.984375, 805289.375, 7, 364, 38, 330616, 83, 26116, 8700.421052631578, 90397318.2437673, 166094644.7368421, 16, 832, 46, 335933, 83, 26116, 7302.891304347826, 87386876.00042517, 137348669.89130434
0, 0, 0, 0, 0, 0, 0, 0, 0, 0, 0, 0, 0, 0, 0, 0, 0, 0, 0, 0, 0, 0, 0, 0, 0, 0, 0
0, 0, 2, 352, 157, 195, 176.0, 361.0, 31337.0, 0, 0, 0, 0, 0, 0, 0, 0, 0, 0, 0, 2, 352, 157, 195, 176.0, 361.0, 31337.0
20, 1040, 2, 1588, 195, 1393, 794.0, 358801.0, 989237.0, 0, 0, 34, 347927, 2948, 23220, 10233.14705882353, 55901205.53719725, 160618504.2647059, 20, 1040, 36, 349515, 195, 23220, 9708.75, 56787189.81959185, 151750211.6388889
0, 0, 1, 157, 157, 157, 157.0, 0.0, 24649.0, 0, 0, 0, 0, 0, 0, 0, 0, 0, 0, 0, 1, 157, 157, 157, 157.0, 0.0, 24649.0
0, 0, 4, 999, 157, 452, 249.75, 13875.6875, 76250.75, 1, 52, 0, 0, 0, 0, 0, 0, 0, 1, 52, 4, 999, 157, 452, 249.75, 13875.6875, 76250.75
25, 1300, 2, 1618, 91, 1527, 809.0, 515524.0, 1170005.0, 3, 156, 36, 328564, 83, 29012, 9126.777777777777, 64571896.89506173, 147869969.5, 28, 1456, 38, 330182, 83, 29012, 8689.0, 64659982.78305331, 140148918.7368421
0, 0, 1, 172, 172, 172, 172.0, 0.0, 29584.0, 0, 0, 0, 0, 0, 0, 0, 0, 0, 0, 0, 1, 172, 172, 172, 172.0, 0.0, 29584.0
0, 0, 1, 157, 157, 157, 157.0, 0.0, 24649.0, 0, 0, 0, 0, 0, 0, 0, 0, 0, 0, 0, 1, 157, 157, 157, 157.0, 0.0, 24649.0
0, 0, 1, 157, 157, 157, 157.0, 0.0, 24649.0, 0, 0, 0, 0, 0, 0, 0, 0, 0, 0, 0, 1, 157, 157, 157, 157.0, 0.0, 24649.0
1, 52, 3, 2204, 172, 1132, 734.6666666666666, 167267.55555555556, 707002.6666666666, 1, 52, 2, 1047, 324, 723, 523.5, 39800.25, 313852.5, 2, 104, 5, 3251, 172, 1132, 650.2, 105349.42857142857, 549742.6
16, 832, 2, 1699, 172, 1527, 849.5, 459006.25, 1180656.5, 1, 52, 27, 331024, 2948, 20324, 12260.148148148148, 42288341.90397806, 192599574.5185185, 17, 884, 29, 332723, 172, 20324, 11473.206896551725, 45278465.19866072, 179398269.8275862
0, 0, 2, 1057, 157, 900, 528.5, 138012.25, 417324.5, 0, 0, 0, 0, 0, 0, 0, 0, 0, 0, 0, 2, 1057, 157, 900, 528.5, 138012.25, 417324.5
0, 0, 4, 729, 157, 200, 182.25, 343.1875, 33558.25, 1, 64, 0, 0, 0, 0, 0, 0, 0, 1, 64, 4, 729, 157, 200, 182.25, 343.1875, 33558.25
1, 52, 14, 26244, 91, 4156, 1874.5714285714287, 2272730.9591836734, 5786749.0, 23, 1196, 3, 410, 91, 174, 136.66666666666666, 1182.888888888889, 19860.666666666668, 24, 1248, 17, 26654, 91, 4156, 1567.8823529411766, 2225532.2600000007, 4769062.823529412
0, 0, 2, 357, 157, 200, 178.5, 462.25, 32324.5, 0, 0, 0, 0, 0, 0, 0, 0, 0, 0, 0, 2, 357, 157, 200, 178.5, 462.25, 32324.5
0, 0, 2, 357, 157, 200, 178.5, 462.25, 32324.5, 0, 0, 0, 0, 0, 0, 0, 0, 0, 0, 0, 2, 357, 157, 200, 178.5, 462.25, 32324.5
0, 0, 1, 172, 172, 172, 172.0, 0.0, 29584.0, 0, 0, 0, 0, 0, 0, 0, 0, 0, 0, 0, 1, 172, 172, 172, 172.0, 0.0, 29584.0
12, 624, 3, 1927, 200, 1527, 642.3333333333334, 391317.5555555555, 803909.6666666666, 1, 52, 27, 336925, 2948, 23220, 12478.703703703704, 49772436.57887517, 205490482.7037037, 13, 676, 30, 338852, 200, 23220, 11295.066666666668, 54159009.10618652, 185021825.4
0, 0, 1, 157, 157, 157, 157.0, 0.0, 24649.0, 0, 0, 0, 0, 0, 0, 0, 0, 0, 0, 0, 1, 157, 157, 157, 157.0, 0.0, 24649.0
0, 0, 1, 157, 157, 157, 157.0, 0.0, 24649.0, 0, 0, 0, 0, 0, 0, 0, 0, 0, 0, 0, 1, 157, 157, 157, 157.0, 0.0, 24649.0
0, 0, 3, 504, 104, 200, 168.0, 2048.0, 30272.0, 0, 0, 1, 120, 120, 120, 120.0, 0.0, 14400.0, 0, 0, 4, 624, 104, 200, 156.0, 1781.7599999999998, 26304.0
0, 0, 1, 226, 226, 226, 226.0, 0.0, 51076.0, 1, 52, 0, 0, 0, 0, 0, 0, 0, 1, 52, 1, 226, 226, 226, 226.0, 0.0, 51076.0
0, 0, 2, 225, 68, 157, 112.5, 1980.25, 14636.5, 0, 0, 0, 0, 0, 0, 0, 0, 0, 0, 0, 2, 225, 68, 157, 112.5, 1980.25, 14636.5
0, 0, 0, 0, 0, 0, 0, 0, 0, 0, 0, 0, 0, 0, 0, 0, 0, 0, 0, 0, 0, 0, 0, 0, 0, 0, 0
0, 0, 2, 330, 104, 226, 165.0, 3721.0, 30946.0, 0, 0, 1, 152, 152, 152, 152.0, 0.0, 23104.0, 0, 0, 3, 482, 104, 226, 160.66666666666666, 1902.75, 28332.0
1, 52, 1, 68, 68, 68, 68.0, 0.0, 4624.0, 1, 52, 1, 136, 136, 136, 136.0, 0.0, 18496.0, 2, 104, 2, 204, 68, 136, 102.0, 1027.5555555555554, 11560.0
12, 624, 1, 1527, 1527, 1527, 1527.0, 0.0, 2331729.0, 2, 104, 33, 336388, 236, 23220, 10193.575757575758, 52750318.48668504, 156659305.21212122, 14, 728, 34, 337915, 236, 23220, 9938.676470588236, 53067306.23345956, 152120258.8529412
1, 52, 0, 0, 0, 0, 0, 0, 0, 0, 0, 0, 0, 0, 0, 0, 0, 0, 1, 52, 0, 0, 0, 0, 0, 0, 0
23, 1204, 5, 953, 70, 569, 190.6, 36201.03999999999, 72529.4, 3, 164, 24, 111977, 91, 7142, 4665.708333333333, 4488645.206597223, 26257479.458333332, 26, 1368, 29, 112930, 70, 7142, 3894.137931034483, 5779668.702029191, 21742832.896551725
10, 520, 5, 1097, 83, 663, 219.4, 49649.840000000004, 97786.2, 5, 260, 14, 47408, 83, 5724, 3386.285714285714, 4852435.918367347, 16319366.857142856, 15, 780, 19, 48505, 83, 5724, 2552.8947368421054, 5414073.581267217, 12050529.842105264
28, 1456, 2, 1462, 68, 1394, 731.0, 439569.0, 973930.0, 0, 0, 53, 507903, 1500, 18876, 9583.075471698114, 39443876.29619082, 131279211.79245283, 28, 1456, 55, 509365, 68, 18876, 9261.181818181818, 40145799.18175583, 126540837.9090909
0, 0, 1, 226, 226, 226, 226.0, 0.0, 51076.0, 0, 0, 0, 0, 0, 0, 0, 0, 0, 0, 0, 1, 226, 226, 226, 226.0, 0.0, 51076.0
1, 52, 2, 545, 91, 454, 272.5, 32942.25, 107198.5, 2, 104, 3, 296, 83, 122, 98.66666666666667, 282.88888888888886, 10018.0, 3, 156, 5, 841, 83, 454, 168.2, 14113.609375, 48890.2
29, 1508, 1, 1527, 1527, 1527, 1527.0, 0.0, 2331729.0, 1, 52, 35, 337818, 1562, 17428, 9651.942857142858, 45509931.08244898, 138669932.0, 30, 1560, 36, 339345, 1527, 17428, 9426.25, 45785635.038682796, 134882759.69444445
0, 0, 0, 0, 0, 0, 0, 0, 0, 0, 0, 0, 0, 0, 0, 0, 0, 0, 0, 0, 0, 0, 0, 0, 0, 0, 0
1, 40, 1, 68, 68, 68, 68.0, 0.0, 4624.0, 0, 0, 0, 0, 0, 0, 0, 0, 0, 1, 40, 1, 68, 68, 68, 68.0, 0.0, 4624.0
1, 40, 0, 0, 0, 0, 0, 0, 0, 0, 0, 0, 0, 0, 0, 0, 0, 0, 1, 40, 0, 0, 0, 0, 0, 0, 0
0, 0, 0, 0, 0, 0, 0, 0, 0, 0, 0, 0, 0, 0, 0, 0, 0, 0, 0, 0, 0, 0, 0, 0, 0, 0, 0
0, 0, 1, 68, 68, 68, 68.0, 0.0, 4624.0, 0, 0, 0, 0, 0, 0, 0, 0, 0, 0, 0, 1, 68, 68, 68, 68.0, 0.0, 4624.0
25, 1300, 1, 1527, 1527, 1527, 1527.0, 0.0, 2331729.0, 1, 52, 40, 334788, 2948, 20324, 8369.7, 38388225.510000005, 108440103.6, 26, 1352, 41, 336315, 1527, 20324, 8202.80487804878, 38485216.39506173, 105852094.46341464
0, 0, 0, 0, 0, 0, 0, 0, 0, 0, 0, 0, 0, 0, 0, 0, 0, 0, 0, 0, 0, 0, 0, 0, 0, 0, 0
0, 0, 0, 0, 0, 0, 0, 0, 0, 0, 0, 0, 0, 0, 0, 0, 0, 0, 0, 0, 0, 0, 0, 0, 0, 0, 0
0, 0, 0, 0, 0, 0, 0, 0, 0, 0, 0, 0, 0, 0, 0, 0, 0, 0, 0, 0, 0, 0, 0, 0, 0, 0, 0
0, 0, 0, 0, 0, 0, 0, 0, 0, 0, 0, 0, 0, 0, 0, 0, 0, 0, 0, 0, 0, 0, 0, 0, 0, 0, 0
0, 0, 1, 68, 68, 68, 68.0, 0.0, 4624.0, 0, 0, 0, 0, 0, 0, 0, 0, 0, 0, 0, 1, 68, 68, 68, 68.0, 0.0, 4624.0
0, 0, 0, 0, 0, 0, 0, 0, 0, 0, 0, 0, 0, 0, 0, 0, 0, 0, 0, 0, 0, 0, 0, 0, 0, 0, 0
31, 1612, 1, 1527, 1527, 1527, 1527.0, 0.0, 2331729.0, 1, 52, 35, 335443, 1500, 21772, 9584.085714285715, 49138094.76408163, 140992793.74285713, 32, 1664, 36, 336970, 1500, 21772, 9360.277777777777, 49347449.92898233, 137141097.5
0, 0, 0, 0, 0, 0, 0, 0, 0, 0, 0, 0, 0, 0, 0, 0, 0, 0, 0, 0, 0, 0, 0, 0, 0, 0, 0
0, 0, 1, 195, 195, 195, 195.0, 0.0, 38025.0, 0, 0, 0, 0, 0, 0, 0, 0, 0, 0, 0, 1, 195, 195, 195, 195.0, 0.0, 38025.0
0, 0, 0, 0, 0, 0, 0, 0, 0, 0, 0, 0, 0, 0, 0, 0, 0, 0, 0, 0, 0, 0, 0, 0, 0, 0, 0
0, 0, 0, 0, 0, 0, 0, 0, 0, 0, 0, 0, 0, 0, 0, 0, 0, 0, 0, 0, 0, 0, 0, 0, 0, 0, 0
0, 0, 1, 195, 195, 195, 195.0, 0.0, 38025.0, 0, 0, 0, 0, 0, 0, 0, 0, 0, 0, 0, 1, 195, 195, 195, 195.0, 0.0, 38025.0
24, 1248, 1, 1527, 1527, 1527, 1527.0, 0.0, 2331729.0, 1, 52, 27, 333225, 1500, 23220, 12341.666666666666, 38000612.07407408, 190317348.1851852, 25, 1300, 28, 334752, 1500, 23220, 11955.42857142857, 39397519.56231404, 183603576.07142857
0, 0, 0, 0, 0, 0, 0, 0, 0, 0, 0, 0, 0, 0, 0, 0, 0, 0, 0, 0, 0, 0, 0, 0, 0, 0, 0
0, 0, 1, 195, 195, 195, 195.0, 0.0, 38025.0, 0, 0, 0, 0, 0, 0, 0, 0, 0, 0, 0, 1, 195, 195, 195, 195.0, 0.0, 38025.0
1, 60, 0, 0, 0, 0, 0, 0, 0, 1, 60, 0, 0, 0, 0, 0, 0, 0, 2, 120, 0, 0, 0, 0, 0, 0, 0
1, 52, 2, 1225, 93, 1132, 612.5, 269880.25, 645036.5, 2, 104, 1, 72, 72, 72, 72.0, 0.0, 5184.0, 3, 156, 3, 1297, 72, 1132, 432.3333333333333, 207975.1875, 431752.3333333333
1, 52, 1, 195, 195, 195, 195.0, 0.0, 38025.0, 2, 104, 1, 84, 84, 84, 84.0, 0.0, 7056.0, 3, 156, 2, 279, 84, 195, 139.5, 2738.0, 22540.5
0, 0, 0, 0, 0, 0, 0, 0, 0, 0, 0, 0, 0, 0, 0, 0, 0, 0, 0, 0, 0, 0, 0, 0, 0, 0, 0
0, 0, 0, 0, 0, 0, 0, 0, 0, 0, 0, 0, 0, 0, 0, 0, 0, 0, 0, 0, 0, 0, 0, 0, 0, 0, 0
0, 0, 0, 0, 0, 0, 0, 0, 0, 0, 0, 0, 0, 0, 0, 0, 0, 0, 0, 0, 0, 0, 0, 0, 0, 0, 0
4, 208, 3, 640, 91, 458, 213.33333333333334, 29930.88888888889, 75442.0, 3, 156, 4, 387, 83, 122, 96.75, 223.1875, 9583.75, 7, 364, 7, 1027, 83, 458, 146.71428571428572, 11021.157024793392, 37808.71428571428
23, 1196, 1, 1527, 1527, 1527, 1527.0, 0.0, 2331729.0, 1, 52, 33, 335252, 1500, 26116, 10159.151515151516, 64071408.24977043, 167279767.75757575, 24, 1248, 34, 336779, 1500, 26116, 9905.264705882353, 64210669.17041658, 162428354.8529412
0, 0, 0, 0, 0, 0, 0, 0, 0, 0, 0, 0, 0, 0, 0, 0, 0, 0, 0, 0, 0, 0, 0, 0, 0, 0, 0
0, 0, 0, 0, 0, 0, 0, 0, 0, 0, 0, 0, 0, 0, 0, 0, 0, 0, 0, 0, 0, 0, 0, 0, 0, 0, 0
0, 0, 0, 0, 0, 0, 0, 0, 0, 0, 0, 0, 0, 0, 0, 0, 0, 0, 0, 0, 0, 0, 0, 0, 0, 0, 0
0, 0, 0, 0, 0, 0, 0, 0, 0, 0, 0, 0, 0, 0, 0, 0, 0, 0, 0, 0, 0, 0, 0, 0, 0, 0, 0
0, 0, 0, 0, 0, 0, 0, 0, 0, 0, 0, 0, 0, 0, 0, 0, 0, 0, 0, 0, 0, 0, 0, 0, 0, 0, 0
19, 988, 1, 1527, 1527, 1527, 1527.0, 0.0, 2331729.0, 1, 52, 34, 334350, 1500, 23220, 9833.823529411764, 47624184.55709343, 144328269.7647059, 20, 1040, 35, 335877, 1500, 23220, 9596.485714285714, 47919533.60806554, 140271225.74285713
0, 0, 0, 0, 0, 0, 0, 0, 0, 0, 0, 0, 0, 0, 0, 0, 0, 0, 0, 0, 0, 0, 0, 0, 0, 0, 0
0, 0, 0, 0, 0, 0, 0, 0, 0, 0, 0, 0, 0, 0, 0, 0, 0, 0, 0, 0, 0, 0, 0, 0, 0, 0, 0
0, 0, 0, 0, 0, 0, 0, 0, 0, 0, 0, 0, 0, 0, 0, 0, 0, 0, 0, 0, 0, 0, 0, 0, 0, 0, 0
31, 1612, 1, 1395, 1395, 1395, 1395.0, 0.0, 1946025.0, 0, 0, 57, 513464, 1500, 26116, 9008.140350877193, 50579202.22591566, 131725794.80701755, 31, 1612, 58, 514859, 1395, 26116, 8876.879310344828, 50638999.65716447, 129488212.56896552
0, 0, 0, 0, 0, 0, 0, 0, 0, 0, 0, 0, 0, 0, 0, 0, 0, 0, 0, 0, 0, 0, 0, 0, 0, 0, 0
0, 0, 0, 0, 0, 0, 0, 0, 0, 0, 0, 0, 0, 0, 0, 0, 0, 0, 0, 0, 0, 0, 0, 0, 0, 0, 0
22, 1144, 1, 1527, 1527, 1527, 1527.0, 0.0, 2331729.0, 1, 52, 34, 335719, 1500, 26116, 9874.088235294117, 58140238.72750865, 155637857.20588234, 23, 1196, 35, 337246, 1500, 26116, 9635.6, 58292758.682209626, 151257682.1142857
1, 60, 0, 0, 0, 0, 0, 0, 0, 1, 60, 0, 0, 0, 0, 0, 0, 0, 2, 120, 0, 0, 0, 0, 0, 0, 0
2, 104, 4, 2030, 91, 1662, 507.5, 445701.25, 703257.5, 5, 260, 4, 411, 83, 123, 102.75, 266.1875, 10823.75, 7, 364, 8, 2441, 83, 1662, 305.125, 185149.55555555553, 357040.625
0, 0, 0, 0, 0, 0, 0, 0, 0, 1, 52, 0, 0, 0, 0, 0, 0, 0, 1, 52, 0, 0, 0, 0, 0, 0, 0
0, 0, 0, 0, 0, 0, 0, 0, 0, 0, 0, 0, 0, 0, 0, 0, 0, 0, 0, 0, 0, 0, 0, 0, 0, 0, 0
0, 0, 0, 0, 0, 0, 0, 0, 0, 0, 0, 0, 0, 0, 0, 0, 0, 0, 0, 0, 0, 0, 0, 0, 0, 0, 0
20, 1040, 1, 1527, 1527, 1527, 1527.0, 0.0, 2331729.0, 1, 52, 33, 338710, 2948, 29012, 10263.939393939394, 76232795.26905417, 181581247.15151516, 21, 1092, 34, 340237, 1527, 29012, 10006.970588235294, 76217302.72621965, 176309202.5
1, 52, 2, 818, 91, 727, 409.0, 101124.0, 268405.0, 2, 104, 3, 298, 83, 124, 99.33333333333333, 314.88888888888886, 10182.0, 3, 156, 5, 1116, 83, 727, 223.2, 43497.1875, 113471.2
0, 0, 0, 0, 0, 0, 0, 0, 0, 0, 0, 0, 0, 0, 0, 0, 0, 0, 0, 0, 0, 0, 0, 0, 0, 0, 0
0, 0, 0, 0, 0, 0, 0, 0, 0, 0, 0, 0, 0, 0, 0, 0, 0, 0, 0, 0, 0, 0, 0, 0, 0, 0, 0
0, 0, 0, 0, 0, 0, 0, 0, 0, 0, 0, 0, 0, 0, 0, 0, 0, 0, 0, 0, 0, 0, 0, 0, 0, 0, 0
0, 0, 0, 0, 0, 0, 0, 0, 0, 0, 0, 0, 0, 0, 0, 0, 0, 0, 0, 0, 0, 0, 0, 0, 0, 0, 0
0, 0, 0, 0, 0, 0, 0, 0, 0, 0, 0, 0, 0, 0, 0, 0, 0, 0, 0, 0, 0, 0, 0, 0, 0, 0, 0
0, 0, 0, 0, 0, 0, 0, 0, 0, 0, 0, 0, 0, 0, 0, 0, 0, 0, 0, 0, 0, 0, 0, 0, 0, 0, 0
0, 0, 0, 0, 0, 0, 0, 0, 0, 0, 0, 0, 0, 0, 0, 0, 0, 0, 0, 0, 0, 0, 0, 0, 0, 0, 0
0, 0, 0, 0, 0, 0, 0, 0, 0, 0, 0, 0, 0, 0, 0, 0, 0, 0, 0, 0, 0, 0, 0, 0, 0, 0, 0
25, 1300, 1, 1527, 1527, 1527, 1527.0, 0.0, 2331729.0, 1, 52, 34, 345654, 2948, 17428, 10166.29411764706, 44706774.14878893, 148060310.2352941, 26, 1352, 35, 347181, 1527, 17428, 9919.457142857143, 45124874.543163195, 143896636.4857143
0, 0, 0, 0, 0, 0, 0, 0, 0, 0, 0, 0, 0, 0, 0, 0, 0, 0, 0, 0, 0, 0, 0, 0, 0, 0, 0
0, 0, 0, 0, 0, 0, 0, 0, 0, 0, 0, 0, 0, 0, 0, 0, 0, 0, 0, 0, 0, 0, 0, 0, 0, 0, 0
1, 52, 0, 0, 0, 0, 0, 0, 0, 1, 52, 0, 0, 0, 0, 0, 0, 0, 2, 104, 0, 0, 0, 0, 0, 0, 0
0, 0, 0, 0, 0, 0, 0, 0, 0, 0, 0, 0, 0, 0, 0, 0, 0, 0, 0, 0, 0, 0, 0, 0, 0, 0, 0
0, 0, 0, 0, 0, 0, 0, 0, 0, 0, 0, 0, 0, 0, 0, 0, 0, 0, 0, 0, 0, 0, 0, 0, 0, 0, 0
23, 1196, 2, 2659, 1132, 1527, 1329.5, 39006.25, 1806576.5, 2, 104, 37, 343538, 723, 20324, 9284.81081081081, 50592574.09934258, 136800285.8918919, 25, 1300, 39, 346197, 723, 20324, 8876.846153846154, 50883836.0905471, 129877531.56410256
0, 0, 0, 0, 0, 0, 0, 0, 0, 1, 52, 0, 0, 0, 0, 0, 0, 0, 1, 52, 0, 0, 0, 0, 0, 0, 0
0, 0, 0, 0, 0, 0, 0, 0, 0, 0, 0, 0, 0, 0, 0, 0, 0, 0, 0, 0, 0, 0, 0, 0, 0, 0, 0
0, 0, 0, 0, 0, 0, 0, 0, 0, 0, 0, 0, 0, 0, 0, 0, 0, 0, 0, 0, 0, 0, 0, 0, 0, 0, 0
0, 0, 0, 0, 0, 0, 0, 0, 0, 0, 0, 0, 0, 0, 0, 0, 0, 0, 0, 0, 0, 0, 0, 0, 0, 0, 0
1, 52, 0, 0, 0, 0, 0, 0, 0, 1, 52, 0, 0, 0, 0, 0, 0, 0, 2, 104, 0, 0, 0, 0, 0, 0, 0
0, 0, 0, 0, 0, 0, 0, 0, 0, 0, 0, 0, 0, 0, 0, 0, 0, 0, 0, 0, 0, 0, 0, 0, 0, 0, 0
28, 1456, 1, 1527, 1527, 1527, 1527.0, 0.0, 2331729.0, 4, 208, 37, 349367, 1500, 23220, 9442.351351351352, 52869732.876552224, 142027731.9189189, 32, 1664, 38, 350894, 1500, 23220, 9234.052631578947, 52989035.325155556, 138351521.31578946
0, 0, 1, 900, 900, 900, 900.0, 0.0, 810000.0, 0, 0, 1, 324, 324, 324, 324.0, 0.0, 104976.0, 0, 0, 2, 1224, 324, 900, 612.0, 73728.0, 457488.0
0, 0, 0, 0, 0, 0, 0, 0, 0, 0, 0, 0, 0, 0, 0, 0, 0, 0, 0, 0, 0, 0, 0, 0, 0, 0, 0
0, 0, 1, 900, 900, 900, 900.0, 0.0, 810000.0, 0, 0, 0, 0, 0, 0, 0, 0, 0, 0, 0, 1, 900, 900, 900, 900.0, 0.0, 810000.0
0, 0, 0, 0, 0, 0, 0, 0, 0, 1, 64, 0, 0, 0, 0, 0, 0, 0, 1, 64, 0, 0, 0, 0, 0, 0, 0
1, 64, 0, 0, 0, 0, 0, 0, 0, 0, 0, 1, 104, 104, 104, 104.0, 0.0, 10816.0, 1, 64, 1, 104, 104, 104, 104.0, 0.0, 10816.0
22, 1144, 1, 1527, 1527, 1527, 1527.0, 0.0, 2331729.0, 1, 52, 32, 345027, 1500, 20324, 10782.09375, 50672859.89746094, 166926405.53125, 23, 1196, 33, 346554, 1500, 20324, 10501.636363636364, 51190799.960710056, 161938688.06060606
1, 64, 1, 104, 104, 104, 104.0, 0.0, 10816.0, 0, 0, 1, 120, 120, 120, 120.0, 0.0, 14400.0, 1, 64, 2, 224, 104, 120, 112.0, 56.88888888888889, 12608.0
0, 0, 1, 104, 104, 104, 104.0, 0.0, 10816.0, 1, 52, 1, 136, 136, 136, 136.0, 0.0, 18496.0, 1, 52, 2, 240, 104, 136, 120.0, 227.55555555555557, 14656.0
18, 936, 1, 1395, 1395, 1395, 1395.0, 0.0, 1946025.0, 2, 104, 21, 201202, 136, 20324, 9581.047619047618, 53651458.90249434, 145447932.3809524, 20, 1040, 22, 202597, 136, 20324, 9208.954545454546, 53925912.684694424, 138925118.4090909
15, 780, 0, 0, 0, 0, 0, 0, 0, 0, 0, 32, 304882, 2086, 26116, 9527.5625, 62747173.43359375, 153521620.625, 15, 780, 32, 304882, 2086, 26116, 9527.5625, 62747173.43359375, 153521620.625
0, 0, 0, 0, 0, 0, 0, 0, 0, 0, 0, 0, 0, 0, 0, 0, 0, 0, 0, 0, 0, 0, 0, 0, 0, 0, 0
21, 1092, 3, 1922, 195, 1527, 640.6666666666666, 392797.55555555556, 803251.3333333334, 1, 52, 35, 346866, 1500, 23220, 9910.457142857143, 51297471.56244898, 149514632.34285715, 22, 1144, 38, 348788, 195, 23220, 9178.631578947368, 52591704.934884585, 137774260.15789473
0, 0, 0, 0, 0, 0, 0, 0, 0, 0, 0, 0, 0, 0, 0, 0, 0, 0, 0, 0, 0, 0, 0, 0, 0, 0, 0
0, 0, 0, 0, 0, 0, 0, 0, 0, 0, 0, 0, 0, 0, 0, 0, 0, 0, 0, 0, 0, 0, 0, 0, 0, 0, 0
0, 0, 2, 395, 195, 200, 197.5, 6.25, 39012.5, 0, 0, 0, 0, 0, 0, 0, 0, 0, 0, 0, 2, 395, 195, 200, 197.5, 6.25, 39012.5
0, 0, 0, 0, 0, 0, 0, 0, 0, 0, 0, 0, 0, 0, 0, 0, 0, 0, 0, 0, 0, 0, 0, 0, 0, 0, 0
0, 0, 2, 395, 195, 200, 197.5, 6.25, 39012.5, 0, 0, 0, 0, 0, 0, 0, 0, 0, 0, 0, 2, 395, 195, 200, 197.5, 6.25, 39012.5
0, 0, 0, 0, 0, 0, 0, 0, 0, 0, 0, 0, 0, 0, 0, 0, 0, 0, 0, 0, 0, 0, 0, 0, 0, 0, 0
0, 0, 0, 0, 0, 0, 0, 0, 0, 0, 0, 0, 0, 0, 0, 0, 0, 0, 0, 0, 0, 0, 0, 0, 0, 0, 0
0, 0, 2, 395, 195, 200, 197.5, 6.25, 39012.5, 0, 0, 0, 0, 0, 0, 0, 0, 0, 0, 0, 2, 395, 195, 200, 197.5, 6.25, 39012.5
0, 0, 0, 0, 0, 0, 0, 0, 0, 0, 0, 0, 0, 0, 0, 0, 0, 0, 0, 0, 0, 0, 0, 0, 0, 0, 0
24, 1248, 1, 1527, 1527, 1527, 1527.0, 0.0, 2331729.0, 1, 52, 33, 342126, 182, 26116, 10367.454545454546, 71176384.79338843, 178660498.54545453, 25, 1300, 34, 343653, 182, 26116, 10107.441176470587, 71263112.84695923, 173474358.2647059
0, 0, 0, 0, 0, 0, 0, 0, 0, 0, 0, 0, 0, 0, 0, 0, 0, 0, 0, 0, 0, 0, 0, 0, 0, 0, 0
0, 0, 0, 0, 0, 0, 0, 0, 0, 0, 0, 0, 0, 0, 0, 0, 0, 0, 0, 0, 0, 0, 0, 0, 0, 0, 0
0, 0, 0, 0, 0, 0, 0, 0, 0, 0, 0, 0, 0, 0, 0, 0, 0, 0, 0, 0, 0, 0, 0, 0, 0, 0, 0
0, 0, 0, 0, 0, 0, 0, 0, 0, 0, 0, 0, 0, 0, 0, 0, 0, 0, 0, 0, 0, 0, 0, 0, 0, 0, 0
0, 0, 0, 0, 0, 0, 0, 0, 0, 0, 0, 0, 0, 0, 0, 0, 0, 0, 0, 0, 0, 0, 0, 0, 0, 0, 0
24, 1248, 1, 1527, 1527, 1527, 1527.0, 0.0, 2331729.0, 1, 52, 34, 349900, 2948, 23220, 10291.176470588236, 52930392.262975775, 158838705.4117647, 25, 1300, 35, 351427, 1527, 23220, 10040.771428571428, 53260351.641251825, 154367077.5142857
0, 0, 0, 0, 0, 0, 0, 0, 0, 0, 0, 0, 0, 0, 0, 0, 0, 0, 0, 0, 0, 0, 0, 0, 0, 0, 0
2, 112, 2, 647, 78, 569, 323.5, 60270.25, 164922.5, 2, 112, 1, 94, 94, 94, 94.0, 0.0, 8836.0, 4, 224, 3, 741, 78, 569, 247.0, 43302.6875, 112893.66666666667
6, 312, 10, 5982, 83, 2788, 598.2, 617261.5600000003, 975104.8, 8, 416, 7, 5632, 83, 2961, 804.5714285714286, 873299.9591836735, 1520635.142857143, 14, 728, 17, 11614, 83, 2961, 683.1764705882352, 776968.8263888889, 1199734.9411764706
2, 104, 2, 286, 91, 195, 143.0, 2704.0, 23153.0, 1, 52, 4, 1237, 91, 589, 309.25, 38274.1875, 133909.75, 3, 156, 6, 1523, 91, 589, 253.83333333333334, 35582.4, 96990.83333333333
0, 0, 0, 0, 0, 0, 0, 0, 0, 0, 0, 0, 0, 0, 0, 0, 0, 0, 0, 0, 0, 0, 0, 0, 0, 0, 0
22, 1144, 1, 1527, 1527, 1527, 1527.0, 0.0, 2331729.0, 1, 52, 28, 342801, 1500, 23220, 12242.892857142857, 49358757.66709185, 199247183.17857143, 23, 1196, 29, 344328, 1500, 23220, 11873.379310344828, 50472038.9713758, 192456995.10344827
0, 0, 1, 195, 195, 195, 195.0, 0.0, 38025.0, 0, 0, 0, 0, 0, 0, 0, 0, 0, 0, 0, 1, 195, 195, 195, 195.0, 0.0, 38025.0
0, 0, 0, 0, 0, 0, 0, 0, 0, 0, 0, 0, 0, 0, 0, 0, 0, 0, 0, 0, 0, 0, 0, 0, 0, 0, 0
0, 0, 1, 195, 195, 195, 195.0, 0.0, 38025.0, 0, 0, 0, 0, 0, 0, 0, 0, 0, 0, 0, 1, 195, 195, 195, 195.0, 0.0, 38025.0
0, 0, 0, 0, 0, 0, 0, 0, 0, 0, 0, 0, 0, 0, 0, 0, 0, 0, 0, 0, 0, 0, 0, 0, 0, 0, 0
0, 0, 0, 0, 0, 0, 0, 0, 0, 0, 0, 0, 0, 0, 0, 0, 0, 0, 0, 0, 0, 0, 0, 0, 0, 0, 0
4, 208, 4, 836, 91, 459, 209.0, 22636.0, 66317.0, 3, 156, 4, 387, 83, 122, 96.75, 223.1875, 9583.75, 7, 364, 8, 1223, 83, 459, 152.875, 10494.138888888892, 37950.375
0, 0, 0, 0, 0, 0, 0, 0, 0, 0, 0, 0, 0, 0, 0, 0, 0, 0, 0, 0, 0, 0, 0, 0, 0, 0, 0
0, 0, 0, 0, 0, 0, 0, 0, 0, 0, 0, 0, 0, 0, 0, 0, 0, 0, 0, 0, 0, 0, 0, 0, 0, 0, 0
0, 0, 0, 0, 0, 0, 0, 0, 0, 0, 0, 0, 0, 0, 0, 0, 0, 0, 0, 0, 0, 0, 0, 0, 0, 0, 0
0, 0, 0, 0, 0, 0, 0, 0, 0, 0, 0, 0, 0, 0, 0, 0, 0, 0, 0, 0, 0, 0, 0, 0, 0, 0, 0
0, 0, 0, 0, 0, 0, 0, 0, 0, 0, 0, 0, 0, 0, 0, 0, 0, 0, 0, 0, 0, 0, 0, 0, 0, 0, 0
31, 1612, 1, 1527, 1527, 1527, 1527.0, 0.0, 2331729.0, 1, 52, 34, 345086, 1500, 17428, 10149.588235294117, 43216125.59515571, 146230266.94117647, 32, 1664, 35, 346613, 1500, 17428, 9903.228571428572, 43651710.814534776, 142118880.14285713
0, 0, 0, 0, 0, 0, 0, 0, 0, 0, 0, 0, 0, 0, 0, 0, 0, 0, 0, 0, 0, 0, 0, 0, 0, 0, 0
0, 0, 0, 0, 0, 0, 0, 0, 0, 0, 0, 0, 0, 0, 0, 0, 0, 0, 0, 0, 0, 0, 0, 0, 0, 0, 0
0, 0, 0, 0, 0, 0, 0, 0, 0, 0, 0, 0, 0, 0, 0, 0, 0, 0, 0, 0, 0, 0, 0, 0, 0, 0, 0
0, 0, 0, 0, 0, 0, 0, 0, 0, 0, 0, 0, 0, 0, 0, 0, 0, 0, 0, 0, 0, 0, 0, 0, 0, 0, 0
42, 2184, 2, 2922, 1395, 1527, 1461.0, 4356.0, 2138877.0, 4, 208, 89, 854425, 1500, 26116, 9600.280898876405, 55265930.67390481, 147431324.01123595, 46, 2392, 91, 857347, 1395, 26116, 9421.395604395604, 55379822.13135803, 144238083.41758242
0, 0, 0, 0, 0, 0, 0, 0, 0, 0, 0, 0, 0, 0, 0, 0, 0, 0, 0, 0, 0, 0, 0, 0, 0, 0, 0
0, 0, 0, 0, 0, 0, 0, 0, 0, 0, 0, 0, 0, 0, 0, 0, 0, 0, 0, 0, 0, 0, 0, 0, 0, 0, 0
0, 0, 0, 0, 0, 0, 0, 0, 0, 0, 0, 0, 0, 0, 0, 0, 0, 0, 0, 0, 0, 0, 0, 0, 0, 0, 0
0, 0, 0, 0, 0, 0, 0, 0, 0, 0, 0, 0, 0, 0, 0, 0, 0, 0, 0, 0, 0, 0, 0, 0, 0, 0, 0
0, 0, 0, 0, 0, 0, 0, 0, 0, 0, 0, 0, 0, 0, 0, 0, 0, 0, 0, 0, 0, 0, 0, 0, 0, 0, 0
16, 832, 1, 1527, 1527, 1527, 1527.0, 0.0, 2331729.0, 1, 52, 34, 344514, 1500, 26116, 10132.764705882353, 83745337.88581315, 186418258.47058824, 17, 884, 35, 346041, 1500, 26116, 9886.885714285714, 83589403.4908633, 181158643.34285715
0, 0, 1, 195, 195, 195, 195.0, 0.0, 38025.0, 0, 0, 0, 0, 0, 0, 0, 0, 0, 0, 0, 1, 195, 195, 195, 195.0, 0.0, 38025.0
0, 0, 0, 0, 0, 0, 0, 0, 0, 0, 0, 0, 0, 0, 0, 0, 0, 0, 0, 0, 0, 0, 0, 0, 0, 0, 0
0, 0, 0, 0, 0, 0, 0, 0, 0, 0, 0, 0, 0, 0, 0, 0, 0, 0, 0, 0, 0, 0, 0, 0, 0, 0, 0
0, 0, 2, 929, 195, 734, 464.5, 72630.25, 288390.5, 1, 52, 0, 0, 0, 0, 0, 0, 0, 1, 52, 2, 929, 195, 734, 464.5, 72630.25, 288390.5
1, 52, 1, 91, 91, 91, 91.0, 0.0, 8281.0, 1, 52, 3, 298, 83, 124, 99.33333333333333, 314.88888888888886, 10182.0, 2, 104, 4, 389, 83, 124, 97.25, 278.40816326530614, 9706.75
10, 520, 1, 1528, 1528, 1528, 1528.0, 0.0, 2334784.0, 1, 52, 33, 344260, 1500, 26116, 10432.121212121212, 67650106.65197429, 176479259.63636363, 11, 572, 34, 345788, 1500, 26116, 10170.235294117647, 67806075.81554912, 171357363.29411766
1, 52, 4, 2268, 91, 1798, 567.0, 506752.5, 828241.5, 4, 208, 3, 359, 91, 145, 119.66666666666667, 491.5555555555555, 14811.666666666666, 5, 260, 7, 2627, 91, 1798, 375.2857142857143, 251021.64000000004, 479628.71428571426
0, 0, 0, 0, 0, 0, 0, 0, 0, 0, 0, 0, 0, 0, 0, 0, 0, 0, 0, 0, 0, 0, 0, 0, 0, 0, 0
0, 0, 0, 0, 0, 0, 0, 0, 0, 0, 0, 0, 0, 0, 0, 0, 0, 0, 0, 0, 0, 0, 0, 0, 0, 0, 0
0, 0, 1, 195, 195, 195, 195.0, 0.0, 38025.0, 0, 0, 0, 0, 0, 0, 0, 0, 0, 0, 0, 1, 195, 195, 195, 195.0, 0.0, 38025.0
0, 0, 1, 157, 157, 157, 157.0, 0.0, 24649.0, 0, 0, 0, 0, 0, 0, 0, 0, 0, 0, 0, 1, 157, 157, 157, 157.0, 0.0, 24649.0
0, 0, 0, 0, 0, 0, 0, 0, 0, 0, 0, 0, 0, 0, 0, 0, 0, 0, 0, 0, 0, 0, 0, 0, 0, 0, 0
22, 1144, 1, 1529, 1529, 1529, 1529.0, 0.0, 2337841.0, 1, 52, 32, 343860, 2948, 26116, 10745.625, 72733742.859375, 188202199.5, 23, 1196, 33, 345389, 1529, 26116, 10466.333333333334, 72901520.84828402, 182569946.21212122
0, 0, 1, 157, 157, 157, 157.0, 0.0, 24649.0, 0, 0, 0, 0, 0, 0, 0, 0, 0, 0, 0, 1, 157, 157, 157, 157.0, 0.0, 24649.0
0, 0, 0, 0, 0, 0, 0, 0, 0, 0, 0, 0, 0, 0, 0, 0, 0, 0, 0, 0, 0, 0, 0, 0, 0, 0, 0
0, 0, 1, 172, 172, 172, 172.0, 0.0, 29584.0, 0, 0, 0, 0, 0, 0, 0, 0, 0, 0, 0, 1, 172, 172, 172, 172.0, 0.0, 29584.0
0, 0, 0, 0, 0, 0, 0, 0, 0, 0, 0, 0, 0, 0, 0, 0, 0, 0, 0, 0, 0, 0, 0, 0, 0, 0, 0
0, 0, 0, 0, 0, 0, 0, 0, 0, 0, 0, 0, 0, 0, 0, 0, 0, 0, 0, 0, 0, 0, 0, 0, 0, 0, 0
0, 0, 1, 172, 172, 172, 172.0, 0.0, 29584.0, 0, 0, 0, 0, 0, 0, 0, 0, 0, 0, 0, 1, 172, 172, 172, 172.0, 0.0, 29584.0
0, 0, 0, 0, 0, 0, 0, 0, 0, 0, 0, 0, 0, 0, 0, 0, 0, 0, 0, 0, 0, 0, 0, 0, 0, 0, 0
0, 0, 1, 195, 195, 195, 195.0, 0.0, 38025.0, 0, 0, 0, 0, 0, 0, 0, 0, 0, 0, 0, 1, 195, 195, 195, 195.0, 0.0, 38025.0
8, 416, 2, 1686, 157, 1529, 843.0, 470596.0, 1181245.0, 1, 52, 8, 93324, 2948, 20324, 11665.5, 50326987.75, 186410878.0, 9, 468, 10, 95010, 157, 20324, 9501.0, 56355438.666666664, 149364951.4
17, 884, 0, 0, 0, 0, 0, 0, 0, 0, 0, 24, 252420, 1500, 23220, 10517.5, 51837233.083333336, 162455039.33333334, 17, 884, 24, 252420, 1500, 23220, 10517.5, 51837233.083333336, 162455039.33333334
0, 0, 1, 195, 195, 195, 195.0, 0.0, 38025.0, 0, 0, 0, 0, 0, 0, 0, 0, 0, 0, 0, 1, 195, 195, 195, 195.0, 0.0, 38025.0
0, 0, 1, 157, 157, 157, 157.0, 0.0, 24649.0, 0, 0, 0, 0, 0, 0, 0, 0, 0, 0, 0, 1, 157, 157, 157, 157.0, 0.0, 24649.0
0, 0, 1, 195, 195, 195, 195.0, 0.0, 38025.0, 0, 0, 0, 0, 0, 0, 0, 0, 0, 0, 0, 1, 195, 195, 195, 195.0, 0.0, 38025.0
0, 0, 0, 0, 0, 0, 0, 0, 0, 0, 0, 0, 0, 0, 0, 0, 0, 0, 0, 0, 0, 0, 0, 0, 0, 0, 0
0, 0, 0, 0, 0, 0, 0, 0, 0, 0, 0, 0, 0, 0, 0, 0, 0, 0, 0, 0, 0, 0, 0, 0, 0, 0, 0
23, 1196, 2, 1724, 195, 1529, 862.0, 444889.0, 1187933.0, 1, 52, 33, 358262, 1500, 23220, 10856.424242424242, 66960456.66850321, 184822404.0, 24, 1248, 35, 359986, 195, 23220, 10285.314285714287, 67855605.21972318, 174329005.65714285
0, 0, 1, 68, 68, 68, 68.0, 0.0, 4624.0, 0, 0, 0, 0, 0, 0, 0, 0, 0, 0, 0, 1, 68, 68, 68, 68.0, 0.0, 4624.0
0, 0, 0, 0, 0, 0, 0, 0, 0, 0, 0, 0, 0, 0, 0, 0, 0, 0, 0, 0, 0, 0, 0, 0, 0, 0, 0
1, 60, 1, 68, 68, 68, 68.0, 0.0, 4624.0, 1, 60, 0, 0, 0, 0, 0, 0, 0, 2, 120, 1, 68, 68, 68, 68.0, 0.0, 4624.0
0, 0, 1, 93, 93, 93, 93.0, 0.0, 8649.0, 1, 52, 0, 0, 0, 0, 0, 0, 0, 1, 52, 1, 93, 93, 93, 93.0, 0.0, 8649.0
0, 0, 0, 0, 0, 0, 0, 0, 0, 1, 52, 0, 0, 0, 0, 0, 0, 0, 1, 52, 0, 0, 0, 0, 0, 0, 0
0, 0, 1, 226, 226, 226, 226.0, 0.0, 51076.0, 0, 0, 0, 0, 0, 0, 0, 0, 0, 0, 0, 1, 226, 226, 226, 226.0, 0.0, 51076.0
34, 1768, 2, 2924, 1395, 1529, 1462.0, 4489.0, 2141933.0, 2, 104, 76, 858073, 1500, 27564, 11290.434210526315, 63559631.14040859, 191033535.8026316, 36, 1872, 78, 860997, 1395, 27564, 11038.423076923076, 63972468.229549654, 186190161.37179488
0, 0, 0, 0, 0, 0, 0, 0, 0, 0, 0, 0, 0, 0, 0, 0, 0, 0, 0, 0, 0, 0, 0, 0, 0, 0, 0
0, 0, 1, 68, 68, 68, 68.0, 0.0, 4624.0, 0, 0, 0, 0, 0, 0, 0, 0, 0, 0, 0, 1, 68, 68, 68, 68.0, 0.0, 4624.0
0, 0, 0, 0, 0, 0, 0, 0, 0, 0, 0, 0, 0, 0, 0, 0, 0, 0, 0, 0, 0, 0, 0, 0, 0, 0, 0
0, 0, 0, 0, 0, 0, 0, 0, 0, 0, 0, 0, 0, 0, 0, 0, 0, 0, 0, 0, 0, 0, 0, 0, 0, 0, 0
0, 0, 0, 0, 0, 0, 0, 0, 0, 0, 0, 0, 0, 0, 0, 0, 0, 0, 0, 0, 0, 0, 0, 0, 0, 0, 0
16, 832, 1, 1529, 1529, 1529, 1529.0, 0.0, 2337841.0, 1, 52, 40, 360211, 1500, 23220, 9005.275, 55619123.399375, 136714101.225, 17, 884, 41, 361740, 1500, 23220, 8822.926829268292, 55614006.19692121, 133436631.46341464
1, 52, 1, 1132, 1132, 1132, 1132.0, 0.0, 1281424.0, 1, 52, 1, 723, 723, 723, 723.0, 0.0, 522729.0, 2, 104, 2, 1855, 723, 1132, 927.5, 37173.555555555555, 902076.5
0, 0, 0, 0, 0, 0, 0, 0, 0, 0, 0, 0, 0, 0, 0, 0, 0, 0, 0, 0, 0, 0, 0, 0, 0, 0, 0
0, 0, 0, 0, 0, 0, 0, 0, 0, 0, 0, 0, 0, 0, 0, 0, 0, 0, 0, 0, 0, 0, 0, 0, 0, 0, 0
0, 0, 0, 0, 0, 0, 0, 0, 0, 0, 0, 0, 0, 0, 0, 0, 0, 0, 0, 0, 0, 0, 0, 0, 0, 0, 0
0, 0, 0, 0, 0, 0, 0, 0, 0, 0, 0, 0, 0, 0, 0, 0, 0, 0, 0, 0, 0, 0, 0, 0, 0, 0, 0
16, 832, 1, 1529, 1529, 1529, 1529.0, 0.0, 2337841.0, 1, 52, 33, 349668, 2948, 23220, 10596.0, 59919080.72727273, 172194296.72727272, 17, 884, 34, 351197, 1529, 23220, 10329.323529411764, 60233474.54889731, 167198518.61764705
0, 0, 0, 0, 0, 0, 0, 0, 0, 0, 0, 0, 0, 0, 0, 0, 0, 0, 0, 0, 0, 0, 0, 0, 0, 0, 0
0, 0, 0, 0, 0, 0, 0, 0, 0, 0, 0, 0, 0, 0, 0, 0, 0, 0, 0, 0, 0, 0, 0, 0, 0, 0, 0
0, 0, 0, 0, 0, 0, 0, 0, 0, 0, 0, 0, 0, 0, 0, 0, 0, 0, 0, 0, 0, 0, 0, 0, 0, 0, 0
0, 0, 0, 0, 0, 0, 0, 0, 0, 0, 0, 0, 0, 0, 0, 0, 0, 0, 0, 0, 0, 0, 0, 0, 0, 0, 0
0, 0, 0, 0, 0, 0, 0, 0, 0, 0, 0, 0, 0, 0, 0, 0, 0, 0, 0, 0, 0, 0, 0, 0, 0, 0, 0
0, 0, 0, 0, 0, 0, 0, 0, 0, 0, 0, 0, 0, 0, 0, 0, 0, 0, 0, 0, 0, 0, 0, 0, 0, 0, 0
12, 624, 1, 1530, 1530, 1530, 1530.0, 0.0, 2340900.0, 1, 52, 35, 353091, 1500, 24668, 10088.314285714287, 48997368.38693878, 150771453.5142857, 13, 676, 36, 354621, 1500, 24668, 9850.583333333334, 49324350.90696291, 146648382.58333334
0, 0, 0, 0, 0, 0, 0, 0, 0, 0, 0, 0, 0, 0, 0, 0, 0, 0, 0, 0, 0, 0, 0, 0, 0, 0, 0
0, 0, 0, 0, 0, 0, 0, 0, 0, 0, 0, 0, 0, 0, 0, 0, 0, 0, 0, 0, 0, 0, 0, 0, 0, 0, 0
0, 0, 0, 0, 0, 0, 0, 0, 0, 0, 0, 0, 0, 0, 0, 0, 0, 0, 0, 0, 0, 0, 0, 0, 0, 0, 0
0, 0, 0, 0, 0, 0, 0, 0, 0, 0, 0, 0, 0, 0, 0, 0, 0, 0, 0, 0, 0, 0, 0, 0, 0, 0, 0
0, 0, 0, 0, 0, 0, 0, 0, 0, 0, 0, 0, 0, 0, 0, 0, 0, 0, 0, 0, 0, 0, 0, 0, 0, 0, 0
0, 0, 1, 900, 900, 900, 900.0, 0.0, 810000.0, 0, 0, 1, 324, 324, 324, 324.0, 0.0, 104976.0, 0, 0, 2, 1224, 324, 900, 612.0, 73728.0, 457488.0
0, 0, 0, 0, 0, 0, 0, 0, 0, 0, 0, 0, 0, 0, 0, 0, 0, 0, 0, 0, 0, 0, 0, 0, 0, 0, 0
2, 104, 1, 900, 900, 900, 900.0, 0.0, 810000.0, 3, 168, 0, 0, 0, 0, 0, 0, 0, 5, 272, 1, 900, 900, 900, 900.0, 0.0, 810000.0
0, 0, 0, 0, 0, 0, 0, 0, 0, 0, 0, 0, 0, 0, 0, 0, 0, 0, 0, 0, 0, 0, 0, 0, 0, 0, 0
21, 1092, 1, 1530, 1530, 1530, 1530.0, 0.0, 2340900.0, 1, 52, 35, 350718, 2343, 23220, 10020.514285714286, 60373342.64979592, 160784049.2, 22, 1144, 36, 352248, 1530, 23220, 9784.666666666666, 60524049.051378705, 156382850.6111111
0, 0, 0, 0, 0, 0, 0, 0, 0, 0, 0, 0, 0, 0, 0, 0, 0, 0, 0, 0, 0, 0, 0, 0, 0, 0, 0
0, 0, 0, 0, 0, 0, 0, 0, 0, 0, 0, 0, 0, 0, 0, 0, 0, 0, 0, 0, 0, 0, 0, 0, 0, 0, 0
4, 208, 0, 0, 0, 0, 0, 0, 0, 4, 208, 0, 0, 0, 0, 0, 0, 0, 8, 416, 0, 0, 0, 0, 0, 0, 0
0, 0, 0, 0, 0, 0, 0, 0, 0, 0, 0, 0, 0, 0, 0, 0, 0, 0, 0, 0, 0, 0, 0, 0, 0, 0, 0
0, 0, 0, 0, 0, 0, 0, 0, 0, 0, 0, 0, 0, 0, 0, 0, 0, 0, 0, 0, 0, 0, 0, 0, 0, 0, 0
13, 676, 1, 1530, 1530, 1530, 1530.0, 0.0, 2340900.0, 1, 52, 28, 347889, 2948, 23220, 12424.607142857143, 71605993.66709183, 225976856.32142857, 14, 728, 29, 349419, 1530, 23220, 12048.931034482759, 72395540.1089566, 218265271.62068966
0, 0, 0, 0, 0, 0, 0, 0, 0, 0, 0, 0, 0, 0, 0, 0, 0, 0, 0, 0, 0, 0, 0, 0, 0, 0, 0
0, 0, 0, 0, 0, 0, 0, 0, 0, 0, 0, 0, 0, 0, 0, 0, 0, 0, 0, 0, 0, 0, 0, 0, 0, 0, 0
0, 0, 0, 0, 0, 0, 0, 0, 0, 0, 0, 0, 0, 0, 0, 0, 0, 0, 0, 0, 0, 0, 0, 0, 0, 0, 0
0, 0, 0, 0, 0, 0, 0, 0, 0, 0, 0, 0, 0, 0, 0, 0, 0, 0, 0, 0, 0, 0, 0, 0, 0, 0, 0
0, 0, 0, 0, 0, 0, 0, 0, 0, 0, 0, 0, 0, 0, 0, 0, 0, 0, 0, 0, 0, 0, 0, 0, 0, 0, 0
16, 832, 2, 2926, 1396, 1530, 1463.0, 4489.0, 2144858.0, 2, 104, 33, 347943, 207, 23220, 10543.727272727272, 68652518.74380167, 179822703.54545453, 18, 936, 35, 350869, 207, 23220, 10024.828571428572, 68987409.78719723, 169669683.8
19, 988, 0, 0, 0, 0, 0, 0, 0, 0, 0, 41, 500612, 1500, 26116, 12210.048780487805, 60042233.0707912, 209127524.29268292, 19, 988, 41, 500612, 1500, 26116, 12210.048780487805, 60042233.070791185, 209127524.29268292
0, 0, 1, 104, 104, 104, 104.0, 0.0, 10816.0, 0, 0, 1, 120, 120, 120, 120.0, 0.0, 14400.0, 0, 0, 2, 224, 104, 120, 112.0, 56.88888888888889, 12608.0
0, 0, 1, 104, 104, 104, 104.0, 0.0, 10816.0, 1, 52, 1, 136, 136, 136, 136.0, 0.0, 18496.0, 1, 52, 2, 240, 104, 136, 120.0, 227.55555555555557, 14656.0
3, 168, 0, 0, 0, 0, 0, 0, 0, 2, 104, 1, 136, 136, 136, 136.0, 0.0, 18496.0, 5, 272, 1, 136, 136, 136, 136.0, 0.0, 18496.0
0, 0, 0, 0, 0, 0, 0, 0, 0, 0, 0, 0, 0, 0, 0, 0, 0, 0, 0, 0, 0, 0, 0, 0, 0, 0, 0
0, 0, 0, 0, 0, 0, 0, 0, 0, 0, 0, 0, 0, 0, 0, 0, 0, 0, 0, 0, 0, 0, 0, 0, 0, 0, 0
18, 936, 1, 1530, 1530, 1530, 1530.0, 0.0, 2340900.0, 1, 52, 32, 350037, 2948, 26116, 10938.65625, 78717523.97558594, 198371724.53125, 19, 988, 33, 351567, 1530, 26116, 10653.545454545454, 78847422.42224851, 192431396.5151515
0, 0, 1, 157, 157, 157, 157.0, 0.0, 24649.0, 0, 0, 0, 0, 0, 0, 0, 0, 0, 0, 0, 1, 157, 157, 157, 157.0, 0.0, 24649.0
0, 0, 1, 195, 195, 195, 195.0, 0.0, 38025.0, 0, 0, 0, 0, 0, 0, 0, 0, 0, 0, 0, 1, 195, 195, 195, 195.0, 0.0, 38025.0
0, 0, 1, 157, 157, 157, 157.0, 0.0, 24649.0, 0, 0, 0, 0, 0, 0, 0, 0, 0, 0, 0, 1, 157, 157, 157, 157.0, 0.0, 24649.0
4, 208, 3, 911, 91, 729, 303.6666666666667, 90454.22222222223, 182667.66666666666, 3, 156, 4, 389, 83, 124, 97.25, 249.1875, 9706.75, 7, 364, 7, 1300, 83, 729, 185.71428571428572, 33301.70247933884, 83832.85714285714
0, 0, 1, 195, 195, 195, 195.0, 0.0, 38025.0, 0, 0, 0, 0, 0, 0, 0, 0, 0, 0, 0, 1, 195, 195, 195, 195.0, 0.0, 38025.0
16, 832, 4, 2447, 172, 1530, 611.75, 305527.1875, 679765.25, 3, 156, 34, 345873, 2948, 20324, 10172.735294117647, 45818661.606401384, 149303204.97058824, 19, 988, 38, 348320, 172, 20324, 9166.315789473685, 48086485.85628858, 133658632.36842105
1, 52, 1, 91, 91, 91, 91.0, 0.0, 8281.0, 1, 52, 3, 359, 91, 145, 119.66666666666667, 491.5555555555555, 14811.666666666666, 2, 104, 4, 450, 91, 145, 112.5, 521.9591836734695, 13179.0
0, 0, 1, 195, 195, 195, 195.0, 0.0, 38025.0, 0, 0, 0, 0, 0, 0, 0, 0, 0, 0, 0, 1, 195, 195, 195, 195.0, 0.0, 38025.0
0, 0, 2, 632, 172, 460, 316.0, 20736.0, 120592.0, 1, 52, 0, 0, 0, 0, 0, 0, 0, 1, 52, 2, 632, 172, 460, 316.0, 20736.0, 120592.0
1, 52, 2, 286, 91, 195, 143.0, 2704.0, 23153.0, 1, 52, 3, 296, 83, 122, 98.66666666666667, 282.88888888888886, 10018.0, 2, 104, 5, 582, 83, 195, 116.4, 1256.6875, 15272.0
0, 0, 0, 0, 0, 0, 0, 0, 0, 0, 0, 0, 0, 0, 0, 0, 0, 0, 0, 0, 0, 0, 0, 0, 0, 0, 0
0, 0, 1, 157, 157, 157, 157.0, 0.0, 24649.0, 0, 0, 0, 0, 0, 0, 0, 0, 0, 0, 0, 1, 157, 157, 157, 157.0, 0.0, 24649.0
0, 0, 0, 0, 0, 0, 0, 0, 0, 0, 0, 0, 0, 0, 0, 0, 0, 0, 0, 0, 0, 0, 0, 0, 0, 0, 0
0, 0, 0, 0, 0, 0, 0, 0, 0, 0, 0, 0, 0, 0, 0, 0, 0, 0, 0, 0, 0, 0, 0, 0, 0, 0, 0
0, 0, 1, 157, 157, 157, 157.0, 0.0, 24649.0, 0, 0, 0, 0, 0, 0, 0, 0, 0, 0, 0, 1, 157, 157, 157, 157.0, 0.0, 24649.0
17, 884, 1, 1530, 1530, 1530, 1530.0, 0.0, 2340900.0, 1, 52, 35, 350738, 1450, 27564, 10021.085714285715, 78234046.0212245, 178656204.91428572, 18, 936, 36, 352268, 1450, 27564, 9785.222222222223, 78133327.96826024, 173758557.55555555
0, 0, 0, 0, 0, 0, 0, 0, 0, 0, 0, 0, 0, 0, 0, 0, 0, 0, 0, 0, 0, 0, 0, 0, 0, 0, 0
1, 52, 0, 0, 0, 0, 0, 0, 0, 1, 52, 0, 0, 0, 0, 0, 0, 0, 2, 104, 0, 0, 0, 0, 0, 0, 0
0, 0, 0, 0, 0, 0, 0, 0, 0, 0, 0, 0, 0, 0, 0, 0, 0, 0, 0, 0, 0, 0, 0, 0, 0, 0, 0
0, 0, 0, 0, 0, 0, 0, 0, 0, 0, 0, 0, 0, 0, 0, 0, 0, 0, 0, 0, 0, 0, 0, 0, 0, 0, 0
0, 0, 0, 0, 0, 0, 0, 0, 0, 0, 0, 0, 0, 0, 0, 0, 0, 0, 0, 0, 0, 0, 0, 0, 0, 0, 0
30, 1560, 1, 1530, 1530, 1530, 1530.0, 0.0, 2340900.0, 1, 52, 35, 351889, 1500, 26116, 10053.971428571429, 49671671.342040814, 150754012.82857144, 31, 1612, 36, 353419, 1500, 26116, 9817.194444444445, 49981010.274548694, 146631426.3611111
0, 0, 0, 0, 0, 0, 0, 0, 0, 0, 0, 0, 0, 0, 0, 0, 0, 0, 0, 0, 0, 0, 0, 0, 0, 0, 0
0, 0, 0, 0, 0, 0, 0, 0, 0, 0, 0, 0, 0, 0, 0, 0, 0, 0, 0, 0, 0, 0, 0, 0, 0, 0, 0
0, 0, 0, 0, 0, 0, 0, 0, 0, 0, 0, 0, 0, 0, 0, 0, 0, 0, 0, 0, 0, 0, 0, 0, 0, 0, 0
0, 0, 0, 0, 0, 0, 0, 0, 0, 0, 0, 0, 0, 0, 0, 0, 0, 0, 0, 0, 0, 0, 0, 0, 0, 0, 0
0, 0, 0, 0, 0, 0, 0, 0, 0, 0, 0, 0, 0, 0, 0, 0, 0, 0, 0, 0, 0, 0, 0, 0, 0, 0, 0
0, 0, 0, 0, 0, 0, 0, 0, 0, 0, 0, 0, 0, 0, 0, 0, 0, 0, 0, 0, 0, 0, 0, 0, 0, 0, 0
0, 0, 0, 0, 0, 0, 0, 0, 0, 0, 0, 0, 0, 0, 0, 0, 0, 0, 0, 0, 0, 0, 0, 0, 0, 0, 0
0, 0, 0, 0, 0, 0, 0, 0, 0, 0, 0, 0, 0, 0, 0, 0, 0, 0, 0, 0, 0, 0, 0, 0, 0, 0, 0
0, 0, 0, 0, 0, 0, 0, 0, 0, 0, 0, 0, 0, 0, 0, 0, 0, 0, 0, 0, 0, 0, 0, 0, 0, 0, 0
0, 0, 0, 0, 0, 0, 0, 0, 0, 0, 0, 0, 0, 0, 0, 0, 0, 0, 0, 0, 0, 0, 0, 0, 0, 0, 0
0, 0, 0, 0, 0, 0, 0, 0, 0, 0, 0, 0, 0, 0, 0, 0, 0, 0, 0, 0, 0, 0, 0, 0, 0, 0, 0
0, 0, 0, 0, 0, 0, 0, 0, 0, 0, 0, 0, 0, 0, 0, 0, 0, 0, 0, 0, 0, 0, 0, 0, 0, 0, 0
15, 780, 1, 1530, 1530, 1530, 1530.0, 0.0, 2340900.0, 1, 52, 32, 354765, 1500, 26116, 11086.40625, 59026703.49121094, 181935107.03125, 16, 832, 33, 356295, 1500, 26116, 10796.818181818182, 59501983.46745562, 176492858.33333334
2, 104, 0, 0, 0, 0, 0, 0, 0, 2, 104, 0, 0, 0, 0, 0, 0, 0, 4, 208, 0, 0, 0, 0, 0, 0, 0
0, 0, 0, 0, 0, 0, 0, 0, 0, 0, 0, 0, 0, 0, 0, 0, 0, 0, 0, 0, 0, 0, 0, 0, 0, 0, 0
0, 0, 0, 0, 0, 0, 0, 0, 0, 0, 0, 0, 0, 0, 0, 0, 0, 0, 0, 0, 0, 0, 0, 0, 0, 0, 0
0, 0, 0, 0, 0, 0, 0, 0, 0, 0, 0, 0, 0, 0, 0, 0, 0, 0, 0, 0, 0, 0, 0, 0, 0, 0, 0
0, 0, 0, 0, 0, 0, 0, 0, 0, 0, 0, 0, 0, 0, 0, 0, 0, 0, 0, 0, 0, 0, 0, 0, 0, 0, 0
0, 0, 0, 0, 0, 0, 0, 0, 0, 0, 0, 0, 0, 0, 0, 0, 0, 0, 0, 0, 0, 0, 0, 0, 0, 0, 0
0, 0, 0, 0, 0, 0, 0, 0, 0, 0, 0, 0, 0, 0, 0, 0, 0, 0, 0, 0, 0, 0, 0, 0, 0, 0, 0
0, 0, 0, 0, 0, 0, 0, 0, 0, 0, 0, 0, 0, 0, 0, 0, 0, 0, 0, 0, 0, 0, 0, 0, 0, 0, 0
0, 0, 0, 0, 0, 0, 0, 0, 0, 0, 0, 0, 0, 0, 0, 0, 0, 0, 0, 0, 0, 0, 0, 0, 0, 0, 0
0, 0, 0, 0, 0, 0, 0, 0, 0, 0, 0, 0, 0, 0, 0, 0, 0, 0, 0, 0, 0, 0, 0, 0, 0, 0, 0
0, 0, 0, 0, 0, 0, 0, 0, 0, 0, 0, 0, 0, 0, 0, 0, 0, 0, 0, 0, 0, 0, 0, 0, 0, 0, 0
0, 0, 0, 0, 0, 0, 0, 0, 0, 0, 0, 0, 0, 0, 0, 0, 0, 0, 0, 0, 0, 0, 0, 0, 0, 0, 0
0, 0, 0, 0, 0, 0, 0, 0, 0, 0, 0, 0, 0, 0, 0, 0, 0, 0, 0, 0, 0, 0, 0, 0, 0, 0, 0
30, 1560, 2, 2926, 1396, 1530, 1463.0, 4489.0, 2144858.0, 1, 52, 78, 864709, 2892, 27564, 11086.01282051282, 67413239.7562459, 190312920.0128205, 31, 1612, 80, 867635, 1396, 27564, 10845.4375, 67717308.65518345, 185608718.4625
0, 0, 0, 0, 0, 0, 0, 0, 0, 0, 0, 0, 0, 0, 0, 0, 0, 0, 0, 0, 0, 0, 0, 0, 0, 0, 0
1, 60, 0, 0, 0, 0, 0, 0, 0, 1, 60, 0, 0, 0, 0, 0, 0, 0, 2, 120, 0, 0, 0, 0, 0, 0, 0
0, 0, 1, 93, 93, 93, 93.0, 0.0, 8649.0, 2, 104, 0, 0, 0, 0, 0, 0, 0, 2, 104, 1, 93, 93, 93, 93.0, 0.0, 8649.0
0, 0, 0, 0, 0, 0, 0, 0, 0, 0, 0, 0, 0, 0, 0, 0, 0, 0, 0, 0, 0, 0, 0, 0, 0, 0, 0
0, 0, 1, 195, 195, 195, 195.0, 0.0, 38025.0, 0, 0, 0, 0, 0, 0, 0, 0, 0, 0, 0, 1, 195, 195, 195, 195.0, 0.0, 38025.0
0, 0, 0, 0, 0, 0, 0, 0, 0, 0, 0, 0, 0, 0, 0, 0, 0, 0, 0, 0, 0, 0, 0, 0, 0, 0, 0
0, 0, 1, 200, 200, 200, 200.0, 0.0, 40000.0, 0, 0, 0, 0, 0, 0, 0, 0, 0, 0, 0, 1, 200, 200, 200, 200.0, 0.0, 40000.0
0, 0, 1, 195, 195, 195, 195.0, 0.0, 38025.0, 0, 0, 0, 0, 0, 0, 0, 0, 0, 0, 0, 1, 195, 195, 195, 195.0, 0.0, 38025.0
0, 0, 0, 0, 0, 0, 0, 0, 0, 0, 0, 0, 0, 0, 0, 0, 0, 0, 0, 0, 0, 0, 0, 0, 0, 0, 0
0, 0, 2, 395, 195, 200, 197.5, 6.25, 39012.5, 0, 0, 0, 0, 0, 0, 0, 0, 0, 0, 0, 2, 395, 195, 200, 197.5, 6.25, 39012.5
0, 0, 0, 0, 0, 0, 0, 0, 0, 0, 0, 0, 0, 0, 0, 0, 0, 0, 0, 0, 0, 0, 0, 0, 0, 0, 0
0, 0, 1, 200, 200, 200, 200.0, 0.0, 40000.0, 0, 0, 0, 0, 0, 0, 0, 0, 0, 0, 0, 1, 200, 200, 200, 200.0, 0.0, 40000.0
26, 1352, 3, 2857, 195, 1530, 952.3333333333334, 313177.55555555556, 1220116.3333333333, 2, 104, 29, 354440, 723, 65212, 12222.068965517241, 137610168.75386444, 286989138.55172414, 28, 1456, 32, 357297, 195, 65212, 11165.53125, 136796908.4428917, 260198292.71875
0, 0, 0, 0, 0, 0, 0, 0, 0, 0, 0, 0, 0, 0, 0, 0, 0, 0, 0, 0, 0, 0, 0, 0, 0, 0, 0
0, 0, 1, 200, 200, 200, 200.0, 0.0, 40000.0, 0, 0, 0, 0, 0, 0, 0, 0, 0, 0, 0, 1, 200, 200, 200, 200.0, 0.0, 40000.0
0, 0, 0, 0, 0, 0, 0, 0, 0, 0, 0, 0, 0, 0, 0, 0, 0, 0, 0, 0, 0, 0, 0, 0, 0, 0, 0
1, 52, 1, 900, 900, 900, 900.0, 0.0, 810000.0, 1, 52, 1, 324, 324, 324, 324.0, 0.0, 104976.0, 2, 104, 2, 1224, 324, 900, 612.0, 73728.0, 457488.0
1, 52, 0, 0, 0, 0, 0, 0, 0, 0, 0, 1, 68, 68, 68, 68.0, 0.0, 4624.0, 1, 52, 1, 68, 68, 68, 68.0, 0.0, 4624.0
0, 0, 0, 0, 0, 0, 0, 0, 0, 0, 0, 0, 0, 0, 0, 0, 0, 0, 0, 0, 0, 0, 0, 0, 0, 0, 0
1, 52, 1, 104, 104, 104, 104.0, 0.0, 10816.0, 0, 0, 1, 104, 104, 104, 104.0, 0.0, 10816.0, 1, 52, 2, 208, 104, 104, 104.0, 0.0, 10816.0
0, 0, 0, 0, 0, 0, 0, 0, 0, 0, 0, 0, 0, 0, 0, 0, 0, 0, 0, 0, 0, 0, 0, 0, 0, 0, 0
0, 0, 1, 104, 104, 104, 104.0, 0.0, 10816.0, 0, 0, 0, 0, 0, 0, 0, 0, 0, 0, 0, 1, 104, 104, 104, 104.0, 0.0, 10816.0
0, 0, 1, 195, 195, 195, 195.0, 0.0, 38025.0, 0, 0, 0, 0, 0, 0, 0, 0, 0, 0, 0, 1, 195, 195, 195, 195.0, 0.0, 38025.0
0, 0, 1, 104, 104, 104, 104.0, 0.0, 10816.0, 0, 0, 0, 0, 0, 0, 0, 0, 0, 0, 0, 1, 104, 104, 104, 104.0, 0.0, 10816.0
0, 0, 0, 0, 0, 0, 0, 0, 0, 0, 0, 0, 0, 0, 0, 0, 0, 0, 0, 0, 0, 0, 0, 0, 0, 0, 0
0, 0, 1, 195, 195, 195, 195.0, 0.0, 38025.0, 0, 0, 0, 0, 0, 0, 0, 0, 0, 0, 0, 1, 195, 195, 195, 195.0, 0.0, 38025.0
18, 936, 1, 1530, 1530, 1530, 1530.0, 0.0, 2340900.0, 2, 104, 33, 347490, 1202, 20324, 10530.0, 48203293.09090909, 159084193.0909091, 20, 1040, 34, 349020, 1202, 20324, 10265.29411764706, 48674752.07128537, 154474096.2352941
0, 0, 2, 299, 104, 195, 149.5, 2070.25, 24420.5, 0, 0, 0, 0, 0, 0, 0, 0, 0, 0, 0, 2, 299, 104, 195, 149.5, 2070.25, 24420.5
0, 0, 0, 0, 0, 0, 0, 0, 0, 1, 64, 0, 0, 0, 0, 0, 0, 0, 1, 64, 0, 0, 0, 0, 0, 0, 0
0, 0, 0, 0, 0, 0, 0, 0, 0, 0, 0, 0, 0, 0, 0, 0, 0, 0, 0, 0, 0, 0, 0, 0, 0, 0, 0
0, 0, 1, 195, 195, 195, 195.0, 0.0, 38025.0, 0, 0, 0, 0, 0, 0, 0, 0, 0, 0, 0, 1, 195, 195, 195, 195.0, 0.0, 38025.0
1, 64, 1, 104, 104, 104, 104.0, 0.0, 10816.0, 2, 104, 1, 136, 136, 136, 136.0, 0.0, 18496.0, 3, 168, 2, 240, 104, 136, 120.0, 227.55555555555557, 14656.0
0, 0, 0, 0, 0, 0, 0, 0, 0, 0, 0, 0, 0, 0, 0, 0, 0, 0, 0, 0, 0, 0, 0, 0, 0, 0, 0
0, 0, 0, 0, 0, 0, 0, 0, 0, 0, 0, 0, 0, 0, 0, 0, 0, 0, 0, 0, 0, 0, 0, 0, 0, 0, 0
0, 0, 2, 390, 195, 195, 195.0, 0.0, 38025.0, 0, 0, 0, 0, 0, 0, 0, 0, 0, 0, 0, 2, 390, 195, 195, 195.0, 0.0, 38025.0
0, 0, 0, 0, 0, 0, 0, 0, 0, 0, 0, 0, 0, 0, 0, 0, 0, 0, 0, 0, 0, 0, 0, 0, 0, 0, 0
0, 0, 0, 0, 0, 0, 0, 0, 0, 0, 0, 0, 0, 0, 0, 0, 0, 0, 0, 0, 0, 0, 0, 0, 0, 0, 0
6, 312, 5, 1303, 91, 731, 260.6, 57482.240000000005, 125394.6, 3, 156, 5, 525, 83, 136, 105.0, 439.6, 11464.6, 9, 468, 10, 1828, 83, 731, 182.8, 24834.115555555552, 68429.6
0, 0, 0, 0, 0, 0, 0, 0, 0, 1, 52, 0, 0, 0, 0, 0, 0, 0, 1, 52, 0, 0, 0, 0, 0, 0, 0
0, 0, 0, 0, 0, 0, 0, 0, 0, 0, 0, 0, 0, 0, 0, 0, 0, 0, 0, 0, 0, 0, 0, 0, 0, 0, 0
0, 0, 2, 390, 195, 195, 195.0, 0.0, 38025.0, 0, 0, 0, 0, 0, 0, 0, 0, 0, 0, 0, 2, 390, 195, 195, 195.0, 0.0, 38025.0
0, 0, 0, 0, 0, 0, 0, 0, 0, 0, 0, 0, 0, 0, 0, 0, 0, 0, 0, 0, 0, 0, 0, 0, 0, 0, 0
0, 0, 1, 195, 195, 195, 195.0, 0.0, 38025.0, 0, 0, 0, 0, 0, 0, 0, 0, 0, 0, 0, 1, 195, 195, 195, 195.0, 0.0, 38025.0
7, 364, 2, 1725, 195, 1530, 862.5, 445556.25, 1189462.5, 1, 52, 32, 348296, 1500, 26116, 10884.25, 78267637.9375, 196734536.0, 8, 416, 34, 350021, 195, 26116, 10294.735294117647, 78860664.97359964, 185231884.61764705
0, 0, 0, 0, 0, 0, 0, 0, 0, 0, 0, 0, 0, 0, 0, 0, 0, 0, 0, 0, 0, 0, 0, 0, 0, 0, 0
0, 0, 0, 0, 0, 0, 0, 0, 0, 0, 0, 0, 0, 0, 0, 0, 0, 0, 0, 0, 0, 0, 0, 0, 0, 0, 0
0, 0, 0, 0, 0, 0, 0, 0, 0, 0, 0, 0, 0, 0, 0, 0, 0, 0, 0, 0, 0, 0, 0, 0, 0, 0, 0
0, 0, 0, 0, 0, 0, 0, 0, 0, 0, 0, 0, 0, 0, 0, 0, 0, 0, 0, 0, 0, 0, 0, 0, 0, 0, 0
0, 0, 0, 0, 0, 0, 0, 0, 0, 0, 0, 0, 0, 0, 0, 0, 0, 0, 0, 0, 0, 0, 0, 0, 0, 0, 0
0, 0, 0, 0, 0, 0, 0, 0, 0, 0, 0, 0, 0, 0, 0, 0, 0, 0, 0, 0, 0, 0, 0, 0, 0, 0, 0
0, 0, 2, 400, 200, 200, 200.0, 0.0, 40000.0, 0, 0, 0, 0, 0, 0, 0, 0, 0, 0, 0, 2, 400, 200, 200, 200.0, 0.0, 40000.0
0, 0, 0, 0, 0, 0, 0, 0, 0, 0, 0, 0, 0, 0, 0, 0, 0, 0, 0, 0, 0, 0, 0, 0, 0, 0, 0
0, 0, 0, 0, 0, 0, 0, 0, 0, 0, 0, 0, 0, 0, 0, 0, 0, 0, 0, 0, 0, 0, 0, 0, 0, 0, 0
1, 52, 5, 1791, 91, 1116, 358.2, 145211.36, 273518.6, 3, 156, 3, 359, 91, 145, 119.66666666666667, 491.5555555555555, 14811.666666666666, 4, 208, 8, 2150, 91, 1116, 268.75, 80380.26446280991, 176503.5
2, 104, 0, 0, 0, 0, 0, 0, 0, 2, 104, 0, 0, 0, 0, 0, 0, 0, 4, 208, 0, 0, 0, 0, 0, 0, 0
0, 0, 2, 357, 157, 200, 178.5, 462.25, 32324.5, 0, 0, 0, 0, 0, 0, 0, 0, 0, 0, 0, 2, 357, 157, 200, 178.5, 462.25, 32324.5
0, 0, 2, 395, 195, 200, 197.5, 6.25, 39012.5, 0, 0, 0, 0, 0, 0, 0, 0, 0, 0, 0, 2, 395, 195, 200, 197.5, 6.25, 39012.5
28, 1456, 2, 1687, 157, 1530, 843.5, 471282.25, 1182774.5, 1, 52, 36, 343719, 2426, 26116, 9547.75, 57917608.965277776, 149077139.0277778, 29, 1508, 38, 345406, 157, 26116, 9089.631578947368, 58357337.79054054, 141293225.10526314
0, 0, 3, 557, 157, 200, 185.66666666666666, 410.8888888888889, 34883.0, 0, 0, 0, 0, 0, 0, 0, 0, 0, 0, 0, 3, 557, 157, 200, 185.66666666666666, 410.8888888888889, 34883.0
3, 156, 1, 195, 195, 195, 195.0, 0.0, 38025.0, 1, 52, 0, 0, 0, 0, 0, 0, 0, 4, 208, 1, 195, 195, 195, 195.0, 0.0, 38025.0
0, 0, 3, 486, 157, 172, 162.0, 50.0, 26294.0, 2, 104, 0, 0, 0, 0, 0, 0, 0, 2, 104, 3, 486, 157, 172, 162.0, 50.0, 26294.0
0, 0, 0, 0, 0, 0, 0, 0, 0, 0, 0, 0, 0, 0, 0, 0, 0, 0, 0, 0, 0, 0, 0, 0, 0, 0, 0
0, 0, 1, 195, 195, 195, 195.0, 0.0, 38025.0, 0, 0, 0, 0, 0, 0, 0, 0, 0, 0, 0, 1, 195, 195, 195, 195.0, 0.0, 38025.0
0, 0, 2, 329, 157, 172, 164.5, 56.25, 27116.5, 0, 0, 0, 0, 0, 0, 0, 0, 0, 0, 0, 2, 329, 157, 172, 164.5, 56.25, 27116.5
0, 0, 0, 0, 0, 0, 0, 0, 0, 0, 0, 0, 0, 0, 0, 0, 0, 0, 0, 0, 0, 0, 0, 0, 0, 0, 0
0, 0, 1, 195, 195, 195, 195.0, 0.0, 38025.0, 0, 0, 0, 0, 0, 0, 0, 0, 0, 0, 0, 1, 195, 195, 195, 195.0, 0.0, 38025.0
0, 0, 1, 172, 172, 172, 172.0, 0.0, 29584.0, 0, 0, 0, 0, 0, 0, 0, 0, 0, 0, 0, 1, 172, 172, 172, 172.0, 0.0, 29584.0
0, 0, 0, 0, 0, 0, 0, 0, 0, 0, 0, 0, 0, 0, 0, 0, 0, 0, 0, 0, 0, 0, 0, 0, 0, 0, 0
0, 0, 0, 0, 0, 0, 0, 0, 0, 0, 0, 0, 0, 0, 0, 0, 0, 0, 0, 0, 0, 0, 0, 0, 0, 0, 0
0, 0, 0, 0, 0, 0, 0, 0, 0, 0, 0, 0, 0, 0, 0, 0, 0, 0, 0, 0, 0, 0, 0, 0, 0, 0, 0
17, 884, 2, 1992, 462, 1530, 996.0, 285156.0, 1277172.0, 2, 104, 36, 348636, 2948, 23220, 9684.333333333334, 48913107.88888888, 142699420.0, 19, 988, 38, 350628, 462, 23220, 9227.052631578947, 49583891.439006574, 135256143.78947368
1, 52, 1, 91, 91, 91, 91.0, 0.0, 8281.0, 1, 52, 3, 296, 83, 122, 98.66666666666667, 282.88888888888886, 10018.0, 2, 104, 4, 387, 83, 122, 96.75, 249.6734693877551, 9583.75
0, 0, 0, 0, 0, 0, 0, 0, 0, 0, 0, 0, 0, 0, 0, 0, 0, 0, 0, 0, 0, 0, 0, 0, 0, 0, 0
0, 0, 0, 0, 0, 0, 0, 0, 0, 0, 0, 0, 0, 0, 0, 0, 0, 0, 0, 0, 0, 0, 0, 0, 0, 0, 0
0, 0, 1, 157, 157, 157, 157.0, 0.0, 24649.0, 0, 0, 0, 0, 0, 0, 0, 0, 0, 0, 0, 1, 157, 157, 157, 157.0, 0.0, 24649.0
0, 0, 0, 0, 0, 0, 0, 0, 0, 0, 0, 0, 0, 0, 0, 0, 0, 0, 0, 0, 0, 0, 0, 0, 0, 0, 0
0, 0, 1, 68, 68, 68, 68.0, 0.0, 4624.0, 0, 0, 0, 0, 0, 0, 0, 0, 0, 0, 0, 1, 68, 68, 68, 68.0, 0.0, 4624.0
0, 0, 1, 157, 157, 157, 157.0, 0.0, 24649.0, 0, 0, 0, 0, 0, 0, 0, 0, 0, 0, 0, 1, 157, 157, 157, 157.0, 0.0, 24649.0
0, 0, 0, 0, 0, 0, 0, 0, 0, 0, 0, 0, 0, 0, 0, 0, 0, 0, 0, 0, 0, 0, 0, 0, 0, 0, 0
0, 0, 1, 68, 68, 68, 68.0, 0.0, 4624.0, 0, 0, 0, 0, 0, 0, 0, 0, 0, 0, 0, 1, 68, 68, 68, 68.0, 0.0, 4624.0
17, 884, 2, 1568, 172, 1396, 784.0, 374544.0, 989200.0, 0, 0, 44, 507011, 2319, 26116, 11522.977272727272, 77489096.9767562, 210268102.20454547, 17, 884, 46, 508579, 172, 26116, 11056.065217391304, 78281281.15555555, 201169019.5
0, 0, 0, 0, 0, 0, 0, 0, 0, 0, 0, 0, 0, 0, 0, 0, 0, 0, 0, 0, 0, 0, 0, 0, 0, 0, 0
0, 0, 1, 172, 172, 172, 172.0, 0.0, 29584.0, 0, 0, 0, 0, 0, 0, 0, 0, 0, 0, 0, 1, 172, 172, 172, 172.0, 0.0, 29584.0
0, 0, 1, 1530, 1530, 1530, 1530.0, 0.0, 2340900.0, 0, 0, 0, 0, 0, 0, 0, 0, 0, 0, 0, 1, 1530, 1530, 1530, 1530.0, 0.0, 2340900.0
13, 676, 1, 68, 68, 68, 68.0, 0.0, 4624.0, 1, 52, 36, 352667, 1500, 30460, 9796.305555555555, 86813745.0455247, 182781347.58333334, 14, 728, 37, 352735, 68, 30460, 9533.378378378378, 86903193.62844811, 177841436.13513514
0, 0, 1, 157, 157, 157, 157.0, 0.0, 24649.0, 0, 0, 0, 0, 0, 0, 0, 0, 0, 0, 0, 1, 157, 157, 157, 157.0, 0.0, 24649.0
0, 0, 0, 0, 0, 0, 0, 0, 0, 0, 0, 0, 0, 0, 0, 0, 0, 0, 0, 0, 0, 0, 0, 0, 0, 0, 0
0, 0, 1, 195, 195, 195, 195.0, 0.0, 38025.0, 0, 0, 0, 0, 0, 0, 0, 0, 0, 0, 0, 1, 195, 195, 195, 195.0, 0.0, 38025.0
0, 0, 1, 157, 157, 157, 157.0, 0.0, 24649.0, 0, 0, 0, 0, 0, 0, 0, 0, 0, 0, 0, 1, 157, 157, 157, 157.0, 0.0, 24649.0
0, 0, 1, 195, 195, 195, 195.0, 0.0, 38025.0, 0, 0, 0, 0, 0, 0, 0, 0, 0, 0, 0, 1, 195, 195, 195, 195.0, 0.0, 38025.0
0, 0, 0, 0, 0, 0, 0, 0, 0, 0, 0, 0, 0, 0, 0, 0, 0, 0, 0, 0, 0, 0, 0, 0, 0, 0, 0
0, 0, 0, 0, 0, 0, 0, 0, 0, 0, 0, 0, 0, 0, 0, 0, 0, 0, 0, 0, 0, 0, 0, 0, 0, 0, 0
0, 0, 1, 195, 195, 195, 195.0, 0.0, 38025.0, 0, 0, 0, 0, 0, 0, 0, 0, 0, 0, 0, 1, 195, 195, 195, 195.0, 0.0, 38025.0
0, 0, 0, 0, 0, 0, 0, 0, 0, 0, 0, 0, 0, 0, 0, 0, 0, 0, 0, 0, 0, 0, 0, 0, 0, 0, 0
1, 52, 0, 0, 0, 0, 0, 0, 0, 1, 52, 0, 0, 0, 0, 0, 0, 0, 2, 104, 0, 0, 0, 0, 0, 0, 0
0, 0, 1, 195, 195, 195, 195.0, 0.0, 38025.0, 0, 0, 0, 0, 0, 0, 0, 0, 0, 0, 0, 1, 195, 195, 195, 195.0, 0.0, 38025.0
0, 0, 0, 0, 0, 0, 0, 0, 0, 0, 0, 0, 0, 0, 0, 0, 0, 0, 0, 0, 0, 0, 0, 0, 0, 0, 0
0, 0, 0, 0, 0, 0, 0, 0, 0, 0, 0, 0, 0, 0, 0, 0, 0, 0, 0, 0, 0, 0, 0, 0, 0, 0, 0
0, 0, 0, 0, 0, 0, 0, 0, 0, 0, 0, 0, 0, 0, 0, 0, 0, 0, 0, 0, 0, 0, 0, 0, 0, 0, 0
0, 0, 0, 0, 0, 0, 0, 0, 0, 0, 0, 0, 0, 0, 0, 0, 0, 0, 0, 0, 0, 0, 0, 0, 0, 0, 0
15, 780, 1, 1530, 1530, 1530, 1530.0, 0.0, 2340900.0, 1, 52, 38, 347170, 2948, 24668, 9136.052631578947, 47126148.734072015, 130593606.42105263, 16, 832, 39, 348700, 1530, 24668, 8941.02564102564, 47255688.51003542, 127305075.48717949
0, 0, 0, 0, 0, 0, 0, 0, 0, 0, 0, 0, 0, 0, 0, 0, 0, 0, 0, 0, 0, 0, 0, 0, 0, 0, 0
0, 0, 0, 0, 0, 0, 0, 0, 0, 0, 0, 0, 0, 0, 0, 0, 0, 0, 0, 0, 0, 0, 0, 0, 0, 0, 0
0, 0, 0, 0, 0, 0, 0, 0, 0, 0, 0, 0, 0, 0, 0, 0, 0, 0, 0, 0, 0, 0, 0, 0, 0, 0, 0
0, 0, 0, 0, 0, 0, 0, 0, 0, 0, 0, 0, 0, 0, 0, 0, 0, 0, 0, 0, 0, 0, 0, 0, 0, 0, 0
0, 0, 0, 0, 0, 0, 0, 0, 0, 0, 0, 0, 0, 0, 0, 0, 0, 0, 0, 0, 0, 0, 0, 0, 0, 0, 0
0, 0, 0, 0, 0, 0, 0, 0, 0, 0, 0, 0, 0, 0, 0, 0, 0, 0, 0, 0, 0, 0, 0, 0, 0, 0, 0
0, 0, 0, 0, 0, 0, 0, 0, 0, 0, 0, 0, 0, 0, 0, 0, 0, 0, 0, 0, 0, 0, 0, 0, 0, 0, 0
0, 0, 0, 0, 0, 0, 0, 0, 0, 0, 0, 0, 0, 0, 0, 0, 0, 0, 0, 0, 0, 0, 0, 0, 0, 0, 0
0, 0, 0, 0, 0, 0, 0, 0, 0, 0, 0, 0, 0, 0, 0, 0, 0, 0, 0, 0, 0, 0, 0, 0, 0, 0, 0
0, 0, 0, 0, 0, 0, 0, 0, 0, 0, 0, 0, 0, 0, 0, 0, 0, 0, 0, 0, 0, 0, 0, 0, 0, 0, 0
2, 104, 0, 0, 0, 0, 0, 0, 0, 2, 104, 0, 0, 0, 0, 0, 0, 0, 4, 208, 0, 0, 0, 0, 0, 0, 0
0, 0, 0, 0, 0, 0, 0, 0, 0, 0, 0, 0, 0, 0, 0, 0, 0, 0, 0, 0, 0, 0, 0, 0, 0, 0, 0
16, 840, 1, 1530, 1530, 1530, 1530.0, 0.0, 2340900.0, 2, 112, 33, 342982, 1500, 26116, 10393.39393939394, 80540654.66299357, 188563292.24242425, 18, 952, 34, 344512, 1500, 26116, 10132.70588235294, 80493588.451771, 183086163.05882353
0, 0, 1, 93, 93, 93, 93.0, 0.0, 8649.0, 1, 52, 0, 0, 0, 0, 0, 0, 0, 1, 52, 1, 93, 93, 93, 93.0, 0.0, 8649.0
0, 0, 0, 0, 0, 0, 0, 0, 0, 1, 52, 0, 0, 0, 0, 0, 0, 0, 1, 52, 0, 0, 0, 0, 0, 0, 0
0, 0, 0, 0, 0, 0, 0, 0, 0, 0, 0, 0, 0, 0, 0, 0, 0, 0, 0, 0, 0, 0, 0, 0, 0, 0, 0
0, 0, 0, 0, 0, 0, 0, 0, 0, 0, 0, 0, 0, 0, 0, 0, 0, 0, 0, 0, 0, 0, 0, 0, 0, 0, 0
0, 0, 0, 0, 0, 0, 0, 0, 0, 0, 0, 0, 0, 0, 0, 0, 0, 0, 0, 0, 0, 0, 0, 0, 0, 0, 0
1, 52, 1, 1132, 1132, 1132, 1132.0, 0.0, 1281424.0, 1, 52, 1, 723, 723, 723, 723.0, 0.0, 522729.0, 2, 104, 2, 1855, 723, 1132, 927.5, 37173.555555555555, 902076.5
1, 52, 2, 823, 91, 732, 411.5, 102720.25, 272052.5, 2, 104, 1, 91, 91, 91, 91.0, 0.0, 8281.0, 3, 156, 3, 914, 91, 732, 304.6666666666667, 77040.1875, 184128.66666666666
3, 156, 1, 91, 91, 91, 91.0, 0.0, 8281.0, 1, 52, 3, 298, 83, 124, 99.33333333333333, 314.88888888888886, 10182.0, 4, 208, 4, 389, 83, 124, 97.25, 278.40816326530614, 9706.75
0, 0, 0, 0, 0, 0, 0, 0, 0, 0, 0, 0, 0, 0, 0, 0, 0, 0, 0, 0, 0, 0, 0, 0, 0, 0, 0
0, 0, 0, 0, 0, 0, 0, 0, 0, 0, 0, 0, 0, 0, 0, 0, 0, 0, 0, 0, 0, 0, 0, 0, 0, 0, 0
0, 0, 0, 0, 0, 0, 0, 0, 0, 0, 0, 0, 0, 0, 0, 0, 0, 0, 0, 0, 0, 0, 0, 0, 0, 0, 0
0, 0, 0, 0, 0, 0, 0, 0, 0, 0, 0, 0, 0, 0, 0, 0, 0, 0, 0, 0, 0, 0, 0, 0, 0, 0, 0
14, 728, 1, 1530, 1530, 1530, 1530.0, 0.0, 2340900.0, 1, 52, 34, 346750, 2948, 26116, 10198.529411764706, 76378844.54325259, 180388846.70588234, 15, 780, 35, 348280, 1530, 26116, 9950.857142857143, 76345156.46796891, 175301762.5142857
0, 0, 0, 0, 0, 0, 0, 0, 0, 0, 0, 0, 0, 0, 0, 0, 0, 0, 0, 0, 0, 0, 0, 0, 0, 0, 0
0, 0, 0, 0, 0, 0, 0, 0, 0, 0, 0, 0, 0, 0, 0, 0, 0, 0, 0, 0, 0, 0, 0, 0, 0, 0, 0
0, 0, 0, 0, 0, 0, 0, 0, 0, 0, 0, 0, 0, 0, 0, 0, 0, 0, 0, 0, 0, 0, 0, 0, 0, 0, 0
0, 0, 0, 0, 0, 0, 0, 0, 0, 0, 0, 0, 0, 0, 0, 0, 0, 0, 0, 0, 0, 0, 0, 0, 0, 0, 0
0, 0, 0, 0, 0, 0, 0, 0, 0, 0, 0, 0, 0, 0, 0, 0, 0, 0, 0, 0, 0, 0, 0, 0, 0, 0, 0
0, 0, 0, 0, 0, 0, 0, 0, 0, 0, 0, 0, 0, 0, 0, 0, 0, 0, 0, 0, 0, 0, 0, 0, 0, 0, 0
0, 0, 0, 0, 0, 0, 0, 0, 0, 0, 0, 0, 0, 0, 0, 0, 0, 0, 0, 0, 0, 0, 0, 0, 0, 0, 0
0, 0, 0, 0, 0, 0, 0, 0, 0, 0, 0, 0, 0, 0, 0, 0, 0, 0, 0, 0, 0, 0, 0, 0, 0, 0, 0
0, 0, 0, 0, 0, 0, 0, 0, 0, 0, 0, 0, 0, 0, 0, 0, 0, 0, 0, 0, 0, 0, 0, 0, 0, 0, 0
0, 0, 0, 0, 0, 0, 0, 0, 0, 0, 0, 0, 0, 0, 0, 0, 0, 0, 0, 0, 0, 0, 0, 0, 0, 0, 0
0, 0, 0, 0, 0, 0, 0, 0, 0, 0, 0, 0, 0, 0, 0, 0, 0, 0, 0, 0, 0, 0, 0, 0, 0, 0, 0
0, 0, 0, 0, 0, 0, 0, 0, 0, 0, 0, 0, 0, 0, 0, 0, 0, 0, 0, 0, 0, 0, 0, 0, 0, 0, 0
0, 0, 0, 0, 0, 0, 0, 0, 0, 0, 0, 0, 0, 0, 0, 0, 0, 0, 0, 0, 0, 0, 0, 0, 0, 0, 0
0, 0, 0, 0, 0, 0, 0, 0, 0, 0, 0, 0, 0, 0, 0, 0, 0, 0, 0, 0, 0, 0, 0, 0, 0, 0, 0
0, 0, 0, 0, 0, 0, 0, 0, 0, 0, 0, 0, 0, 0, 0, 0, 0, 0, 0, 0, 0, 0, 0, 0, 0, 0, 0
0, 0, 0, 0, 0, 0, 0, 0, 0, 0, 0, 0, 0, 0, 0, 0, 0, 0, 0, 0, 0, 0, 0, 0, 0, 0, 0
18, 936, 1, 1530, 1530, 1530, 1530.0, 0.0, 2340900.0, 1, 52, 35, 345041, 1500, 21772, 9858.314285714287, 54622951.92979591, 151809312.4857143, 19, 988, 36, 346571, 1500, 21772, 9626.972222222223, 54816768.182900235, 147657412.1388889
1, 40, 0, 0, 0, 0, 0, 0, 0, 0, 0, 0, 0, 0, 0, 0, 0, 0, 1, 40, 0, 0, 0, 0, 0, 0, 0
0, 0, 0, 0, 0, 0, 0, 0, 0, 0, 0, 0, 0, 0, 0, 0, 0, 0, 0, 0, 0, 0, 0, 0, 0, 0, 0
0, 0, 0, 0, 0, 0, 0, 0, 0, 0, 0, 0, 0, 0, 0, 0, 0, 0, 0, 0, 0, 0, 0, 0, 0, 0, 0
1, 40, 0, 0, 0, 0, 0, 0, 0, 0, 0, 0, 0, 0, 0, 0, 0, 0, 1, 40, 0, 0, 0, 0, 0, 0, 0
0, 0, 0, 0, 0, 0, 0, 0, 0, 0, 0, 0, 0, 0, 0, 0, 0, 0, 0, 0, 0, 0, 0, 0, 0, 0, 0
0, 0, 0, 0, 0, 0, 0, 0, 0, 0, 0, 0, 0, 0, 0, 0, 0, 0, 0, 0, 0, 0, 0, 0, 0, 0, 0
0, 0, 0, 0, 0, 0, 0, 0, 0, 0, 0, 0, 0, 0, 0, 0, 0, 0, 0, 0, 0, 0, 0, 0, 0, 0, 0
0, 0, 0, 0, 0, 0, 0, 0, 0, 0, 0, 0, 0, 0, 0, 0, 0, 0, 0, 0, 0, 0, 0, 0, 0, 0, 0
0, 0, 0, 0, 0, 0, 0, 0, 0, 0, 0, 0, 0, 0, 0, 0, 0, 0, 0, 0, 0, 0, 0, 0, 0, 0, 0
0, 0, 0, 0, 0, 0, 0, 0, 0, 0, 0, 0, 0, 0, 0, 0, 0, 0, 0, 0, 0, 0, 0, 0, 0, 0, 0
0, 0, 2, 395, 195, 200, 197.5, 6.25, 39012.5, 0, 0, 0, 0, 0, 0, 0, 0, 0, 0, 0, 2, 395, 195, 200, 197.5, 6.25, 39012.5
0, 0, 0, 0, 0, 0, 0, 0, 0, 0, 0, 0, 0, 0, 0, 0, 0, 0, 0, 0, 0, 0, 0, 0, 0, 0, 0
10, 508, 1, 1530, 1530, 1530, 1530.0, 0.0, 2340900.0, 1, 52, 34, 346350, 1458, 23220, 10186.764705882353, 52439114.82698962, 156209290.0, 11, 560, 35, 347880, 1458, 23220, 9939.42857142857, 52749468.15374921, 151813050.2857143
1, 40, 2, 395, 195, 200, 197.5, 6.25, 39012.5, 0, 0, 0, 0, 0, 0, 0, 0, 0, 1, 40, 2, 395, 195, 200, 197.5, 6.25, 39012.5
0, 0, 0, 0, 0, 0, 0, 0, 0, 0, 0, 0, 0, 0, 0, 0, 0, 0, 0, 0, 0, 0, 0, 0, 0, 0, 0
0, 0, 0, 0, 0, 0, 0, 0, 0, 0, 0, 0, 0, 0, 0, 0, 0, 0, 0, 0, 0, 0, 0, 0, 0, 0, 0
0, 0, 2, 395, 195, 200, 197.5, 6.25, 39012.5, 0, 0, 0, 0, 0, 0, 0, 0, 0, 0, 0, 2, 395, 195, 200, 197.5, 6.25, 39012.5
0, 0, 0, 0, 0, 0, 0, 0, 0, 0, 0, 0, 0, 0, 0, 0, 0, 0, 0, 0, 0, 0, 0, 0, 0, 0, 0
0, 0, 1, 200, 200, 200, 200.0, 0.0, 40000.0, 0, 0, 0, 0, 0, 0, 0, 0, 0, 0, 0, 1, 200, 200, 200, 200.0, 0.0, 40000.0
1, 40, 1, 195, 195, 195, 195.0, 0.0, 38025.0, 0, 0, 0, 0, 0, 0, 0, 0, 0, 1, 40, 1, 195, 195, 195, 195.0, 0.0, 38025.0
0, 0, 0, 0, 0, 0, 0, 0, 0, 0, 0, 0, 0, 0, 0, 0, 0, 0, 0, 0, 0, 0, 0, 0, 0, 0, 0
20, 1028, 1, 1396, 1396, 1396, 1396.0, 0.0, 1948816.0, 0, 0, 45, 511291, 2948, 26116, 11362.022222222222, 57518631.1328395, 186614180.1111111, 20, 1028, 46, 512687, 1396, 26116, 11145.369565217392, 57966010.49172806, 182599715.67391303
0, 0, 0, 0, 0, 0, 0, 0, 0, 0, 0, 0, 0, 0, 0, 0, 0, 0, 0, 0, 0, 0, 0, 0, 0, 0, 0
0, 0, 0, 0, 0, 0, 0, 0, 0, 0, 0, 0, 0, 0, 0, 0, 0, 0, 0, 0, 0, 0, 0, 0, 0, 0, 0
10, 520, 1, 1530, 1530, 1530, 1530.0, 0.0, 2340900.0, 1, 52, 34, 351040, 2948, 23220, 10324.70588235294, 50191470.56055363, 156791022.11764705, 11, 572, 35, 352570, 1530, 23220, 10073.42857142857, 50568780.88132746, 152378161.4857143
0, 0, 0, 0, 0, 0, 0, 0, 0, 0, 0, 0, 0, 0, 0, 0, 0, 0, 0, 0, 0, 0, 0, 0, 0, 0, 0
0, 0, 0, 0, 0, 0, 0, 0, 0, 0, 0, 0, 0, 0, 0, 0, 0, 0, 0, 0, 0, 0, 0, 0, 0, 0, 0
