addr1_packet_ctrl, addr1_bytes_ctrl, addr1_packet, addr1_bytes, addr1_pkt_len_min, addr1_pkt_len_max, addr1_pkt_len_avg,addr1_pkt_len_var, addr1_pkt_len_mom2, addr2_packet_ctrl, addr2_bytes_ctrl, addr2_packet, addr2_bytes, addr2_pkt_len_min, addr2_pkt_len_max, addr2_pkt_len_avg,addr2_pkt_len_var, addr2_pkt_len_mom2, addra_packet_ctrl, addra_bytes_ctrl, addra_packet, addra_bytes, addra_pkt_len_min, addra_pkt_len_max, addra_pkt_len_avg,addra_pkt_len_var, addra_pkt_len_mom2 
1, 60, 0, 0, 0, 0, 0, 0, 0, 1, 60, 0, 0, 0, 0, 0, 0, 0, 2, 120, 0, 0, 0, 0, 0, 0, 0
0, 0, 1, 93, 93, 93, 93.0, 0.0, 8649.0, 1, 52, 0, 0, 0, 0, 0, 0, 0, 1, 52, 1, 93, 93, 93, 93.0, 0.0, 8649.0
1, 60, 2, 395, 195, 200, 197.5, 6.25, 39012.5, 2, 112, 0, 0, 0, 0, 0, 0, 0, 3, 172, 2, 395, 195, 200, 197.5, 6.25, 39012.5
1, 52, 1, 93, 93, 93, 93.0, 0.0, 8649.0, 1, 52, 1, 75, 75, 75, 75.0, 0.0, 5625.0, 2, 104, 2, 168, 75, 93, 84.0, 72.0, 7137.0
2, 104, 2, 2264, 1132, 1132, 1132.0, 0.0, 1281424.0, 1, 52, 2, 776, 76, 700, 388.0, 97344.0, 247888.0, 3, 156, 4, 3040, 76, 1132, 760.0, 187904.0, 764656.0
1, 52, 3, 1295, 195, 900, 431.6666666666667, 109672.2222222222, 296008.3333333333, 1, 52, 1, 324, 324, 324, 324.0, 0.0, 104976.0, 2, 104, 4, 1619, 195, 900, 404.75, 68585.44, 248250.25
1, 52, 0, 0, 0, 0, 0, 0, 0, 0, 0, 1, 68, 68, 68, 68.0, 0.0, 4624.0, 1, 52, 1, 68, 68, 68, 68.0, 0.0, 4624.0
2, 104, 3, 640, 104, 432, 213.33333333333334, 23907.55555555556, 69418.66666666667, 0, 0, 4, 2680, 100, 2340, 670.0, 929828.0, 1378728.0, 2, 104, 7, 3320, 100, 2340, 474.2857142857143, 724122.9752066116, 817595.4285714285
1, 52, 2, 395, 195, 200, 197.5, 6.25, 39012.5, 2, 104, 1, 136, 136, 136, 136.0, 0.0, 18496.0, 3, 156, 3, 531, 136, 200, 177.0, 948.6875, 32173.666666666668
8, 432, 15, 3433, 76, 597, 228.86666666666667, 37838.11555555555, 90218.06666666667, 12, 640, 10, 7160, 68, 2710, 716.0, 1022119.0, 1534775.0, 20, 1072, 25, 10593, 68, 2710, 423.72, 658398.3477551022, 668040.84
30, 1576, 15, 2840, 83, 569, 189.33333333333334, 26911.02222222222, 62758.13333333333, 16, 848, 37, 50382, 83, 5724, 1361.6756756756756, 3288755.8407596783, 5142916.486486486, 46, 2424, 52, 53222, 83, 5724, 1023.5, 2931604.755965156, 3677486.1923076925
6, 320, 8, 1862, 83, 569, 232.75, 26957.9375, 81130.5, 8, 424, 5, 7908, 83, 3833, 1581.6, 2086463.44, 4587922.0, 14, 744, 13, 9770, 83, 3833, 751.5384615384615, 1620361.320987654, 1814511.8461538462
21, 1092, 1, 200, 200, 200, 200.0, 0.0, 40000.0, 0, 0, 20, 42343, 167, 4306, 2117.15, 1920389.0274999999, 6402713.15, 21, 1092, 21, 42543, 167, 4306, 2025.857142857143, 1961009.2623438432, 6099726.80952381
0, 0, 1, 195, 195, 195, 195.0, 0.0, 38025.0, 0, 0, 0, 0, 0, 0, 0, 0, 0, 0, 0, 1, 195, 195, 195, 195.0, 0.0, 38025.0
10, 520, 2, 286, 91, 195, 143.0, 2704.0, 23153.0, 1, 52, 10, 20364, 83, 4306, 2036.4, 2665586.24, 6812511.2, 11, 572, 12, 20650, 83, 4306, 1720.8333333333333, 2719784.016528926, 5680951.5
0, 0, 1, 200, 200, 200, 200.0, 0.0, 40000.0, 0, 0, 0, 0, 0, 0, 0, 0, 0, 0, 0, 1, 200, 200, 200, 200.0, 0.0, 40000.0
10, 544, 8, 3144, 116, 569, 393.0, 38837.0, 193286.0, 8, 440, 4, 7254, 299, 3328, 1813.5, 2293710.25, 5582492.5, 18, 984, 12, 10398, 116, 3328, 866.5, 1670728.6875, 1989688.1666666667
36, 1872, 11, 4992, 83, 1474, 453.8181818181818, 260788.14876033057, 466739.0909090909, 7, 364, 40, 127664, 83, 8740, 3191.6, 2885588.8899999997, 13071899.45, 43, 2236, 51, 132656, 83, 8740, 2601.098039215686, 3364826.883951213, 10353139.37254902
79, 4108, 6, 4784, 91, 1483, 797.3333333333334, 432991.2222222222, 1068731.6666666667, 3, 156, 83, 640801, 231, 26116, 7720.493975903614, 33998745.117433585, 93604772.34939758, 82, 4264, 89, 645585, 91, 26116, 7253.76404494382, 34441503.86032991, 87366387.58426966
0, 0, 1, 195, 195, 195, 195.0, 0.0, 38025.0, 0, 0, 0, 0, 0, 0, 0, 0, 0, 0, 0, 1, 195, 195, 195, 195.0, 0.0, 38025.0
23, 1196, 4, 4493, 157, 1465, 1123.25, 311793.1875, 1573483.75, 3, 156, 33, 321109, 1900, 24668, 9730.575757575758, 57662407.69880624, 152346512.27272728, 26, 1352, 37, 325602, 157, 24668, 8800.054054054053, 58376805.02632654, 136046725.4054054
11, 572, 2, 1600, 195, 1405, 800.0, 366025.0, 1006025.0, 1, 52, 15, 148537, 1500, 24174, 9902.466666666667, 71743253.44888888, 169802099.53333333, 12, 624, 17, 150137, 195, 24174, 8831.588235294117, 72136955.93359375, 149943737.82352942
95, 4948, 14, 5691, 83, 1410, 406.5, 209650.39285714287, 374892.64285714284, 13, 684, 114, 1023063, 83, 27564, 8974.236842105263, 63201753.74215144, 143738680.64035088, 108, 5632, 128, 1028754, 83, 27564, 8037.140625, 63558544.11920292, 128058266.328125
0, 0, 2, 240, 68, 172, 120.0, 2704.0, 17104.0, 0, 0, 0, 0, 0, 0, 0, 0, 0, 0, 0, 2, 240, 68, 172, 120.0, 2704.0, 17104.0
0, 0, 4, 515, 68, 195, 128.75, 2636.1875, 19212.75, 2, 104, 1, 131, 131, 131, 131.0, 0.0, 17161.0, 2, 104, 5, 646, 68, 195, 129.2, 1758.5833333333333, 18802.4
1, 40, 2, 263, 68, 195, 131.5, 4032.25, 21324.5, 0, 0, 0, 0, 0, 0, 0, 0, 0, 1, 40, 2, 263, 68, 195, 131.5, 4032.25, 21324.5
1, 40, 3, 458, 68, 195, 152.66666666666666, 3584.222222222222, 26891.333333333332, 0, 0, 0, 0, 0, 0, 0, 0, 0, 1, 40, 3, 458, 68, 195, 152.66666666666666, 3584.222222222222, 26891.333333333332
0, 0, 3, 331, 68, 195, 110.33333333333333, 3584.2222222222226, 15757.666666666666, 0, 0, 0, 0, 0, 0, 0, 0, 0, 0, 0, 3, 331, 68, 195, 110.33333333333333, 3584.2222222222226, 15757.666666666666
0, 0, 4, 770, 185, 195, 192.5, 18.75, 37075.0, 0, 0, 0, 0, 0, 0, 0, 0, 0, 0, 0, 4, 770, 185, 195, 192.5, 18.75, 37075.0
4, 216, 6, 860, 87, 201, 143.33333333333334, 2885.888888888889, 23430.333333333332, 6, 320, 7, 845, 83, 183, 120.71428571428571, 1645.0612244897961, 16217.0, 10, 536, 13, 1705, 83, 201, 131.15384615384616, 2124.75, 19546.23076923077
2, 104, 7, 1551, 91, 754, 221.57142857142858, 49239.959183673476, 98333.85714285714, 5, 260, 5, 502, 75, 131, 100.4, 487.84000000000003, 10568.0, 7, 364, 12, 2053, 75, 754, 171.08333333333334, 24118.56055363322, 61764.75
2, 104, 6, 1876, 68, 1132, 312.6666666666667, 136973.55555555556, 234734.0, 2, 104, 4, 1006, 83, 700, 251.5, 67396.25, 130648.5, 4, 208, 10, 2882, 68, 1132, 288.2, 98131.34693877549, 193099.8
18, 936, 6, 4156, 68, 1410, 692.6666666666666, 321099.2222222222, 800886.3333333334, 4, 208, 19, 174602, 68, 23220, 9189.578947368422, 62647888.24376732, 147096249.47368422, 22, 1144, 25, 178758, 68, 23220, 7150.32, 62651380.94628098, 111985362.32
10, 520, 2, 172, 68, 104, 86.0, 324.0, 7720.0, 0, 0, 15, 170248, 104, 26116, 11349.866666666667, 71265708.51555555, 200085181.86666667, 10, 520, 17, 170420, 68, 26116, 10024.70588235294, 74245685.984375, 176546656.94117647
13, 676, 5, 884, 104, 195, 176.8, 1324.9600000000003, 32583.2, 0, 0, 42, 388853, 136, 23220, 9258.404761904761, 66250636.71712019, 151968695.45238096, 13, 676, 47, 389737, 104, 23220, 8292.27659574468, 66901916.251230896, 135805279.25531915
1, 52, 1, 195, 195, 195, 195.0, 0.0, 38025.0, 1, 52, 1, 136, 136, 136, 136.0, 0.0, 18496.0, 2, 104, 2, 331, 136, 195, 165.5, 773.5555555555555, 28260.5
0, 0, 0, 0, 0, 0, 0, 0, 0, 1, 52, 0, 0, 0, 0, 0, 0, 0, 1, 52, 0, 0, 0, 0, 0, 0, 0
0, 0, 2, 390, 195, 195, 195.0, 0.0, 38025.0, 0, 0, 0, 0, 0, 0, 0, 0, 0, 0, 0, 2, 390, 195, 195, 195.0, 0.0, 38025.0
0, 0, 0, 0, 0, 0, 0, 0, 0, 0, 0, 0, 0, 0, 0, 0, 0, 0, 0, 0, 0, 0, 0, 0, 0, 0, 0
25, 1300, 2, 1605, 195, 1410, 802.5, 369056.25, 1013062.5, 2, 104, 53, 520269, 629, 26116, 9816.396226415094, 75603564.69206123, 171965199.56603774, 27, 1404, 55, 521874, 195, 26116, 9488.618181818181, 75687105.08256173, 165748758.21818182
0, 0, 0, 0, 0, 0, 0, 0, 0, 0, 0, 0, 0, 0, 0, 0, 0, 0, 0, 0, 0, 0, 0, 0, 0, 0, 0
0, 0, 0, 0, 0, 0, 0, 0, 0, 0, 0, 0, 0, 0, 0, 0, 0, 0, 0, 0, 0, 0, 0, 0, 0, 0, 0
0, 0, 3, 3091, 195, 1667, 1030.3333333333333, 380864.88888888893, 1442451.6666666667, 0, 0, 0, 0, 0, 0, 0, 0, 0, 0, 0, 3, 3091, 195, 1667, 1030.3333333333333, 380864.88888888893, 1442451.6666666667
1, 52, 1, 91, 91, 91, 91.0, 0.0, 8281.0, 4, 208, 3, 298, 83, 124, 99.33333333333333, 314.88888888888886, 10182.0, 5, 260, 4, 389, 83, 124, 97.25, 278.40816326530614, 9706.75
0, 0, 1, 195, 195, 195, 195.0, 0.0, 38025.0, 0, 0, 0, 0, 0, 0, 0, 0, 0, 0, 0, 1, 195, 195, 195, 195.0, 0.0, 38025.0
11, 572, 3, 2235, 91, 1388, 745.0, 280428.6666666667, 835453.6666666666, 2, 104, 22, 169452, 83, 24668, 7702.363636363636, 57408581.59504134, 116734987.18181819, 13, 676, 25, 171687, 83, 24668, 6867.48, 56654565.47668629, 102827043.16
0, 0, 0, 0, 0, 0, 0, 0, 0, 0, 0, 0, 0, 0, 0, 0, 0, 0, 0, 0, 0, 0, 0, 0, 0, 0, 0
0, 0, 2, 390, 195, 195, 195.0, 0.0, 38025.0, 0, 0, 0, 0, 0, 0, 0, 0, 0, 0, 0, 2, 390, 195, 195, 195.0, 0.0, 38025.0
0, 0, 0, 0, 0, 0, 0, 0, 0, 0, 0, 0, 0, 0, 0, 0, 0, 0, 0, 0, 0, 0, 0, 0, 0, 0, 0
20, 1040, 1, 1410, 1410, 1410, 1410.0, 0.0, 1988100.0, 1, 52, 55, 557997, 1500, 26669, 10145.4, 74661730.27636366, 177590871.43636364, 21, 1092, 56, 559407, 1410, 26669, 9989.410714285714, 74670361.18188459, 174455107.6607143
0, 0, 1, 195, 195, 195, 195.0, 0.0, 38025.0, 0, 0, 0, 0, 0, 0, 0, 0, 0, 0, 0, 1, 195, 195, 195, 195.0, 0.0, 38025.0
0, 0, 0, 0, 0, 0, 0, 0, 0, 0, 0, 0, 0, 0, 0, 0, 0, 0, 0, 0, 0, 0, 0, 0, 0, 0, 0
0, 0, 0, 0, 0, 0, 0, 0, 0, 0, 0, 0, 0, 0, 0, 0, 0, 0, 0, 0, 0, 0, 0, 0, 0, 0, 0
0, 0, 1, 195, 195, 195, 195.0, 0.0, 38025.0, 0, 0, 0, 0, 0, 0, 0, 0, 0, 0, 0, 1, 195, 195, 195, 195.0, 0.0, 38025.0
0, 0, 0, 0, 0, 0, 0, 0, 0, 0, 0, 0, 0, 0, 0, 0, 0, 0, 0, 0, 0, 0, 0, 0, 0, 0, 0
17, 884, 1, 1410, 1410, 1410, 1410.0, 0.0, 1988100.0, 1, 52, 47, 504795, 1500, 29012, 10740.31914893617, 79433272.43005885, 194787727.85106382, 18, 936, 48, 506205, 1410, 29012, 10545.9375, 79503853.65207757, 190771068.9375
3, 164, 4, 831, 91, 452, 207.75, 21654.6875, 64814.75, 4, 216, 4, 372, 75, 123, 93.0, 332.0, 8981.0, 7, 380, 8, 1203, 75, 452, 150.375, 10365.6875, 36897.875
1, 52, 13, 23002, 199, 2788, 1769.3846153846155, 1315790.3905325446, 4446512.307692308, 20, 1040, 1, 700, 700, 700, 700.0, 0.0, 490000.0, 21, 1092, 14, 23702, 199, 2788, 1693.0, 1272499.0933333333, 4163904.285714286
14, 728, 2, 1479, 91, 1388, 739.5, 420552.25, 967412.5, 2, 104, 21, 166565, 83, 26116, 7931.666666666667, 74879072.03174601, 137790408.14285713, 16, 832, 23, 168044, 83, 26116, 7306.260869565217, 73738958.50568181, 125892756.3478261
0, 0, 0, 0, 0, 0, 0, 0, 0, 0, 0, 0, 0, 0, 0, 0, 0, 0, 0, 0, 0, 0, 0, 0, 0, 0, 0
0, 0, 0, 0, 0, 0, 0, 0, 0, 0, 0, 0, 0, 0, 0, 0, 0, 0, 0, 0, 0, 0, 0, 0, 0, 0, 0
1, 52, 1, 900, 900, 900, 900.0, 0.0, 810000.0, 1, 52, 2, 392, 68, 324, 196.0, 16384.0, 54800.0, 2, 104, 3, 1292, 68, 900, 430.6666666666667, 92405.76000000001, 306533.3333333333
2, 104, 1, 104, 104, 104, 104.0, 0.0, 10816.0, 0, 0, 1, 104, 104, 104, 104.0, 0.0, 10816.0, 2, 104, 2, 208, 104, 104, 104.0, 0.0, 10816.0
0, 0, 1, 104, 104, 104, 104.0, 0.0, 10816.0, 0, 0, 1, 136, 136, 136, 136.0, 0.0, 18496.0, 0, 0, 2, 240, 104, 136, 120.0, 227.55555555555557, 14656.0
25, 1300, 1, 1410, 1410, 1410, 1410.0, 0.0, 1988100.0, 2, 104, 44, 523603, 136, 20324, 11900.068181818182, 51449335.65444215, 193060958.38636363, 27, 1404, 45, 525013, 136, 20324, 11666.955555555556, 52093782.54336574, 188814894.86666667
0, 0, 0, 0, 0, 0, 0, 0, 0, 1, 52, 0, 0, 0, 0, 0, 0, 0, 1, 52, 0, 0, 0, 0, 0, 0, 0
0, 0, 0, 0, 0, 0, 0, 0, 0, 0, 0, 0, 0, 0, 0, 0, 0, 0, 0, 0, 0, 0, 0, 0, 0, 0, 0
0, 0, 0, 0, 0, 0, 0, 0, 0, 0, 0, 0, 0, 0, 0, 0, 0, 0, 0, 0, 0, 0, 0, 0, 0, 0, 0
0, 0, 0, 0, 0, 0, 0, 0, 0, 0, 0, 0, 0, 0, 0, 0, 0, 0, 0, 0, 0, 0, 0, 0, 0, 0, 0
0, 0, 0, 0, 0, 0, 0, 0, 0, 0, 0, 0, 0, 0, 0, 0, 0, 0, 0, 0, 0, 0, 0, 0, 0, 0, 0
0, 0, 0, 0, 0, 0, 0, 0, 0, 0, 0, 0, 0, 0, 0, 0, 0, 0, 0, 0, 0, 0, 0, 0, 0, 0, 0
21, 1092, 1, 1411, 1411, 1411, 1411.0, 0.0, 1990921.0, 1, 52, 46, 540091, 1500, 24668, 11741.108695652174, 58988483.14035919, 196842116.54347825, 22, 1144, 47, 541502, 1411, 24668, 11521.31914893617, 59489292.07422823, 192696346.42553192
0, 0, 0, 0, 0, 0, 0, 0, 0, 0, 0, 0, 0, 0, 0, 0, 0, 0, 0, 0, 0, 0, 0, 0, 0, 0, 0
12, 624, 1, 1389, 1389, 1389, 1389.0, 0.0, 1929321.0, 0, 0, 17, 173465, 2948, 23220, 10203.823529411764, 64568452.262975775, 168686466.88235295, 12, 624, 18, 174854, 1389, 23220, 9714.111111111111, 64880241.68489795, 159422181.0
0, 0, 0, 0, 0, 0, 0, 0, 0, 0, 0, 0, 0, 0, 0, 0, 0, 0, 0, 0, 0, 0, 0, 0, 0, 0, 0
0, 0, 0, 0, 0, 0, 0, 0, 0, 0, 0, 0, 0, 0, 0, 0, 0, 0, 0, 0, 0, 0, 0, 0, 0, 0, 0
0, 0, 0, 0, 0, 0, 0, 0, 0, 0, 0, 0, 0, 0, 0, 0, 0, 0, 0, 0, 0, 0, 0, 0, 0, 0, 0
0, 0, 0, 0, 0, 0, 0, 0, 0, 0, 0, 0, 0, 0, 0, 0, 0, 0, 0, 0, 0, 0, 0, 0, 0, 0, 0
21, 1092, 1, 1411, 1411, 1411, 1411.0, 0.0, 1990921.0, 1, 52, 47, 496610, 1500, 27564, 10566.170212765957, 73289608.31145315, 184933561.27659574, 22, 1144, 48, 498021, 1411, 27564, 10375.4375, 73391137.23368418, 181122256.27083334
1, 40, 0, 0, 0, 0, 0, 0, 0, 0, 0, 0, 0, 0, 0, 0, 0, 0, 1, 40, 0, 0, 0, 0, 0, 0, 0
0, 0, 0, 0, 0, 0, 0, 0, 0, 0, 0, 0, 0, 0, 0, 0, 0, 0, 0, 0, 0, 0, 0, 0, 0, 0, 0
1, 40, 0, 0, 0, 0, 0, 0, 0, 0, 0, 0, 0, 0, 0, 0, 0, 0, 1, 40, 0, 0, 0, 0, 0, 0, 0
0, 0, 0, 0, 0, 0, 0, 0, 0, 0, 0, 0, 0, 0, 0, 0, 0, 0, 0, 0, 0, 0, 0, 0, 0, 0, 0
0, 0, 0, 0, 0, 0, 0, 0, 0, 0, 0, 0, 0, 0, 0, 0, 0, 0, 0, 0, 0, 0, 0, 0, 0, 0, 0
14, 728, 3, 1958, 91, 1411, 652.6666666666666, 309738.8888888889, 735712.6666666666, 3, 156, 21, 141689, 83, 23220, 6747.0952380952385, 56516751.32426305, 102040045.47619048, 17, 884, 24, 143647, 83, 23220, 5985.291666666667, 55080678.64888889, 89377003.875
15, 788, 0, 0, 0, 0, 0, 0, 0, 1, 60, 34, 405058, 2948, 24668, 11913.470588235294, 58576053.01384084, 200506834.47058824, 16, 848, 34, 405058, 2948, 24668, 11913.470588235294, 58576053.013840824, 200506834.47058824
1, 52, 1, 93, 93, 93, 93.0, 0.0, 8649.0, 1, 52, 1, 75, 75, 75, 75.0, 0.0, 5625.0, 2, 104, 2, 168, 75, 93, 84.0, 72.0, 7137.0
11, 572, 2, 2522, 1132, 1390, 1261.0, 16641.0, 1606762.0, 1, 52, 16, 167051, 700, 23220, 10440.6875, 70951313.58984375, 179959269.0625, 12, 624, 18, 169573, 700, 23220, 9420.722222222223, 71443968.14878893, 160142323.83333334
0, 0, 0, 0, 0, 0, 0, 0, 0, 1, 52, 0, 0, 0, 0, 0, 0, 0, 1, 52, 0, 0, 0, 0, 0, 0, 0
0, 0, 0, 0, 0, 0, 0, 0, 0, 0, 0, 0, 0, 0, 0, 0, 0, 0, 0, 0, 0, 0, 0, 0, 0, 0, 0
1, 52, 1, 900, 900, 900, 900.0, 0.0, 810000.0, 0, 0, 1, 324, 324, 324, 324.0, 0.0, 104976.0, 1, 52, 2, 1224, 324, 900, 612.0, 73728.0, 457488.0
1, 52, 0, 0, 0, 0, 0, 0, 0, 1, 52, 1, 68, 68, 68, 68.0, 0.0, 4624.0, 2, 104, 1, 68, 68, 68, 68.0, 0.0, 4624.0
1, 52, 1, 104, 104, 104, 104.0, 0.0, 10816.0, 0, 0, 2, 240, 104, 136, 120.0, 256.0, 14656.0, 1, 52, 3, 344, 104, 136, 114.66666666666667, 245.76, 13376.0
1, 52, 2, 1515, 104, 1411, 757.5, 427062.25, 1000868.5, 2, 104, 1, 136, 136, 136, 136.0, 0.0, 18496.0, 3, 156, 3, 1651, 104, 1411, 550.3333333333334, 310096.6875, 673411.0
24, 1248, 0, 0, 0, 0, 0, 0, 0, 1, 52, 53, 514730, 2330, 26116, 9711.88679245283, 52999931.83624065, 147320676.9056604, 25, 1300, 53, 514730, 2330, 26116, 9711.88679245283, 52999931.836240664, 147320676.9056604
0, 0, 0, 0, 0, 0, 0, 0, 0, 0, 0, 0, 0, 0, 0, 0, 0, 0, 0, 0, 0, 0, 0, 0, 0, 0, 0
0, 0, 1, 195, 195, 195, 195.0, 0.0, 38025.0, 0, 0, 0, 0, 0, 0, 0, 0, 0, 0, 0, 1, 195, 195, 195, 195.0, 0.0, 38025.0
0, 0, 0, 0, 0, 0, 0, 0, 0, 0, 0, 0, 0, 0, 0, 0, 0, 0, 0, 0, 0, 0, 0, 0, 0, 0, 0
0, 0, 0, 0, 0, 0, 0, 0, 0, 0, 0, 0, 0, 0, 0, 0, 0, 0, 0, 0, 0, 0, 0, 0, 0, 0, 0
0, 0, 1, 195, 195, 195, 195.0, 0.0, 38025.0, 0, 0, 0, 0, 0, 0, 0, 0, 0, 0, 0, 1, 195, 195, 195, 195.0, 0.0, 38025.0
29, 1508, 2, 2801, 1390, 1411, 1400.5, 110.25, 1961510.5, 1, 52, 58, 643187, 1500, 24668, 11089.431034482759, 69850935.34869203, 192826416.0172414, 30, 1560, 60, 645988, 1390, 24668, 10766.466666666667, 70231163.3364694, 186464252.5
8, 416, 0, 0, 0, 0, 0, 0, 0, 1, 52, 13, 169545, 2948, 26116, 13041.923076923076, 84491550.84023668, 254583308.3846154, 9, 468, 13, 169545, 2948, 26116, 13041.923076923076, 84491550.84023668, 254583308.3846154
0, 0, 1, 195, 195, 195, 195.0, 0.0, 38025.0, 0, 0, 0, 0, 0, 0, 0, 0, 0, 0, 0, 1, 195, 195, 195, 195.0, 0.0, 38025.0
0, 0, 0, 0, 0, 0, 0, 0, 0, 0, 0, 0, 0, 0, 0, 0, 0, 0, 0, 0, 0, 0, 0, 0, 0, 0, 0
0, 0, 2, 395, 195, 200, 197.5, 6.25, 39012.5, 0, 0, 0, 0, 0, 0, 0, 0, 0, 0, 0, 2, 395, 195, 200, 197.5, 6.25, 39012.5
0, 0, 0, 0, 0, 0, 0, 0, 0, 0, 0, 0, 0, 0, 0, 0, 0, 0, 0, 0, 0, 0, 0, 0, 0, 0, 0
0, 0, 0, 0, 0, 0, 0, 0, 0, 0, 0, 0, 0, 0, 0, 0, 0, 0, 0, 0, 0, 0, 0, 0, 0, 0, 0
12, 624, 3, 1811, 200, 1411, 603.6666666666666, 325893.55555555556, 690307.0, 1, 52, 44, 558397, 1500, 26116, 12690.84090909091, 69879331.22469008, 230936774.20454547, 13, 676, 47, 560208, 200, 26116, 11919.31914893617, 72244052.1212414, 216240191.19148937
0, 0, 0, 0, 0, 0, 0, 0, 0, 0, 0, 0, 0, 0, 0, 0, 0, 0, 0, 0, 0, 0, 0, 0, 0, 0, 0
1, 60, 1, 200, 200, 200, 200.0, 0.0, 40000.0, 1, 60, 0, 0, 0, 0, 0, 0, 0, 2, 120, 1, 200, 200, 200, 200.0, 0.0, 40000.0
1, 52, 2, 293, 93, 200, 146.5, 2862.25, 24324.5, 1, 52, 1, 75, 75, 75, 75.0, 0.0, 5625.0, 2, 104, 3, 368, 75, 200, 122.66666666666667, 2709.1875, 18091.333333333332
1, 52, 2, 1586, 454, 1132, 793.0, 114921.0, 743770.0, 3, 156, 1, 700, 700, 700, 700.0, 0.0, 490000.0, 4, 208, 3, 2286, 454, 1132, 762.0, 59622.75, 659180.0
2, 104, 3, 1191, 91, 900, 397.0, 128484.66666666667, 286093.6666666667, 2, 104, 5, 689, 68, 324, 137.8, 8990.96, 27979.8, 4, 208, 8, 1880, 68, 900, 235.0, 48492.698224852065, 124772.5
2, 104, 2, 304, 104, 200, 152.0, 2304.0, 25408.0, 0, 0, 1, 104, 104, 104, 104.0, 0.0, 10816.0, 2, 104, 3, 408, 104, 200, 136.0, 1728.0, 20544.0
0, 0, 1, 104, 104, 104, 104.0, 0.0, 10816.0, 0, 0, 1, 136, 136, 136, 136.0, 0.0, 18496.0, 0, 0, 2, 240, 104, 136, 120.0, 227.55555555555557, 14656.0
1, 52, 1, 200, 200, 200, 200.0, 0.0, 40000.0, 1, 52, 1, 136, 136, 136, 136.0, 0.0, 18496.0, 2, 104, 2, 336, 136, 200, 168.0, 910.2222222222223, 29248.0
20, 1040, 2, 2801, 1390, 1411, 1400.5, 110.25, 1961510.5, 2, 104, 57, 572050, 74, 23220, 10035.964912280702, 55292627.718067095, 156013219.4385965, 22, 1144, 59, 574851, 74, 23220, 9743.237288135593, 55602852.29570453, 150791127.6101695
7, 364, 0, 0, 0, 0, 0, 0, 0, 1, 52, 16, 165030, 2948, 23220, 10314.375, 62517315.609375, 168903647.25, 8, 416, 16, 165030, 2948, 23220, 10314.375, 62517315.609375, 168903647.25
0, 0, 0, 0, 0, 0, 0, 0, 0, 0, 0, 0, 0, 0, 0, 0, 0, 0, 0, 0, 0, 0, 0, 0, 0, 0, 0
0, 0, 0, 0, 0, 0, 0, 0, 0, 0, 0, 0, 0, 0, 0, 0, 0, 0, 0, 0, 0, 0, 0, 0, 0, 0, 0
0, 0, 0, 0, 0, 0, 0, 0, 0, 0, 0, 0, 0, 0, 0, 0, 0, 0, 0, 0, 0, 0, 0, 0, 0, 0, 0
0, 0, 0, 0, 0, 0, 0, 0, 0, 0, 0, 0, 0, 0, 0, 0, 0, 0, 0, 0, 0, 0, 0, 0, 0, 0, 0
0, 0, 0, 0, 0, 0, 0, 0, 0, 0, 0, 0, 0, 0, 0, 0, 0, 0, 0, 0, 0, 0, 0, 0, 0, 0, 0
24, 1236, 2, 1479, 68, 1411, 739.5, 450912.25, 997772.5, 1, 52, 55, 588785, 1500, 23220, 10705.181818181818, 58014711.63966943, 172615629.4, 25, 1288, 57, 590264, 68, 23220, 10355.508771929824, 58728596.20910395, 166593950.21052632
0, 0, 0, 0, 0, 0, 0, 0, 0, 0, 0, 0, 0, 0, 0, 0, 0, 0, 0, 0, 0, 0, 0, 0, 0, 0, 0
1, 40, 0, 0, 0, 0, 0, 0, 0, 0, 0, 0, 0, 0, 0, 0, 0, 0, 1, 40, 0, 0, 0, 0, 0, 0, 0
0, 0, 1, 68, 68, 68, 68.0, 0.0, 4624.0, 0, 0, 0, 0, 0, 0, 0, 0, 0, 0, 0, 1, 68, 68, 68, 68.0, 0.0, 4624.0
0, 0, 0, 0, 0, 0, 0, 0, 0, 0, 0, 0, 0, 0, 0, 0, 0, 0, 0, 0, 0, 0, 0, 0, 0, 0, 0
1, 52, 2, 810, 91, 719, 405.0, 98596.0, 262621.0, 2, 104, 3, 299, 83, 125, 99.66666666666667, 331.55555555555554, 10265.0, 3, 156, 5, 1109, 83, 719, 221.8, 42378.0, 111207.4
25, 1300, 2, 2801, 1390, 1411, 1400.5, 110.25, 1961510.5, 1, 52, 61, 686242, 1500, 26116, 11249.868852459016, 62800871.32706262, 189360420.52459016, 26, 1352, 63, 689043, 1390, 26116, 10937.190476190477, 63327397.57251559, 183411248.7777778
0, 0, 0, 0, 0, 0, 0, 0, 0, 0, 0, 0, 0, 0, 0, 0, 0, 0, 0, 0, 0, 0, 0, 0, 0, 0, 0
0, 0, 1, 68, 68, 68, 68.0, 0.0, 4624.0, 0, 0, 0, 0, 0, 0, 0, 0, 0, 0, 0, 1, 68, 68, 68, 68.0, 0.0, 4624.0
0, 0, 2, 1018, 183, 835, 509.0, 106276.0, 365357.0, 2, 104, 0, 0, 0, 0, 0, 0, 0, 2, 104, 2, 1018, 183, 835, 509.0, 106276.0, 365357.0
2, 104, 1, 91, 91, 91, 91.0, 0.0, 8281.0, 1, 52, 4, 411, 83, 123, 102.75, 266.1875, 10823.75, 3, 156, 5, 502, 83, 123, 100.4, 250.2469135802469, 10315.2
0, 0, 0, 0, 0, 0, 0, 0, 0, 0, 0, 0, 0, 0, 0, 0, 0, 0, 0, 0, 0, 0, 0, 0, 0, 0, 0
0, 0, 0, 0, 0, 0, 0, 0, 0, 0, 0, 0, 0, 0, 0, 0, 0, 0, 0, 0, 0, 0, 0, 0, 0, 0, 0
0, 0, 1, 1411, 1411, 1411, 1411.0, 0.0, 1990921.0, 0, 0, 0, 0, 0, 0, 0, 0, 0, 0, 0, 1, 1411, 1411, 1411, 1411.0, 0.0, 1990921.0
22, 1152, 1, 93, 93, 93, 93.0, 0.0, 8649.0, 2, 112, 49, 523696, 75, 26116, 10687.673469387755, 63492083.03623489, 177718447.2244898, 24, 1264, 50, 523789, 75, 26116, 10475.78, 63973105.39720436, 174164251.26
4, 208, 1, 1132, 1132, 1132, 1132.0, 0.0, 1281424.0, 4, 208, 1, 700, 700, 700, 700.0, 0.0, 490000.0, 8, 416, 2, 1832, 700, 1132, 916.0, 41472.0, 885712.0
0, 0, 0, 0, 0, 0, 0, 0, 0, 1, 52, 0, 0, 0, 0, 0, 0, 0, 1, 52, 0, 0, 0, 0, 0, 0, 0
0, 0, 0, 0, 0, 0, 0, 0, 0, 0, 0, 0, 0, 0, 0, 0, 0, 0, 0, 0, 0, 0, 0, 0, 0, 0, 0
0, 0, 0, 0, 0, 0, 0, 0, 0, 0, 0, 0, 0, 0, 0, 0, 0, 0, 0, 0, 0, 0, 0, 0, 0, 0, 0
2, 104, 3, 1447, 91, 900, 482.3333333333333, 109426.88888888888, 342072.3333333333, 3, 156, 5, 688, 68, 324, 137.6, 8997.039999999997, 27930.8, 5, 260, 8, 2135, 68, 900, 266.875, 53269.207100591724, 145733.875
11, 572, 2, 1494, 104, 1390, 747.0, 413449.0, 971458.0, 0, 0, 17, 166887, 104, 26116, 9816.882352941177, 71653554.57439446, 168024733.70588234, 11, 572, 19, 168381, 104, 26116, 8862.157894736842, 72012027.16666667, 150440178.36842105
1, 52, 1, 104, 104, 104, 104.0, 0.0, 10816.0, 1, 52, 1, 136, 136, 136, 136.0, 0.0, 18496.0, 2, 104, 2, 240, 104, 136, 120.0, 227.55555555555557, 14656.0
1, 52, 0, 0, 0, 0, 0, 0, 0, 1, 52, 1, 136, 136, 136, 136.0, 0.0, 18496.0, 2, 104, 1, 136, 136, 136, 136.0, 0.0, 18496.0
32, 1664, 1, 1411, 1411, 1411, 1411.0, 0.0, 1990921.0, 1, 52, 56, 541730, 1500, 26116, 9673.75, 56979075.58035714, 150560514.64285713, 33, 1716, 57, 543141, 1411, 26116, 9528.78947368421, 57073675.3662777, 147954030.54385966
1, 52, 0, 0, 0, 0, 0, 0, 0, 0, 0, 0, 0, 0, 0, 0, 0, 0, 1, 52, 0, 0, 0, 0, 0, 0, 0
0, 0, 0, 0, 0, 0, 0, 0, 0, 1, 52, 0, 0, 0, 0, 0, 0, 0, 1, 52, 0, 0, 0, 0, 0, 0, 0
1, 52, 0, 0, 0, 0, 0, 0, 0, 1, 52, 0, 0, 0, 0, 0, 0, 0, 2, 104, 0, 0, 0, 0, 0, 0, 0
0, 0, 0, 0, 0, 0, 0, 0, 0, 0, 0, 0, 0, 0, 0, 0, 0, 0, 0, 0, 0, 0, 0, 0, 0, 0, 0
0, 0, 1, 195, 195, 195, 195.0, 0.0, 38025.0, 0, 0, 0, 0, 0, 0, 0, 0, 0, 0, 0, 1, 195, 195, 195, 195.0, 0.0, 38025.0
12, 624, 2, 1606, 195, 1411, 803.0, 369664.0, 1014473.0, 1, 52, 51, 522311, 1500, 26116, 10241.392156862745, 49463290.00307575, 154349403.3137255, 13, 676, 53, 523917, 195, 26116, 9885.22641509434, 50199376.17899409, 148563179.5283019
0, 0, 1, 195, 195, 195, 195.0, 0.0, 38025.0, 0, 0, 0, 0, 0, 0, 0, 0, 0, 0, 0, 1, 195, 195, 195, 195.0, 0.0, 38025.0
1, 52, 1, 195, 195, 195, 195.0, 0.0, 38025.0, 1, 52, 0, 0, 0, 0, 0, 0, 0, 2, 104, 1, 195, 195, 195, 195.0, 0.0, 38025.0
13, 676, 1, 1390, 1390, 1390, 1390.0, 0.0, 1932100.0, 1, 52, 18, 171481, 2948, 26116, 9526.722222222223, 71195937.53395063, 161954373.83333334, 14, 728, 19, 172871, 1390, 26116, 9098.473684210527, 71012720.04528852, 153532148.89473686
0, 0, 1, 195, 195, 195, 195.0, 0.0, 38025.0, 0, 0, 0, 0, 0, 0, 0, 0, 0, 0, 0, 1, 195, 195, 195, 195.0, 0.0, 38025.0
0, 0, 1, 195, 195, 195, 195.0, 0.0, 38025.0, 0, 0, 0, 0, 0, 0, 0, 0, 0, 0, 0, 1, 195, 195, 195, 195.0, 0.0, 38025.0
18, 936, 1, 1411, 1411, 1411, 1411.0, 0.0, 1990921.0, 1, 52, 39, 511959, 1500, 26116, 13127.153846153846, 59193942.28402365, 231516110.3846154, 19, 988, 40, 513370, 1411, 26116, 12834.25, 60160230.20477486, 225777980.65
0, 0, 1, 195, 195, 195, 195.0, 0.0, 38025.0, 0, 0, 0, 0, 0, 0, 0, 0, 0, 0, 0, 1, 195, 195, 195, 195.0, 0.0, 38025.0
0, 0, 1, 195, 195, 195, 195.0, 0.0, 38025.0, 0, 0, 0, 0, 0, 0, 0, 0, 0, 0, 0, 1, 195, 195, 195, 195.0, 0.0, 38025.0
0, 0, 0, 0, 0, 0, 0, 0, 0, 0, 0, 0, 0, 0, 0, 0, 0, 0, 0, 0, 0, 0, 0, 0, 0, 0, 0
0, 0, 0, 0, 0, 0, 0, 0, 0, 0, 0, 0, 0, 0, 0, 0, 0, 0, 0, 0, 0, 0, 0, 0, 0, 0, 0
0, 0, 0, 0, 0, 0, 0, 0, 0, 0, 0, 0, 0, 0, 0, 0, 0, 0, 0, 0, 0, 0, 0, 0, 0, 0, 0
2, 112, 1, 93, 93, 93, 93.0, 0.0, 8649.0, 2, 112, 1, 75, 75, 75, 75.0, 0.0, 5625.0, 4, 224, 2, 168, 75, 93, 84.0, 72.0, 7137.0
1, 52, 1, 1132, 1132, 1132, 1132.0, 0.0, 1281424.0, 1, 52, 1, 700, 700, 700, 700.0, 0.0, 490000.0, 2, 104, 2, 1832, 700, 1132, 916.0, 41472.0, 885712.0
1, 52, 1, 900, 900, 900, 900.0, 0.0, 810000.0, 1, 52, 1, 324, 324, 324, 324.0, 0.0, 104976.0, 2, 104, 2, 1224, 324, 900, 612.0, 73728.0, 457488.0
1, 52, 0, 0, 0, 0, 0, 0, 0, 1, 52, 1, 68, 68, 68, 68.0, 0.0, 4624.0, 2, 104, 1, 68, 68, 68, 68.0, 0.0, 4624.0
22, 1144, 2, 1515, 104, 1411, 757.5, 427062.25, 1000868.5, 1, 52, 50, 519546, 104, 23220, 10390.92, 64213044.033599995, 172184262.48, 23, 1196, 52, 521061, 104, 23220, 10020.403846153846, 64746321.22462513, 165600285.78846154
0, 0, 0, 0, 0, 0, 0, 0, 0, 0, 0, 0, 0, 0, 0, 0, 0, 0, 0, 0, 0, 0, 0, 0, 0, 0, 0
0, 0, 1, 104, 104, 104, 104.0, 0.0, 10816.0, 0, 0, 0, 0, 0, 0, 0, 0, 0, 0, 0, 1, 104, 104, 104, 104.0, 0.0, 10816.0
1, 52, 3, 1689, 104, 1390, 563.0, 343344.6666666667, 660313.6666666666, 3, 156, 2, 288, 136, 152, 144.0, 64.0, 20800.0, 4, 208, 5, 1977, 104, 1390, 395.4, 190178.81632653065, 404508.2
10, 520, 0, 0, 0, 0, 0, 0, 0, 1, 52, 14, 164413, 2948, 17428, 11743.785714285714, 33424002.311224483, 171340505.2142857, 11, 572, 14, 164413, 2948, 17428, 11743.785714285714, 33424002.311224487, 171340505.2142857
0, 0, 0, 0, 0, 0, 0, 0, 0, 0, 0, 0, 0, 0, 0, 0, 0, 0, 0, 0, 0, 0, 0, 0, 0, 0, 0
29, 1508, 2, 1606, 195, 1411, 803.0, 369664.0, 1014473.0, 1, 52, 75, 609661, 1500, 21772, 8128.8133333333335, 46394777.0584889, 112472383.26666667, 30, 1560, 77, 611267, 195, 21772, 7938.532467532467, 46486043.849030465, 109577372.6103896
0, 0, 0, 0, 0, 0, 0, 0, 0, 0, 0, 0, 0, 0, 0, 0, 0, 0, 0, 0, 0, 0, 0, 0, 0, 0, 0
4, 216, 8, 5384, 83, 2788, 673.0, 707786.5, 1160715.5, 8, 424, 3, 3676, 83, 2961, 1225.3333333333333, 1556502.888888889, 3057944.6666666665, 12, 640, 11, 9060, 83, 2961, 823.6363636363636, 1146233.6326530613, 1678141.6363636365
3, 156, 5, 1451, 91, 855, 290.2, 82498.55999999998, 166714.6, 4, 208, 8, 3263, 91, 957, 407.875, 82069.609375, 248431.625, 7, 364, 13, 4714, 91, 957, 362.61538461538464, 84683.74149659862, 217002.0
0, 0, 0, 0, 0, 0, 0, 0, 0, 0, 0, 0, 0, 0, 0, 0, 0, 0, 0, 0, 0, 0, 0, 0, 0, 0, 0
0, 0, 1, 195, 195, 195, 195.0, 0.0, 38025.0, 0, 0, 0, 0, 0, 0, 0, 0, 0, 0, 0, 1, 195, 195, 195, 195.0, 0.0, 38025.0
0, 0, 0, 0, 0, 0, 0, 0, 0, 0, 0, 0, 0, 0, 0, 0, 0, 0, 0, 0, 0, 0, 0, 0, 0, 0, 0
9, 480, 1, 1411, 1411, 1411, 1411.0, 0.0, 1990921.0, 1, 52, 44, 520060, 470, 27564, 11819.545454545454, 80497401.42975207, 220199056.1818182, 10, 532, 45, 521471, 470, 27564, 11588.244444444445, 80796537.8139124, 215349986.5111111
0, 0, 0, 0, 0, 0, 0, 0, 0, 0, 0, 0, 0, 0, 0, 0, 0, 0, 0, 0, 0, 0, 0, 0, 0, 0, 0
0, 0, 0, 0, 0, 0, 0, 0, 0, 0, 0, 0, 0, 0, 0, 0, 0, 0, 0, 0, 0, 0, 0, 0, 0, 0, 0
0, 0, 0, 0, 0, 0, 0, 0, 0, 0, 0, 0, 0, 0, 0, 0, 0, 0, 0, 0, 0, 0, 0, 0, 0, 0, 0
15, 780, 1, 1390, 1390, 1390, 1390.0, 0.0, 1932100.0, 0, 0, 15, 165594, 1500, 23220, 11039.6, 68999063.57333334, 190871831.73333332, 15, 780, 16, 166984, 1390, 23220, 10436.5, 69680096.2830385, 179063098.5
0, 0, 0, 0, 0, 0, 0, 0, 0, 0, 0, 0, 0, 0, 0, 0, 0, 0, 0, 0, 0, 0, 0, 0, 0, 0, 0
0, 0, 0, 0, 0, 0, 0, 0, 0, 0, 0, 0, 0, 0, 0, 0, 0, 0, 0, 0, 0, 0, 0, 0, 0, 0, 0
32, 1664, 1, 1411, 1411, 1411, 1411.0, 0.0, 1990921.0, 1, 52, 49, 557253, 2948, 23220, 11372.510204081633, 70412951.59683464, 199746939.9387755, 33, 1716, 50, 558664, 1411, 23220, 11173.28, 70693925.2704826, 195791819.56
0, 0, 0, 0, 0, 0, 0, 0, 0, 0, 0, 0, 0, 0, 0, 0, 0, 0, 0, 0, 0, 0, 0, 0, 0, 0, 0
0, 0, 0, 0, 0, 0, 0, 0, 0, 0, 0, 0, 0, 0, 0, 0, 0, 0, 0, 0, 0, 0, 0, 0, 0, 0, 0
1, 60, 0, 0, 0, 0, 0, 0, 0, 1, 60, 0, 0, 0, 0, 0, 0, 0, 2, 120, 0, 0, 0, 0, 0, 0, 0
1, 52, 1, 93, 93, 93, 93.0, 0.0, 8649.0, 1, 52, 1, 75, 75, 75, 75.0, 0.0, 5625.0, 2, 104, 2, 168, 75, 93, 84.0, 72.0, 7137.0
1, 52, 1, 1132, 1132, 1132, 1132.0, 0.0, 1281424.0, 1, 52, 1, 700, 700, 700, 700.0, 0.0, 490000.0, 2, 104, 2, 1832, 700, 1132, 916.0, 41472.0, 885712.0
1, 52, 1, 900, 900, 900, 900.0, 0.0, 810000.0, 1, 52, 1, 324, 324, 324, 324.0, 0.0, 104976.0, 2, 104, 2, 1224, 324, 900, 612.0, 73728.0, 457488.0
26, 1352, 1, 1411, 1411, 1411, 1411.0, 0.0, 1990921.0, 2, 104, 58, 587767, 68, 26116, 10133.913793103447, 68052719.94084424, 170748928.70689654, 28, 1456, 59, 589178, 68, 26116, 9986.06779661017, 68115849.59763314, 167888623.4915254
1, 52, 1, 104, 104, 104, 104.0, 0.0, 10816.0, 0, 0, 1, 104, 104, 104, 104.0, 0.0, 10816.0, 1, 52, 2, 208, 104, 104, 104.0, 0.0, 10816.0
1, 52, 1, 104, 104, 104, 104.0, 0.0, 10816.0, 1, 52, 2, 272, 136, 136, 136.0, 0.0, 18496.0, 2, 104, 3, 376, 104, 136, 125.33333333333333, 163.83999999999997, 15936.0
15, 780, 1, 1390, 1390, 1390, 1390.0, 0.0, 1932100.0, 1, 52, 15, 170215, 2948, 26116, 11347.666666666666, 78322612.75555554, 207092151.53333333, 16, 832, 16, 171605, 1390, 26116, 10725.3125, 78891450.18314256, 194269648.3125
0, 0, 0, 0, 0, 0, 0, 0, 0, 0, 0, 0, 0, 0, 0, 0, 0, 0, 0, 0, 0, 0, 0, 0, 0, 0, 0
0, 0, 0, 0, 0, 0, 0, 0, 0, 0, 0, 0, 0, 0, 0, 0, 0, 0, 0, 0, 0, 0, 0, 0, 0, 0, 0
0, 0, 0, 0, 0, 0, 0, 0, 0, 0, 0, 0, 0, 0, 0, 0, 0, 0, 0, 0, 0, 0, 0, 0, 0, 0, 0
0, 0, 0, 0, 0, 0, 0, 0, 0, 0, 0, 0, 0, 0, 0, 0, 0, 0, 0, 0, 0, 0, 0, 0, 0, 0, 0
0, 0, 0, 0, 0, 0, 0, 0, 0, 0, 0, 0, 0, 0, 0, 0, 0, 0, 0, 0, 0, 0, 0, 0, 0, 0, 0
0, 0, 0, 0, 0, 0, 0, 0, 0, 0, 0, 0, 0, 0, 0, 0, 0, 0, 0, 0, 0, 0, 0, 0, 0, 0, 0
26, 1352, 1, 1411, 1411, 1411, 1411.0, 0.0, 1990921.0, 1, 52, 55, 559706, 1500, 20324, 10176.472727272727, 50938021.667438015, 154498618.83636364, 27, 1404, 56, 561117, 1411, 20324, 10019.94642857143, 51165078.39412385, 151775267.0892857
0, 0, 0, 0, 0, 0, 0, 0, 0, 0, 0, 0, 0, 0, 0, 0, 0, 0, 0, 0, 0, 0, 0, 0, 0, 0, 0
0, 0, 0, 0, 0, 0, 0, 0, 0, 0, 0, 0, 0, 0, 0, 0, 0, 0, 0, 0, 0, 0, 0, 0, 0, 0, 0
0, 0, 0, 0, 0, 0, 0, 0, 0, 0, 0, 0, 0, 0, 0, 0, 0, 0, 0, 0, 0, 0, 0, 0, 0, 0, 0
0, 0, 0, 0, 0, 0, 0, 0, 0, 0, 0, 0, 0, 0, 0, 0, 0, 0, 0, 0, 0, 0, 0, 0, 0, 0, 0
0, 0, 0, 0, 0, 0, 0, 0, 0, 0, 0, 0, 0, 0, 0, 0, 0, 0, 0, 0, 0, 0, 0, 0, 0, 0, 0
41, 2132, 4, 3610, 91, 1411, 902.5, 297200.25, 1111706.5, 4, 208, 72, 741908, 91, 26116, 10304.277777777777, 71082065.61728396, 177260206.1388889, 45, 2340, 76, 745518, 91, 26116, 9809.447368421053, 71493404.76643537, 167989232.47368422
3, 156, 1, 91, 91, 91, 91.0, 0.0, 8281.0, 1, 52, 3, 298, 83, 124, 99.33333333333333, 314.88888888888886, 10182.0, 4, 208, 4, 389, 83, 124, 97.25, 278.40816326530614, 9706.75
0, 0, 0, 0, 0, 0, 0, 0, 0, 0, 0, 0, 0, 0, 0, 0, 0, 0, 0, 0, 0, 0, 0, 0, 0, 0, 0
0, 0, 0, 0, 0, 0, 0, 0, 0, 0, 0, 0, 0, 0, 0, 0, 0, 0, 0, 0, 0, 0, 0, 0, 0, 0, 0
2, 104, 3, 1272, 91, 998, 424.0, 166148.66666666666, 345924.6666666667, 3, 156, 4, 411, 83, 123, 102.75, 266.1875, 10823.75, 5, 260, 7, 1683, 83, 998, 240.42857142857142, 65976.5950413223, 154438.42857142858
0, 0, 0, 0, 0, 0, 0, 0, 0, 0, 0, 0, 0, 0, 0, 0, 0, 0, 0, 0, 0, 0, 0, 0, 0, 0, 0
18, 936, 1, 1411, 1411, 1411, 1411.0, 0.0, 1990921.0, 1, 52, 51, 517675, 2948, 23220, 10150.490196078432, 68236794.7597078, 171269245.98039216, 19, 988, 52, 519086, 1411, 23220, 9982.423076923076, 68308642.85154112, 168013893.57692307
0, 0, 0, 0, 0, 0, 0, 0, 0, 0, 0, 0, 0, 0, 0, 0, 0, 0, 0, 0, 0, 0, 0, 0, 0, 0, 0
0, 0, 0, 0, 0, 0, 0, 0, 0, 0, 0, 0, 0, 0, 0, 0, 0, 0, 0, 0, 0, 0, 0, 0, 0, 0, 0
0, 0, 0, 0, 0, 0, 0, 0, 0, 0, 0, 0, 0, 0, 0, 0, 0, 0, 0, 0, 0, 0, 0, 0, 0, 0, 0
0, 0, 0, 0, 0, 0, 0, 0, 0, 0, 0, 0, 0, 0, 0, 0, 0, 0, 0, 0, 0, 0, 0, 0, 0, 0, 0
1, 60, 1, 195, 195, 195, 195.0, 0.0, 38025.0, 1, 60, 0, 0, 0, 0, 0, 0, 0, 2, 120, 1, 195, 195, 195, 195.0, 0.0, 38025.0
1, 52, 1, 93, 93, 93, 93.0, 0.0, 8649.0, 1, 52, 1, 75, 75, 75, 75.0, 0.0, 5625.0, 2, 104, 2, 168, 75, 93, 84.0, 72.0, 7137.0
1, 52, 2, 1327, 195, 1132, 663.5, 219492.25, 659724.5, 1, 52, 1, 700, 700, 700, 700.0, 0.0, 490000.0, 2, 104, 3, 2027, 195, 1132, 675.6666666666666, 110079.1875, 603149.6666666666
1, 52, 1, 900, 900, 900, 900.0, 0.0, 810000.0, 1, 52, 1, 324, 324, 324, 324.0, 0.0, 104976.0, 2, 104, 2, 1224, 324, 900, 612.0, 73728.0, 457488.0
1, 52, 0, 0, 0, 0, 0, 0, 0, 1, 52, 1, 68, 68, 68, 68.0, 0.0, 4624.0, 2, 104, 1, 68, 68, 68, 68.0, 0.0, 4624.0
1, 52, 3, 1710, 104, 1411, 570.0, 355020.6666666667, 679920.6666666666, 0, 0, 1, 104, 104, 104, 104.0, 0.0, 10816.0, 1, 52, 4, 1814, 104, 1411, 453.5, 265129.84, 512644.5
27, 1404, 2, 1494, 104, 1390, 747.0, 413449.0, 971458.0, 3, 156, 82, 754746, 136, 26116, 9204.219512195123, 57208830.415229015, 141926487.24390244, 30, 1560, 84, 756240, 104, 26116, 9002.857142857143, 57375907.99056467, 138570415.1190476
0, 0, 0, 0, 0, 0, 0, 0, 0, 1, 52, 0, 0, 0, 0, 0, 0, 0, 1, 52, 0, 0, 0, 0, 0, 0, 0
0, 0, 1, 195, 195, 195, 195.0, 0.0, 38025.0, 0, 0, 0, 0, 0, 0, 0, 0, 0, 0, 0, 1, 195, 195, 195, 195.0, 0.0, 38025.0
0, 0, 1, 195, 195, 195, 195.0, 0.0, 38025.0, 0, 0, 0, 0, 0, 0, 0, 0, 0, 0, 0, 1, 195, 195, 195, 195.0, 0.0, 38025.0
0, 0, 0, 0, 0, 0, 0, 0, 0, 0, 0, 0, 0, 0, 0, 0, 0, 0, 0, 0, 0, 0, 0, 0, 0, 0, 0
0, 0, 1, 68, 68, 68, 68.0, 0.0, 4624.0, 0, 0, 0, 0, 0, 0, 0, 0, 0, 0, 0, 1, 68, 68, 68, 68.0, 0.0, 4624.0
0, 0, 2, 1606, 195, 1411, 803.0, 369664.0, 1014473.0, 1, 52, 0, 0, 0, 0, 0, 0, 0, 1, 52, 2, 1606, 195, 1411, 803.0, 369664.0, 1014473.0
21, 1092, 1, 68, 68, 68, 68.0, 0.0, 4624.0, 0, 0, 66, 562717, 1500, 23220, 8526.015151515152, 53645348.80280074, 126338283.16666667, 21, 1092, 67, 562785, 68, 23220, 8399.776119402984, 53775835.95805303, 124452706.1641791
0, 0, 1, 195, 195, 195, 195.0, 0.0, 38025.0, 0, 0, 0, 0, 0, 0, 0, 0, 0, 0, 0, 1, 195, 195, 195, 195.0, 0.0, 38025.0
0, 0, 0, 0, 0, 0, 0, 0, 0, 0, 0, 0, 0, 0, 0, 0, 0, 0, 0, 0, 0, 0, 0, 0, 0, 0, 0
0, 0, 0, 0, 0, 0, 0, 0, 0, 0, 0, 0, 0, 0, 0, 0, 0, 0, 0, 0, 0, 0, 0, 0, 0, 0, 0
0, 0, 1, 195, 195, 195, 195.0, 0.0, 38025.0, 0, 0, 0, 0, 0, 0, 0, 0, 0, 0, 0, 1, 195, 195, 195, 195.0, 0.0, 38025.0
42, 2184, 2, 2801, 1390, 1411, 1400.5, 110.25, 1961510.5, 1, 52, 66, 685228, 1186, 26116, 10382.242424242424, 58422752.91092746, 166213710.66666666, 43, 2236, 68, 688029, 1186, 26116, 10118.073529411764, 58736857.37564046, 161382763.6029412
0, 0, 1, 68, 68, 68, 68.0, 0.0, 4624.0, 0, 0, 0, 0, 0, 0, 0, 0, 0, 0, 0, 1, 68, 68, 68, 68.0, 0.0, 4624.0
0, 0, 0, 0, 0, 0, 0, 0, 0, 0, 0, 0, 0, 0, 0, 0, 0, 0, 0, 0, 0, 0, 0, 0, 0, 0, 0
0, 0, 0, 0, 0, 0, 0, 0, 0, 0, 0, 0, 0, 0, 0, 0, 0, 0, 0, 0, 0, 0, 0, 0, 0, 0, 0
0, 0, 0, 0, 0, 0, 0, 0, 0, 0, 0, 0, 0, 0, 0, 0, 0, 0, 0, 0, 0, 0, 0, 0, 0, 0, 0
0, 0, 0, 0, 0, 0, 0, 0, 0, 0, 0, 0, 0, 0, 0, 0, 0, 0, 0, 0, 0, 0, 0, 0, 0, 0, 0
0, 0, 0, 0, 0, 0, 0, 0, 0, 0, 0, 0, 0, 0, 0, 0, 0, 0, 0, 0, 0, 0, 0, 0, 0, 0, 0
0, 0, 0, 0, 0, 0, 0, 0, 0, 0, 0, 0, 0, 0, 0, 0, 0, 0, 0, 0, 0, 0, 0, 0, 0, 0, 0
29, 1516, 1, 1411, 1411, 1411, 1411.0, 0.0, 1990921.0, 2, 112, 51, 520473, 1500, 27564, 10205.35294117647, 64688528.22837371, 168837756.88235295, 31, 1628, 52, 521884, 1411, 27564, 10036.23076923077, 64804074.20303516, 165629163.8846154
0, 0, 1, 93, 93, 93, 93.0, 0.0, 8649.0, 1, 52, 0, 0, 0, 0, 0, 0, 0, 1, 52, 1, 93, 93, 93, 93.0, 0.0, 8649.0
2, 104, 1, 1132, 1132, 1132, 1132.0, 0.0, 1281424.0, 1, 52, 2, 2416, 76, 2340, 1208.0, 1281424.0, 2740688.0, 3, 156, 3, 3548, 76, 2340, 1182.6666666666667, 1026063.3600000001, 2254266.6666666665
1, 52, 1, 432, 432, 432, 432.0, 0.0, 186624.0, 0, 0, 1, 100, 100, 100, 100.0, 0.0, 10000.0, 1, 52, 2, 532, 100, 432, 266.0, 24494.22222222222, 98312.0
1, 52, 1, 96, 96, 96, 96.0, 0.0, 9216.0, 1, 52, 3, 252, 68, 96, 84.0, 138.66666666666666, 7194.666666666667, 2, 104, 4, 348, 68, 96, 87.0, 136.48979591836735, 7700.0
6, 320, 4, 735, 91, 457, 183.75, 24892.6875, 58656.75, 5, 268, 6, 588, 83, 123, 98.0, 207.33333333333334, 9811.333333333334, 11, 588, 10, 1323, 83, 457, 132.3, 7757.37109375, 29349.5
1, 52, 1, 93, 93, 93, 93.0, 0.0, 8649.0, 1, 52, 1, 75, 75, 75, 75.0, 0.0, 5625.0, 2, 104, 2, 168, 75, 93, 84.0, 72.0, 7137.0
34, 1768, 3, 3934, 1132, 1412, 1311.3333333333333, 16160.888888888889, 1735756.0, 3, 156, 66, 684970, 700, 23220, 10378.333333333334, 55206523.79797981, 162916326.57575756, 37, 1924, 69, 688904, 700, 23220, 9984.115942028986, 55766373.272098765, 155908475.6811594
1, 52, 2, 1095, 195, 900, 547.5, 124256.25, 424012.5, 2, 104, 1, 324, 324, 324, 324.0, 0.0, 104976.0, 3, 156, 3, 1419, 195, 900, 473.0, 74616.1875, 317667.0
1, 52, 0, 0, 0, 0, 0, 0, 0, 1, 52, 1, 68, 68, 68, 68.0, 0.0, 4624.0, 2, 104, 1, 68, 68, 68, 68.0, 0.0, 4624.0
1, 52, 1, 104, 104, 104, 104.0, 0.0, 10816.0, 0, 0, 1, 104, 104, 104, 104.0, 0.0, 10816.0, 1, 52, 2, 208, 104, 104, 104.0, 0.0, 10816.0
1, 52, 2, 299, 104, 195, 149.5, 2070.25, 24420.5, 1, 52, 2, 272, 136, 136, 136.0, 0.0, 18496.0, 2, 104, 4, 571, 104, 195, 142.75, 730.5833333333334, 21458.25
0, 0, 0, 0, 0, 0, 0, 0, 0, 1, 52, 0, 0, 0, 0, 0, 0, 0, 1, 52, 0, 0, 0, 0, 0, 0, 0
0, 0, 0, 0, 0, 0, 0, 0, 0, 0, 0, 0, 0, 0, 0, 0, 0, 0, 0, 0, 0, 0, 0, 0, 0, 0, 0
0, 0, 1, 195, 195, 195, 195.0, 0.0, 38025.0, 0, 0, 0, 0, 0, 0, 0, 0, 0, 0, 0, 1, 195, 195, 195, 195.0, 0.0, 38025.0
3, 156, 1, 195, 195, 195, 195.0, 0.0, 38025.0, 3, 156, 0, 0, 0, 0, 0, 0, 0, 6, 312, 1, 195, 195, 195, 195.0, 0.0, 38025.0
24, 1248, 1, 1412, 1412, 1412, 1412.0, 0.0, 1993744.0, 1, 52, 56, 590577, 1500, 26116, 10546.017857142857, 65792187.23182398, 177010679.875, 25, 1300, 57, 591989, 1412, 26116, 10385.771929824561, 65941742.75307386, 173940207.31578946
0, 0, 1, 195, 195, 195, 195.0, 0.0, 38025.0, 0, 0, 0, 0, 0, 0, 0, 0, 0, 0, 0, 1, 195, 195, 195, 195.0, 0.0, 38025.0
0, 0, 1, 195, 195, 195, 195.0, 0.0, 38025.0, 0, 0, 0, 0, 0, 0, 0, 0, 0, 0, 0, 1, 195, 195, 195, 195.0, 0.0, 38025.0
11, 572, 1, 1391, 1391, 1391, 1391.0, 0.0, 1934881.0, 0, 0, 16, 166645, 2948, 23220, 10415.3125, 60262886.58984375, 168741621.0625, 11, 572, 17, 168036, 1391, 23220, 9884.470588235294, 60829780.674012855, 158929459.88235295
0, 0, 0, 0, 0, 0, 0, 0, 0, 0, 0, 0, 0, 0, 0, 0, 0, 0, 0, 0, 0, 0, 0, 0, 0, 0, 0
1, 52, 1, 195, 195, 195, 195.0, 0.0, 38025.0, 1, 52, 0, 0, 0, 0, 0, 0, 0, 2, 104, 1, 195, 195, 195, 195.0, 0.0, 38025.0
23, 1196, 1, 1412, 1412, 1412, 1412.0, 0.0, 1993744.0, 1, 52, 49, 516092, 1500, 20324, 10532.489795918367, 48238909.147855066, 159172250.4489796, 24, 1248, 50, 517504, 1412, 20324, 10350.08, 48583395.90817264, 156028680.32
0, 0, 0, 0, 0, 0, 0, 0, 0, 0, 0, 0, 0, 0, 0, 0, 0, 0, 0, 0, 0, 0, 0, 0, 0, 0, 0
0, 0, 1, 195, 195, 195, 195.0, 0.0, 38025.0, 0, 0, 0, 0, 0, 0, 0, 0, 0, 0, 0, 1, 195, 195, 195, 195.0, 0.0, 38025.0
0, 0, 0, 0, 0, 0, 0, 0, 0, 0, 0, 0, 0, 0, 0, 0, 0, 0, 0, 0, 0, 0, 0, 0, 0, 0, 0
0, 0, 0, 0, 0, 0, 0, 0, 0, 0, 0, 0, 0, 0, 0, 0, 0, 0, 0, 0, 0, 0, 0, 0, 0, 0, 0
1, 52, 0, 0, 0, 0, 0, 0, 0, 1, 52, 0, 0, 0, 0, 0, 0, 0, 2, 104, 0, 0, 0, 0, 0, 0, 0
0, 0, 0, 0, 0, 0, 0, 0, 0, 0, 0, 0, 0, 0, 0, 0, 0, 0, 0, 0, 0, 0, 0, 0, 0, 0, 0
0, 0, 0, 0, 0, 0, 0, 0, 0, 0, 0, 0, 0, 0, 0, 0, 0, 0, 0, 0, 0, 0, 0, 0, 0, 0, 0
0, 0, 0, 0, 0, 0, 0, 0, 0, 0, 0, 0, 0, 0, 0, 0, 0, 0, 0, 0, 0, 0, 0, 0, 0, 0, 0
0, 0, 0, 0, 0, 0, 0, 0, 0, 0, 0, 0, 0, 0, 0, 0, 0, 0, 0, 0, 0, 0, 0, 0, 0, 0, 0
19, 988, 1, 1412, 1412, 1412, 1412.0, 0.0, 1993744.0, 2, 104, 45, 521901, 2948, 23220, 11597.8, 53512589.49333332, 188021554.33333334, 21, 1092, 46, 523313, 1412, 23220, 11376.369565217392, 54052125.93865475, 183977471.5
0, 0, 0, 0, 0, 0, 0, 0, 0, 0, 0, 0, 0, 0, 0, 0, 0, 0, 0, 0, 0, 0, 0, 0, 0, 0, 0
0, 0, 0, 0, 0, 0, 0, 0, 0, 0, 0, 0, 0, 0, 0, 0, 0, 0, 0, 0, 0, 0, 0, 0, 0, 0, 0
11, 572, 1, 1391, 1391, 1391, 1391.0, 0.0, 1934881.0, 1, 52, 14, 167828, 2080, 23220, 11987.714285714286, 56120787.34693878, 199826081.14285713, 12, 624, 15, 169219, 1391, 23220, 11281.266666666666, 57924148.90368609, 186633334.46666667
1, 60, 0, 0, 0, 0, 0, 0, 0, 1, 60, 0, 0, 0, 0, 0, 0, 0, 2, 120, 0, 0, 0, 0, 0, 0, 0
1, 52, 1, 93, 93, 93, 93.0, 0.0, 8649.0, 1, 52, 1, 75, 75, 75, 75.0, 0.0, 5625.0, 2, 104, 2, 168, 75, 93, 84.0, 72.0, 7137.0
22, 1144, 2, 2544, 1132, 1412, 1272.0, 19600.0, 1637584.0, 2, 104, 38, 524572, 700, 17428, 13804.526315789473, 31052963.512465365, 221617910.31578946, 24, 1248, 40, 527116, 700, 17428, 13177.9, 34181260.04470742, 210618894.0
1, 52, 1, 900, 900, 900, 900.0, 0.0, 810000.0, 1, 52, 1, 324, 324, 324, 324.0, 0.0, 104976.0, 2, 104, 2, 1224, 324, 900, 612.0, 73728.0, 457488.0
1, 52, 0, 0, 0, 0, 0, 0, 0, 1, 52, 1, 68, 68, 68, 68.0, 0.0, 4624.0, 2, 104, 1, 68, 68, 68, 68.0, 0.0, 4624.0
1, 52, 2, 208, 104, 104, 104.0, 0.0, 10816.0, 0, 0, 2, 240, 104, 136, 120.0, 256.0, 14656.0, 1, 52, 4, 448, 104, 136, 112.0, 227.55555555555554, 12736.0
1, 52, 0, 0, 0, 0, 0, 0, 0, 0, 0, 1, 136, 136, 136, 136.0, 0.0, 18496.0, 1, 52, 1, 136, 136, 136, 136.0, 0.0, 18496.0
0, 0, 0, 0, 0, 0, 0, 0, 0, 1, 52, 0, 0, 0, 0, 0, 0, 0, 1, 52, 0, 0, 0, 0, 0, 0, 0
16, 832, 1, 1412, 1412, 1412, 1412.0, 0.0, 1993744.0, 1, 52, 41, 514347, 1500, 23220, 12545.048780487805, 48119355.60737656, 205497604.5121951, 17, 884, 42, 515759, 1412, 23220, 12279.97619047619, 49014923.1856583, 200652274.5
1, 52, 0, 0, 0, 0, 0, 0, 0, 1, 52, 0, 0, 0, 0, 0, 0, 0, 2, 104, 0, 0, 0, 0, 0, 0, 0
0, 0, 0, 0, 0, 0, 0, 0, 0, 0, 0, 0, 0, 0, 0, 0, 0, 0, 0, 0, 0, 0, 0, 0, 0, 0, 0
14, 728, 4, 2295, 91, 1391, 573.75, 288992.6875, 618181.75, 3, 156, 17, 167393, 83, 20324, 9846.64705882353, 69838927.87543252, 166795386.17647058, 17, 884, 21, 169688, 83, 20324, 8080.380952380952, 70616344.87880887, 135142585.33333334
0, 0, 0, 0, 0, 0, 0, 0, 0, 0, 0, 0, 0, 0, 0, 0, 0, 0, 0, 0, 0, 0, 0, 0, 0, 0, 0
0, 0, 0, 0, 0, 0, 0, 0, 0, 0, 0, 0, 0, 0, 0, 0, 0, 0, 0, 0, 0, 0, 0, 0, 0, 0, 0
0, 0, 2, 743, 183, 560, 371.5, 35532.25, 173544.5, 2, 104, 0, 0, 0, 0, 0, 0, 0, 2, 104, 2, 743, 183, 560, 371.5, 35532.25, 173544.5
1, 52, 1, 91, 91, 91, 91.0, 0.0, 8281.0, 1, 52, 4, 411, 83, 123, 102.75, 266.1875, 10823.75, 2, 104, 5, 502, 83, 123, 100.4, 250.2469135802469, 10315.2
0, 0, 0, 0, 0, 0, 0, 0, 0, 0, 0, 0, 0, 0, 0, 0, 0, 0, 0, 0, 0, 0, 0, 0, 0, 0, 0
0, 0, 0, 0, 0, 0, 0, 0, 0, 0, 0, 0, 0, 0, 0, 0, 0, 0, 0, 0, 0, 0, 0, 0, 0, 0, 0
24, 1248, 1, 1412, 1412, 1412, 1412.0, 0.0, 1993744.0, 1, 52, 37, 492410, 2948, 23220, 13308.378378378378, 46035772.50547846, 223148707.56756756, 25, 1300, 38, 493822, 1412, 23220, 12995.315789473685, 47283786.6624, 217328840.10526314
1, 52, 0, 0, 0, 0, 0, 0, 0, 1, 52, 0, 0, 0, 0, 0, 0, 0, 2, 104, 0, 0, 0, 0, 0, 0, 0
0, 0, 0, 0, 0, 0, 0, 0, 0, 0, 0, 0, 0, 0, 0, 0, 0, 0, 0, 0, 0, 0, 0, 0, 0, 0, 0
0, 0, 0, 0, 0, 0, 0, 0, 0, 0, 0, 0, 0, 0, 0, 0, 0, 0, 0, 0, 0, 0, 0, 0, 0, 0, 0
0, 0, 0, 0, 0, 0, 0, 0, 0, 0, 0, 0, 0, 0, 0, 0, 0, 0, 0, 0, 0, 0, 0, 0, 0, 0, 0
0, 0, 0, 0, 0, 0, 0, 0, 0, 0, 0, 0, 0, 0, 0, 0, 0, 0, 0, 0, 0, 0, 0, 0, 0, 0, 0
23, 1196, 2, 2803, 1391, 1412, 1401.5, 110.25, 1964312.5, 2, 104, 49, 532351, 2948, 23220, 10864.30612244898, 55450031.9266972, 173483179.4489796, 25, 1300, 51, 535154, 1391, 23220, 10493.21568627451, 56096109.60750001, 166756949.37254903
10, 520, 0, 0, 0, 0, 0, 0, 0, 0, 0, 16, 163826, 1500, 33356, 10239.125, 93798654.484375, 198638335.25, 10, 520, 16, 163826, 1500, 33356, 10239.125, 93798654.484375, 198638335.25
0, 0, 0, 0, 0, 0, 0, 0, 0, 0, 0, 0, 0, 0, 0, 0, 0, 0, 0, 0, 0, 0, 0, 0, 0, 0, 0
0, 0, 0, 0, 0, 0, 0, 0, 0, 0, 0, 0, 0, 0, 0, 0, 0, 0, 0, 0, 0, 0, 0, 0, 0, 0, 0
0, 0, 0, 0, 0, 0, 0, 0, 0, 0, 0, 0, 0, 0, 0, 0, 0, 0, 0, 0, 0, 0, 0, 0, 0, 0, 0
0, 0, 0, 0, 0, 0, 0, 0, 0, 0, 0, 0, 0, 0, 0, 0, 0, 0, 0, 0, 0, 0, 0, 0, 0, 0, 0
0, 0, 0, 0, 0, 0, 0, 0, 0, 0, 0, 0, 0, 0, 0, 0, 0, 0, 0, 0, 0, 0, 0, 0, 0, 0, 0
1, 60, 0, 0, 0, 0, 0, 0, 0, 1, 60, 0, 0, 0, 0, 0, 0, 0, 2, 120, 0, 0, 0, 0, 0, 0, 0
1, 52, 1, 93, 93, 93, 93.0, 0.0, 8649.0, 0, 0, 1, 75, 75, 75, 75.0, 0.0, 5625.0, 1, 52, 2, 168, 75, 93, 84.0, 72.0, 7137.0
1, 52, 1, 1132, 1132, 1132, 1132.0, 0.0, 1281424.0, 1, 52, 1, 700, 700, 700, 700.0, 0.0, 490000.0, 2, 104, 2, 1832, 700, 1132, 916.0, 41472.0, 885712.0
1, 52, 2, 2312, 900, 1412, 1156.0, 65536.0, 1401872.0, 2, 104, 1, 324, 324, 324, 324.0, 0.0, 104976.0, 3, 156, 3, 2636, 324, 1412, 878.6666666666666, 205824.0, 969573.3333333334
20, 1040, 1, 195, 195, 195, 195.0, 0.0, 38025.0, 1, 52, 54, 533495, 68, 23220, 9879.537037037036, 64326785.730109744, 161932037.7962963, 21, 1092, 55, 533690, 68, 23220, 9703.454545454546, 64589198.673344, 158988510.29090908
1, 52, 3, 403, 104, 195, 134.33333333333334, 1840.222222222222, 19885.666666666668, 0, 0, 2, 240, 104, 136, 120.0, 256.0, 14656.0, 1, 52, 5, 643, 104, 195, 128.6, 985.265306122449, 17793.8
1, 52, 1, 195, 195, 195, 195.0, 0.0, 38025.0, 1, 52, 1, 136, 136, 136, 136.0, 0.0, 18496.0, 2, 104, 2, 331, 136, 195, 165.5, 773.5555555555555, 28260.5
0, 0, 1, 195, 195, 195, 195.0, 0.0, 38025.0, 1, 52, 0, 0, 0, 0, 0, 0, 0, 1, 52, 1, 195, 195, 195, 195.0, 0.0, 38025.0
0, 0, 2, 390, 195, 195, 195.0, 0.0, 38025.0, 0, 0, 0, 0, 0, 0, 0, 0, 0, 0, 0, 2, 390, 195, 195, 195.0, 0.0, 38025.0
0, 0, 1, 195, 195, 195, 195.0, 0.0, 38025.0, 0, 0, 0, 0, 0, 0, 0, 0, 0, 0, 0, 1, 195, 195, 195, 195.0, 0.0, 38025.0
0, 0, 0, 0, 0, 0, 0, 0, 0, 0, 0, 0, 0, 0, 0, 0, 0, 0, 0, 0, 0, 0, 0, 0, 0, 0, 0
0, 0, 2, 390, 195, 195, 195.0, 0.0, 38025.0, 0, 0, 0, 0, 0, 0, 0, 0, 0, 0, 0, 2, 390, 195, 195, 195.0, 0.0, 38025.0
0, 0, 1, 195, 195, 195, 195.0, 0.0, 38025.0, 0, 0, 0, 0, 0, 0, 0, 0, 0, 0, 0, 1, 195, 195, 195, 195.0, 0.0, 38025.0
0, 0, 0, 0, 0, 0, 0, 0, 0, 0, 0, 0, 0, 0, 0, 0, 0, 0, 0, 0, 0, 0, 0, 0, 0, 0, 0
0, 0, 2, 390, 195, 195, 195.0, 0.0, 38025.0, 0, 0, 0, 0, 0, 0, 0, 0, 0, 0, 0, 2, 390, 195, 195, 195.0, 0.0, 38025.0
0, 0, 1, 195, 195, 195, 195.0, 0.0, 38025.0, 0, 0, 0, 0, 0, 0, 0, 0, 0, 0, 0, 1, 195, 195, 195, 195.0, 0.0, 38025.0
0, 0, 0, 0, 0, 0, 0, 0, 0, 0, 0, 0, 0, 0, 0, 0, 0, 0, 0, 0, 0, 0, 0, 0, 0, 0, 0
0, 0, 0, 0, 0, 0, 0, 0, 0, 0, 0, 0, 0, 0, 0, 0, 0, 0, 0, 0, 0, 0, 0, 0, 0, 0, 0
0, 0, 1, 195, 195, 195, 195.0, 0.0, 38025.0, 0, 0, 0, 0, 0, 0, 0, 0, 0, 0, 0, 1, 195, 195, 195, 195.0, 0.0, 38025.0
0, 0, 0, 0, 0, 0, 0, 0, 0, 0, 0, 0, 0, 0, 0, 0, 0, 0, 0, 0, 0, 0, 0, 0, 0, 0, 0
20, 1040, 2, 2803, 1391, 1412, 1401.5, 110.25, 1964312.5, 2, 104, 62, 506976, 1500, 20324, 8177.032258064516, 46960733.38605619, 113824589.93548387, 22, 1144, 64, 509779, 1391, 20324, 7965.296875, 46932455.90054171, 110328956.265625
11, 572, 2, 395, 195, 200, 197.5, 6.25, 39012.5, 0, 0, 17, 169254, 2948, 23220, 9956.117647058823, 64035358.33910033, 163159636.94117647, 11, 572, 19, 169649, 195, 23220, 8928.894736842105, 65474507.027006164, 145989044.89473686
0, 0, 0, 0, 0, 0, 0, 0, 0, 0, 0, 0, 0, 0, 0, 0, 0, 0, 0, 0, 0, 0, 0, 0, 0, 0, 0
0, 0, 1, 195, 195, 195, 195.0, 0.0, 38025.0, 0, 0, 0, 0, 0, 0, 0, 0, 0, 0, 0, 1, 195, 195, 195, 195.0, 0.0, 38025.0
0, 0, 1, 200, 200, 200, 200.0, 0.0, 40000.0, 0, 0, 0, 0, 0, 0, 0, 0, 0, 0, 0, 1, 200, 200, 200, 200.0, 0.0, 40000.0
0, 0, 0, 0, 0, 0, 0, 0, 0, 0, 0, 0, 0, 0, 0, 0, 0, 0, 0, 0, 0, 0, 0, 0, 0, 0, 0
0, 0, 1, 200, 200, 200, 200.0, 0.0, 40000.0, 0, 0, 0, 0, 0, 0, 0, 0, 0, 0, 0, 1, 200, 200, 200, 200.0, 0.0, 40000.0
0, 0, 1, 200, 200, 200, 200.0, 0.0, 40000.0, 0, 0, 0, 0, 0, 0, 0, 0, 0, 0, 0, 1, 200, 200, 200, 200.0, 0.0, 40000.0
0, 0, 0, 0, 0, 0, 0, 0, 0, 0, 0, 0, 0, 0, 0, 0, 0, 0, 0, 0, 0, 0, 0, 0, 0, 0, 0
0, 0, 1, 200, 200, 200, 200.0, 0.0, 40000.0, 0, 0, 0, 0, 0, 0, 0, 0, 0, 0, 0, 1, 200, 200, 200, 200.0, 0.0, 40000.0
0, 0, 1, 200, 200, 200, 200.0, 0.0, 40000.0, 0, 0, 0, 0, 0, 0, 0, 0, 0, 0, 0, 1, 200, 200, 200, 200.0, 0.0, 40000.0
0, 0, 1, 195, 195, 195, 195.0, 0.0, 38025.0, 0, 0, 0, 0, 0, 0, 0, 0, 0, 0, 0, 1, 195, 195, 195, 195.0, 0.0, 38025.0
1, 60, 0, 0, 0, 0, 0, 0, 0, 1, 60, 0, 0, 0, 0, 0, 0, 0, 2, 120, 0, 0, 0, 0, 0, 0, 0
1, 52, 3, 1705, 93, 1412, 568.3333333333334, 357794.8888888888, 680797.6666666666, 2, 104, 1, 75, 75, 75, 75.0, 0.0, 5625.0, 3, 156, 4, 1780, 75, 1412, 445.0, 273087.6, 512004.5
22, 1144, 2, 1327, 195, 1132, 663.5, 219492.25, 659724.5, 1, 52, 53, 573801, 700, 24668, 10826.433962264151, 71867030.47205411, 189078702.81132075, 23, 1196, 55, 575128, 195, 24668, 10456.872727272726, 72417493.41863853, 182227103.6
1, 52, 1, 900, 900, 900, 900.0, 0.0, 810000.0, 2, 104, 2, 392, 68, 324, 196.0, 16384.0, 54800.0, 3, 156, 3, 1292, 68, 900, 430.6666666666667, 92405.76000000001, 306533.3333333333
3, 156, 2, 304, 104, 200, 152.0, 2304.0, 25408.0, 1, 52, 1, 104, 104, 104, 104.0, 0.0, 10816.0, 4, 208, 3, 408, 104, 200, 136.0, 1728.0, 20544.0
0, 0, 2, 299, 104, 195, 149.5, 2070.25, 24420.5, 0, 0, 1, 136, 136, 136, 136.0, 0.0, 18496.0, 0, 0, 3, 435, 104, 195, 145.0, 1080.6875, 22445.666666666668
1, 52, 0, 0, 0, 0, 0, 0, 0, 1, 52, 1, 136, 136, 136, 136.0, 0.0, 18496.0, 2, 104, 1, 136, 136, 136, 136.0, 0.0, 18496.0
0, 0, 0, 0, 0, 0, 0, 0, 0, 1, 52, 0, 0, 0, 0, 0, 0, 0, 1, 52, 0, 0, 0, 0, 0, 0, 0
0, 0, 2, 390, 195, 195, 195.0, 0.0, 38025.0, 0, 0, 0, 0, 0, 0, 0, 0, 0, 0, 0, 2, 390, 195, 195, 195.0, 0.0, 38025.0
0, 0, 0, 0, 0, 0, 0, 0, 0, 0, 0, 0, 0, 0, 0, 0, 0, 0, 0, 0, 0, 0, 0, 0, 0, 0, 0
0, 0, 0, 0, 0, 0, 0, 0, 0, 0, 0, 0, 0, 0, 0, 0, 0, 0, 0, 0, 0, 0, 0, 0, 0, 0, 0
0, 0, 1, 195, 195, 195, 195.0, 0.0, 38025.0, 0, 0, 0, 0, 0, 0, 0, 0, 0, 0, 0, 1, 195, 195, 195, 195.0, 0.0, 38025.0
0, 0, 3, 585, 195, 195, 195.0, 0.0, 38025.0, 0, 0, 0, 0, 0, 0, 0, 0, 0, 0, 0, 3, 585, 195, 195, 195.0, 0.0, 38025.0
0, 0, 1, 195, 195, 195, 195.0, 0.0, 38025.0, 0, 0, 0, 0, 0, 0, 0, 0, 0, 0, 0, 1, 195, 195, 195, 195.0, 0.0, 38025.0
0, 0, 1, 195, 195, 195, 195.0, 0.0, 38025.0, 0, 0, 0, 0, 0, 0, 0, 0, 0, 0, 0, 1, 195, 195, 195, 195.0, 0.0, 38025.0
0, 0, 4, 780, 195, 195, 195.0, 0.0, 38025.0, 0, 0, 0, 0, 0, 0, 0, 0, 0, 0, 0, 4, 780, 195, 195, 195.0, 0.0, 38025.0
0, 0, 1, 195, 195, 195, 195.0, 0.0, 38025.0, 0, 0, 0, 0, 0, 0, 0, 0, 0, 0, 0, 1, 195, 195, 195, 195.0, 0.0, 38025.0
4, 208, 4, 837, 91, 460, 209.25, 22761.1875, 66546.75, 3, 156, 4, 387, 83, 122, 96.75, 223.1875, 9583.75, 7, 364, 8, 1224, 83, 460, 153.0, 10548.354166666666, 38065.25
0, 0, 4, 780, 195, 195, 195.0, 0.0, 38025.0, 0, 0, 0, 0, 0, 0, 0, 0, 0, 0, 0, 4, 780, 195, 195, 195.0, 0.0, 38025.0
26, 1352, 2, 2803, 1391, 1412, 1401.5, 110.25, 1964312.5, 3, 156, 61, 701134, 1500, 26116, 11494.0, 62135041.04918033, 194247077.04918033, 29, 1508, 63, 703937, 1391, 26116, 11173.603174603175, 62749246.6219433, 188142862.3015873
0, 0, 3, 585, 195, 195, 195.0, 0.0, 38025.0, 0, 0, 0, 0, 0, 0, 0, 0, 0, 0, 0, 3, 585, 195, 195, 195.0, 0.0, 38025.0
0, 0, 2, 390, 195, 195, 195.0, 0.0, 38025.0, 0, 0, 0, 0, 0, 0, 0, 0, 0, 0, 0, 2, 390, 195, 195, 195.0, 0.0, 38025.0
0, 0, 0, 0, 0, 0, 0, 0, 0, 0, 0, 0, 0, 0, 0, 0, 0, 0, 0, 0, 0, 0, 0, 0, 0, 0, 0
0, 0, 0, 0, 0, 0, 0, 0, 0, 0, 0, 0, 0, 0, 0, 0, 0, 0, 0, 0, 0, 0, 0, 0, 0, 0, 0
0, 0, 2, 390, 195, 195, 195.0, 0.0, 38025.0, 0, 0, 0, 0, 0, 0, 0, 0, 0, 0, 0, 2, 390, 195, 195, 195.0, 0.0, 38025.0
0, 0, 1, 195, 195, 195, 195.0, 0.0, 38025.0, 0, 0, 0, 0, 0, 0, 0, 0, 0, 0, 0, 1, 195, 195, 195, 195.0, 0.0, 38025.0
0, 0, 0, 0, 0, 0, 0, 0, 0, 0, 0, 0, 0, 0, 0, 0, 0, 0, 0, 0, 0, 0, 0, 0, 0, 0, 0
0, 0, 0, 0, 0, 0, 0, 0, 0, 0, 0, 0, 0, 0, 0, 0, 0, 0, 0, 0, 0, 0, 0, 0, 0, 0, 0
0, 0, 1, 195, 195, 195, 195.0, 0.0, 38025.0, 0, 0, 0, 0, 0, 0, 0, 0, 0, 0, 0, 1, 195, 195, 195, 195.0, 0.0, 38025.0
0, 0, 0, 0, 0, 0, 0, 0, 0, 0, 0, 0, 0, 0, 0, 0, 0, 0, 0, 0, 0, 0, 0, 0, 0, 0, 0
0, 0, 0, 0, 0, 0, 0, 0, 0, 0, 0, 0, 0, 0, 0, 0, 0, 0, 0, 0, 0, 0, 0, 0, 0, 0, 0
2, 112, 3, 1009, 91, 723, 336.3333333333333, 76558.22222222222, 189678.33333333334, 3, 164, 3, 298, 83, 124, 99.33333333333333, 314.88888888888886, 10182.0, 5, 276, 6, 1307, 83, 723, 217.83333333333334, 38211.333333333336, 99930.16666666667
25, 1300, 2, 1505, 93, 1412, 752.5, 434940.25, 1001196.5, 2, 104, 52, 589862, 75, 23220, 11343.5, 56190628.09615385, 184865620.34615386, 27, 1404, 54, 591367, 75, 23220, 10951.24074074074, 57215103.409843355, 178055826.87037036
1, 52, 1, 1132, 1132, 1132, 1132.0, 0.0, 1281424.0, 1, 52, 1, 700, 700, 700, 700.0, 0.0, 490000.0, 2, 104, 2, 1832, 700, 1132, 916.0, 41472.0, 885712.0
1, 52, 3, 1290, 195, 900, 430.0, 110450.0, 295350.0, 1, 52, 2, 392, 68, 324, 196.0, 16384.0, 54800.0, 2, 104, 5, 1682, 68, 900, 336.4, 70107.63265306123, 199130.0
2, 104, 1, 104, 104, 104, 104.0, 0.0, 10816.0, 0, 0, 1, 104, 104, 104, 104.0, 0.0, 10816.0, 2, 104, 2, 208, 104, 104, 104.0, 0.0, 10816.0
0, 0, 2, 299, 104, 195, 149.5, 2070.25, 24420.5, 0, 0, 1, 136, 136, 136, 136.0, 0.0, 18496.0, 0, 0, 3, 435, 104, 195, 145.0, 1080.6875, 22445.666666666668
1, 52, 0, 0, 0, 0, 0, 0, 0, 1, 52, 1, 136, 136, 136, 136.0, 0.0, 18496.0, 2, 104, 1, 136, 136, 136, 136.0, 0.0, 18496.0
0, 0, 0, 0, 0, 0, 0, 0, 0, 1, 52, 0, 0, 0, 0, 0, 0, 0, 1, 52, 0, 0, 0, 0, 0, 0, 0
0, 0, 1, 195, 195, 195, 195.0, 0.0, 38025.0, 0, 0, 0, 0, 0, 0, 0, 0, 0, 0, 0, 1, 195, 195, 195, 195.0, 0.0, 38025.0
0, 0, 0, 0, 0, 0, 0, 0, 0, 0, 0, 0, 0, 0, 0, 0, 0, 0, 0, 0, 0, 0, 0, 0, 0, 0, 0
3, 156, 0, 0, 0, 0, 0, 0, 0, 3, 156, 0, 0, 0, 0, 0, 0, 0, 6, 312, 0, 0, 0, 0, 0, 0, 0
0, 0, 1, 195, 195, 195, 195.0, 0.0, 38025.0, 0, 0, 0, 0, 0, 0, 0, 0, 0, 0, 0, 1, 195, 195, 195, 195.0, 0.0, 38025.0
0, 0, 0, 0, 0, 0, 0, 0, 0, 0, 0, 0, 0, 0, 0, 0, 0, 0, 0, 0, 0, 0, 0, 0, 0, 0, 0
0, 0, 0, 0, 0, 0, 0, 0, 0, 0, 0, 0, 0, 0, 0, 0, 0, 0, 0, 0, 0, 0, 0, 0, 0, 0, 0
0, 0, 0, 0, 0, 0, 0, 0, 0, 0, 0, 0, 0, 0, 0, 0, 0, 0, 0, 0, 0, 0, 0, 0, 0, 0, 0
9, 468, 2, 2803, 1391, 1412, 1401.5, 110.25, 1964312.5, 0, 0, 13, 170543, 2948, 23220, 13118.692307692309, 57733282.059171595, 229833369.92307693, 9, 468, 15, 173346, 1391, 23220, 11556.4, 62715625.616071425, 199450828.93333334
18, 936, 0, 0, 0, 0, 0, 0, 0, 1, 52, 42, 493129, 2948, 24668, 11741.166666666666, 66329738.472222224, 204184733.16666666, 19, 988, 42, 493129, 2948, 24668, 11741.166666666666, 66329738.47222222, 204184733.16666666
0, 0, 0, 0, 0, 0, 0, 0, 0, 0, 0, 0, 0, 0, 0, 0, 0, 0, 0, 0, 0, 0, 0, 0, 0, 0, 0
0, 0, 0, 0, 0, 0, 0, 0, 0, 0, 0, 0, 0, 0, 0, 0, 0, 0, 0, 0, 0, 0, 0, 0, 0, 0, 0
0, 0, 0, 0, 0, 0, 0, 0, 0, 0, 0, 0, 0, 0, 0, 0, 0, 0, 0, 0, 0, 0, 0, 0, 0, 0, 0
0, 0, 0, 0, 0, 0, 0, 0, 0, 0, 0, 0, 0, 0, 0, 0, 0, 0, 0, 0, 0, 0, 0, 0, 0, 0, 0
0, 0, 0, 0, 0, 0, 0, 0, 0, 0, 0, 0, 0, 0, 0, 0, 0, 0, 0, 0, 0, 0, 0, 0, 0, 0, 0
1, 52, 0, 0, 0, 0, 0, 0, 0, 1, 52, 0, 0, 0, 0, 0, 0, 0, 2, 104, 0, 0, 0, 0, 0, 0, 0
0, 0, 0, 0, 0, 0, 0, 0, 0, 0, 0, 0, 0, 0, 0, 0, 0, 0, 0, 0, 0, 0, 0, 0, 0, 0, 0
0, 0, 0, 0, 0, 0, 0, 0, 0, 0, 0, 0, 0, 0, 0, 0, 0, 0, 0, 0, 0, 0, 0, 0, 0, 0, 0
0, 0, 0, 0, 0, 0, 0, 0, 0, 0, 0, 0, 0, 0, 0, 0, 0, 0, 0, 0, 0, 0, 0, 0, 0, 0, 0
0, 0, 0, 0, 0, 0, 0, 0, 0, 0, 0, 0, 0, 0, 0, 0, 0, 0, 0, 0, 0, 0, 0, 0, 0, 0, 0
1, 52, 0, 0, 0, 0, 0, 0, 0, 1, 52, 0, 0, 0, 0, 0, 0, 0, 2, 104, 0, 0, 0, 0, 0, 0, 0
0, 0, 0, 0, 0, 0, 0, 0, 0, 0, 0, 0, 0, 0, 0, 0, 0, 0, 0, 0, 0, 0, 0, 0, 0, 0, 0
0, 0, 0, 0, 0, 0, 0, 0, 0, 0, 0, 0, 0, 0, 0, 0, 0, 0, 0, 0, 0, 0, 0, 0, 0, 0, 0
0, 0, 0, 0, 0, 0, 0, 0, 0, 0, 0, 0, 0, 0, 0, 0, 0, 0, 0, 0, 0, 0, 0, 0, 0, 0, 0
1, 60, 0, 0, 0, 0, 0, 0, 0, 1, 60, 0, 0, 0, 0, 0, 0, 0, 2, 120, 0, 0, 0, 0, 0, 0, 0
27, 1404, 2, 1505, 93, 1412, 752.5, 434940.25, 1001196.5, 2, 104, 55, 621086, 75, 26116, 11292.472727272727, 65590763.59471074, 193110703.8909091, 29, 1508, 57, 622591, 75, 26116, 10922.649122807017, 66375610.620455995, 186370019.42105263
1, 52, 1, 1132, 1132, 1132, 1132.0, 0.0, 1281424.0, 1, 52, 1, 700, 700, 700, 700.0, 0.0, 490000.0, 2, 104, 2, 1832, 700, 1132, 916.0, 41472.0, 885712.0
1, 52, 1, 900, 900, 900, 900.0, 0.0, 810000.0, 1, 52, 1, 324, 324, 324, 324.0, 0.0, 104976.0, 2, 104, 2, 1224, 324, 900, 612.0, 73728.0, 457488.0
2, 104, 1, 104, 104, 104, 104.0, 0.0, 10816.0, 1, 52, 2, 172, 68, 104, 86.0, 324.0, 7720.0, 3, 156, 3, 276, 68, 104, 92.0, 311.04, 8752.0
0, 0, 1, 104, 104, 104, 104.0, 0.0, 10816.0, 0, 0, 1, 152, 152, 152, 152.0, 0.0, 23104.0, 0, 0, 2, 256, 104, 152, 128.0, 512.0, 16960.0
1, 52, 0, 0, 0, 0, 0, 0, 0, 1, 52, 1, 136, 136, 136, 136.0, 0.0, 18496.0, 2, 104, 1, 136, 136, 136, 136.0, 0.0, 18496.0
0, 0, 0, 0, 0, 0, 0, 0, 0, 1, 52, 0, 0, 0, 0, 0, 0, 0, 1, 52, 0, 0, 0, 0, 0, 0, 0
0, 0, 0, 0, 0, 0, 0, 0, 0, 0, 0, 0, 0, 0, 0, 0, 0, 0, 0, 0, 0, 0, 0, 0, 0, 0, 0
0, 0, 0, 0, 0, 0, 0, 0, 0, 0, 0, 0, 0, 0, 0, 0, 0, 0, 0, 0, 0, 0, 0, 0, 0, 0, 0
0, 0, 0, 0, 0, 0, 0, 0, 0, 0, 0, 0, 0, 0, 0, 0, 0, 0, 0, 0, 0, 0, 0, 0, 0, 0, 0
10, 520, 1, 1391, 1391, 1391, 1391.0, 0.0, 1934881.0, 0, 0, 17, 164653, 1645, 23220, 9685.470588235294, 50414732.01384083, 144223072.52941176, 10, 520, 18, 166044, 1391, 23220, 9224.666666666666, 50883813.33551021, 136318173.0
0, 0, 0, 0, 0, 0, 0, 0, 0, 0, 0, 0, 0, 0, 0, 0, 0, 0, 0, 0, 0, 0, 0, 0, 0, 0, 0
0, 0, 0, 0, 0, 0, 0, 0, 0, 0, 0, 0, 0, 0, 0, 0, 0, 0, 0, 0, 0, 0, 0, 0, 0, 0, 0
11, 572, 1, 1412, 1412, 1412, 1412.0, 0.0, 1993744.0, 1, 52, 48, 549395, 1500, 27564, 11445.729166666666, 70066447.19748265, 201071163.35416666, 12, 624, 49, 550807, 1412, 27564, 11240.959183673469, 70371306.7826549, 197008358.87755102
0, 0, 0, 0, 0, 0, 0, 0, 0, 0, 0, 0, 0, 0, 0, 0, 0, 0, 0, 0, 0, 0, 0, 0, 0, 0, 0
0, 0, 0, 0, 0, 0, 0, 0, 0, 0, 0, 0, 0, 0, 0, 0, 0, 0, 0, 0, 0, 0, 0, 0, 0, 0, 0
0, 0, 0, 0, 0, 0, 0, 0, 0, 0, 0, 0, 0, 0, 0, 0, 0, 0, 0, 0, 0, 0, 0, 0, 0, 0, 0
0, 0, 0, 0, 0, 0, 0, 0, 0, 0, 0, 0, 0, 0, 0, 0, 0, 0, 0, 0, 0, 0, 0, 0, 0, 0, 0
1, 52, 0, 0, 0, 0, 0, 0, 0, 1, 52, 0, 0, 0, 0, 0, 0, 0, 2, 104, 0, 0, 0, 0, 0, 0, 0
0, 0, 1, 195, 195, 195, 195.0, 0.0, 38025.0, 0, 0, 0, 0, 0, 0, 0, 0, 0, 0, 0, 1, 195, 195, 195, 195.0, 0.0, 38025.0
1, 40, 0, 0, 0, 0, 0, 0, 0, 0, 0, 0, 0, 0, 0, 0, 0, 0, 1, 40, 0, 0, 0, 0, 0, 0, 0
0, 0, 0, 0, 0, 0, 0, 0, 0, 0, 0, 0, 0, 0, 0, 0, 0, 0, 0, 0, 0, 0, 0, 0, 0, 0, 0
1, 40, 1, 195, 195, 195, 195.0, 0.0, 38025.0, 0, 0, 0, 0, 0, 0, 0, 0, 0, 1, 40, 1, 195, 195, 195, 195.0, 0.0, 38025.0
0, 0, 0, 0, 0, 0, 0, 0, 0, 0, 0, 0, 0, 0, 0, 0, 0, 0, 0, 0, 0, 0, 0, 0, 0, 0, 0
1, 60, 0, 0, 0, 0, 0, 0, 0, 1, 60, 0, 0, 0, 0, 0, 0, 0, 2, 120, 0, 0, 0, 0, 0, 0, 0
1, 52, 2, 288, 93, 195, 144.0, 2601.0, 23337.0, 1, 52, 1, 76, 76, 76, 76.0, 0.0, 5776.0, 2, 104, 3, 364, 76, 195, 121.33333333333333, 2456.5, 17483.333333333332
1, 52, 1, 1132, 1132, 1132, 1132.0, 0.0, 1281424.0, 1, 52, 1, 2340, 2340, 2340, 2340.0, 0.0, 5475600.0, 2, 104, 2, 3472, 1132, 2340, 1736.0, 324280.8888888889, 3378512.0
1, 52, 1, 432, 432, 432, 432.0, 0.0, 186624.0, 1, 52, 1, 100, 100, 100, 100.0, 0.0, 10000.0, 2, 104, 2, 532, 100, 432, 266.0, 24494.22222222222, 98312.0
1, 52, 3, 491, 96, 200, 163.66666666666666, 2293.555555555555, 29080.333333333332, 1, 52, 3, 252, 68, 96, 84.0, 138.66666666666666, 7194.666666666667, 2, 104, 6, 743, 68, 200, 123.83333333333333, 2267.358024691358, 18137.5
18, 924, 1, 1412, 1412, 1412, 1412.0, 0.0, 1993744.0, 2, 104, 44, 518784, 1500, 27564, 11790.545454545454, 76869052.42975207, 215886014.54545453, 20, 1028, 45, 520196, 1412, 27564, 11559.91111111111, 77202028.6246686, 211132852.97777778
3, 164, 4, 589, 93, 200, 147.25, 2783.6875, 24466.25, 2, 112, 3, 283, 75, 120, 94.33333333333333, 357.5555555555556, 9256.333333333334, 5, 276, 7, 872, 75, 200, 124.57142857142857, 2000.05, 17947.714285714286
3, 144, 1, 1132, 1132, 1132, 1132.0, 0.0, 1281424.0, 3, 156, 1, 700, 700, 700, 700.0, 0.0, 490000.0, 6, 300, 2, 1832, 700, 1132, 916.0, 41472.0, 885712.0
1, 52, 1, 900, 900, 900, 900.0, 0.0, 810000.0, 1, 52, 1, 324, 324, 324, 324.0, 0.0, 104976.0, 2, 104, 2, 1224, 324, 900, 612.0, 73728.0, 457488.0
1, 52, 2, 400, 200, 200, 200.0, 0.0, 40000.0, 0, 0, 1, 68, 68, 68, 68.0, 0.0, 4624.0, 1, 52, 3, 468, 68, 200, 156.0, 4356.0, 28208.0
1, 52, 1, 104, 104, 104, 104.0, 0.0, 10816.0, 0, 0, 1, 104, 104, 104, 104.0, 0.0, 10816.0, 1, 52, 2, 208, 104, 104, 104.0, 0.0, 10816.0
1, 52, 3, 499, 104, 200, 166.33333333333334, 1946.8888888888887, 29613.666666666668, 1, 52, 2, 288, 136, 152, 144.0, 64.0, 20800.0, 2, 104, 5, 787, 104, 200, 157.4, 993.1020408163266, 26088.2
0, 0, 1, 200, 200, 200, 200.0, 0.0, 40000.0, 1, 52, 0, 0, 0, 0, 0, 0, 0, 1, 52, 1, 200, 200, 200, 200.0, 0.0, 40000.0
0, 0, 0, 0, 0, 0, 0, 0, 0, 0, 0, 0, 0, 0, 0, 0, 0, 0, 0, 0, 0, 0, 0, 0, 0, 0, 0
0, 0, 2, 395, 195, 200, 197.5, 6.25, 39012.5, 0, 0, 0, 0, 0, 0, 0, 0, 0, 0, 0, 2, 395, 195, 200, 197.5, 6.25, 39012.5
6, 312, 1, 1391, 1391, 1391, 1391.0, 0.0, 1934881.0, 0, 0, 15, 168959, 2948, 27564, 11263.933333333332, 79102376.59555554, 205978570.73333332, 6, 312, 16, 170350, 1391, 27564, 10646.875, 79593605.2154006, 193225840.125
0, 0, 0, 0, 0, 0, 0, 0, 0, 0, 0, 0, 0, 0, 0, 0, 0, 0, 0, 0, 0, 0, 0, 0, 0, 0, 0
0, 0, 1, 195, 195, 195, 195.0, 0.0, 38025.0, 0, 0, 0, 0, 0, 0, 0, 0, 0, 0, 0, 1, 195, 195, 195, 195.0, 0.0, 38025.0
17, 884, 1, 1412, 1412, 1412, 1412.0, 0.0, 1993744.0, 1, 52, 50, 533109, 1500, 20324, 10662.18, 48172935.26759999, 161855017.62, 18, 936, 51, 534521, 1412, 20324, 10480.803921568628, 48534773.9639251, 158720482.84313726
0, 0, 1, 195, 195, 195, 195.0, 0.0, 38025.0, 0, 0, 0, 0, 0, 0, 0, 0, 0, 0, 0, 1, 195, 195, 195, 195.0, 0.0, 38025.0
0, 0, 0, 0, 0, 0, 0, 0, 0, 0, 0, 0, 0, 0, 0, 0, 0, 0, 0, 0, 0, 0, 0, 0, 0, 0, 0
0, 0, 0, 0, 0, 0, 0, 0, 0, 0, 0, 0, 0, 0, 0, 0, 0, 0, 0, 0, 0, 0, 0, 0, 0, 0, 0
0, 0, 0, 0, 0, 0, 0, 0, 0, 0, 0, 0, 0, 0, 0, 0, 0, 0, 0, 0, 0, 0, 0, 0, 0, 0, 0
0, 0, 0, 0, 0, 0, 0, 0, 0, 0, 0, 0, 0, 0, 0, 0, 0, 0, 0, 0, 0, 0, 0, 0, 0, 0, 0
0, 0, 0, 0, 0, 0, 0, 0, 0, 0, 0, 0, 0, 0, 0, 0, 0, 0, 0, 0, 0, 0, 0, 0, 0, 0, 0
0, 0, 0, 0, 0, 0, 0, 0, 0, 0, 0, 0, 0, 0, 0, 0, 0, 0, 0, 0, 0, 0, 0, 0, 0, 0, 0
0, 0, 0, 0, 0, 0, 0, 0, 0, 0, 0, 0, 0, 0, 0, 0, 0, 0, 0, 0, 0, 0, 0, 0, 0, 0, 0
1, 52, 2, 814, 91, 723, 407.0, 99856.0, 265505.0, 2, 104, 1, 91, 91, 91, 91.0, 0.0, 8281.0, 3, 156, 3, 905, 91, 723, 301.6666666666667, 74892.0, 179763.66666666666
3, 156, 1, 91, 91, 91, 91.0, 0.0, 8281.0, 1, 52, 3, 299, 83, 125, 99.66666666666667, 331.55555555555554, 10265.0, 4, 208, 4, 390, 83, 125, 97.5, 293.38775510204084, 9769.0
0, 0, 0, 0, 0, 0, 0, 0, 0, 0, 0, 0, 0, 0, 0, 0, 0, 0, 0, 0, 0, 0, 0, 0, 0, 0, 0
0, 0, 0, 0, 0, 0, 0, 0, 0, 0, 0, 0, 0, 0, 0, 0, 0, 0, 0, 0, 0, 0, 0, 0, 0, 0, 0
0, 0, 0, 0, 0, 0, 0, 0, 0, 0, 0, 0, 0, 0, 0, 0, 0, 0, 0, 0, 0, 0, 0, 0, 0, 0, 0
1, 60, 0, 0, 0, 0, 0, 0, 0, 1, 60, 0, 0, 0, 0, 0, 0, 0, 2, 120, 0, 0, 0, 0, 0, 0, 0
1, 52, 1, 93, 93, 93, 93.0, 0.0, 8649.0, 1, 52, 1, 76, 76, 76, 76.0, 0.0, 5776.0, 2, 104, 2, 169, 76, 93, 84.5, 64.22222222222223, 7212.5
0, 0, 1, 1132, 1132, 1132, 1132.0, 0.0, 1281424.0, 1, 52, 0, 0, 0, 0, 0, 0, 0, 1, 52, 1, 1132, 1132, 1132, 1132.0, 0.0, 1281424.0
24, 1248, 2, 1844, 432, 1412, 922.0, 240100.0, 1090184.0, 2, 104, 56, 493401, 100, 23220, 8810.732142857143, 56715756.124681115, 134344757.01785713, 26, 1352, 58, 495245, 100, 23220, 8538.706896551725, 56797592.04678364, 129749771.7413793
0, 0, 0, 0, 0, 0, 0, 0, 0, 1, 52, 0, 0, 0, 0, 0, 0, 0, 1, 52, 0, 0, 0, 0, 0, 0, 0
2, 112, 1, 96, 96, 96, 96.0, 0.0, 9216.0, 1, 60, 3, 252, 68, 96, 84.0, 138.66666666666666, 7194.666666666667, 3, 172, 4, 348, 68, 96, 87.0, 136.48979591836735, 7700.0
2, 104, 2, 189, 93, 96, 94.5, 2.25, 8932.5, 2, 104, 3, 283, 75, 120, 94.33333333333333, 357.5555555555556, 9256.333333333334, 4, 208, 5, 472, 75, 120, 94.4, 268.734375, 9126.8
2, 104, 1, 1132, 1132, 1132, 1132.0, 0.0, 1281424.0, 3, 156, 1, 700, 700, 700, 700.0, 0.0, 490000.0, 5, 260, 2, 1832, 700, 1132, 916.0, 41472.0, 885712.0
1, 52, 1, 900, 900, 900, 900.0, 0.0, 810000.0, 2, 104, 1, 324, 324, 324, 324.0, 0.0, 104976.0, 3, 156, 2, 1224, 324, 900, 612.0, 73728.0, 457488.0
12, 624, 4, 2008, 68, 1391, 502.0, 287383.5, 539387.5, 2, 104, 21, 166200, 68, 26116, 7914.285714285715, 76268999.25170068, 138904917.6190476, 14, 728, 25, 168208, 68, 26116, 6728.32, 74024025.36672969, 116766432.8
1, 52, 2, 208, 104, 104, 104.0, 0.0, 10816.0, 1, 52, 2, 256, 104, 152, 128.0, 576.0, 16960.0, 2, 104, 4, 464, 104, 152, 116.0, 512.0, 13888.0
1, 52, 0, 0, 0, 0, 0, 0, 0, 1, 52, 1, 136, 136, 136, 136.0, 0.0, 18496.0, 2, 104, 1, 136, 136, 136, 136.0, 0.0, 18496.0
0, 0, 1, 68, 68, 68, 68.0, 0.0, 4624.0, 1, 52, 0, 0, 0, 0, 0, 0, 0, 1, 52, 1, 68, 68, 68, 68.0, 0.0, 4624.0
0, 0, 0, 0, 0, 0, 0, 0, 0, 0, 0, 0, 0, 0, 0, 0, 0, 0, 0, 0, 0, 0, 0, 0, 0, 0, 0
0, 0, 0, 0, 0, 0, 0, 0, 0, 0, 0, 0, 0, 0, 0, 0, 0, 0, 0, 0, 0, 0, 0, 0, 0, 0, 0
0, 0, 0, 0, 0, 0, 0, 0, 0, 0, 0, 0, 0, 0, 0, 0, 0, 0, 0, 0, 0, 0, 0, 0, 0, 0, 0
24, 1248, 1, 1412, 1412, 1412, 1412.0, 0.0, 1993744.0, 1, 52, 46, 532640, 1500, 23220, 11579.130434782608, 54771651.41776936, 188847913.04347825, 25, 1300, 47, 534052, 1412, 23220, 11362.808510638299, 55282268.39264655, 184872292.42553192
0, 0, 1, 68, 68, 68, 68.0, 0.0, 4624.0, 0, 0, 0, 0, 0, 0, 0, 0, 0, 0, 0, 1, 68, 68, 68, 68.0, 0.0, 4624.0
0, 0, 1, 195, 195, 195, 195.0, 0.0, 38025.0, 0, 0, 0, 0, 0, 0, 0, 0, 0, 0, 0, 1, 195, 195, 195, 195.0, 0.0, 38025.0
0, 0, 1, 195, 195, 195, 195.0, 0.0, 38025.0, 0, 0, 0, 0, 0, 0, 0, 0, 0, 0, 0, 1, 195, 195, 195, 195.0, 0.0, 38025.0
0, 0, 0, 0, 0, 0, 0, 0, 0, 0, 0, 0, 0, 0, 0, 0, 0, 0, 0, 0, 0, 0, 0, 0, 0, 0, 0
0, 0, 1, 195, 195, 195, 195.0, 0.0, 38025.0, 0, 0, 0, 0, 0, 0, 0, 0, 0, 0, 0, 1, 195, 195, 195, 195.0, 0.0, 38025.0
0, 0, 1, 195, 195, 195, 195.0, 0.0, 38025.0, 0, 0, 0, 0, 0, 0, 0, 0, 0, 0, 0, 1, 195, 195, 195, 195.0, 0.0, 38025.0
0, 0, 1, 195, 195, 195, 195.0, 0.0, 38025.0, 0, 0, 0, 0, 0, 0, 0, 0, 0, 0, 0, 1, 195, 195, 195, 195.0, 0.0, 38025.0
0, 0, 0, 0, 0, 0, 0, 0, 0, 0, 0, 0, 0, 0, 0, 0, 0, 0, 0, 0, 0, 0, 0, 0, 0, 0, 0
0, 0, 1, 195, 195, 195, 195.0, 0.0, 38025.0, 0, 0, 0, 0, 0, 0, 0, 0, 0, 0, 0, 1, 195, 195, 195, 195.0, 0.0, 38025.0
0, 0, 1, 195, 195, 195, 195.0, 0.0, 38025.0, 0, 0, 0, 0, 0, 0, 0, 0, 0, 0, 0, 1, 195, 195, 195, 195.0, 0.0, 38025.0
0, 0, 1, 195, 195, 195, 195.0, 0.0, 38025.0, 0, 0, 0, 0, 0, 0, 0, 0, 0, 0, 0, 1, 195, 195, 195, 195.0, 0.0, 38025.0
0, 0, 0, 0, 0, 0, 0, 0, 0, 0, 0, 0, 0, 0, 0, 0, 0, 0, 0, 0, 0, 0, 0, 0, 0, 0, 0
0, 0, 0, 0, 0, 0, 0, 0, 0, 0, 0, 0, 0, 0, 0, 0, 0, 0, 0, 0, 0, 0, 0, 0, 0, 0, 0
0, 0, 0, 0, 0, 0, 0, 0, 0, 0, 0, 0, 0, 0, 0, 0, 0, 0, 0, 0, 0, 0, 0, 0, 0, 0, 0
0, 0, 0, 0, 0, 0, 0, 0, 0, 0, 0, 0, 0, 0, 0, 0, 0, 0, 0, 0, 0, 0, 0, 0, 0, 0, 0
22, 1144, 1, 1412, 1412, 1412, 1412.0, 0.0, 1993744.0, 1, 52, 43, 523020, 1500, 20324, 12163.255813953489, 43614918.8880476, 191559710.88372093, 23, 1196, 44, 524432, 1412, 20324, 11918.90909090909, 44426941.505615, 187251393.45454547
0, 0, 0, 0, 0, 0, 0, 0, 0, 0, 0, 0, 0, 0, 0, 0, 0, 0, 0, 0, 0, 0, 0, 0, 0, 0, 0
