addr1_packet_ctrl, addr1_bytes_ctrl, addr1_packet, addr1_bytes, addr1_pkt_len_min, addr1_pkt_len_max, addr1_pkt_len_avg,addr1_pkt_len_var, addr1_pkt_len_mom2, addr2_packet_ctrl, addr2_bytes_ctrl, addr2_packet, addr2_bytes, addr2_pkt_len_min, addr2_pkt_len_max, addr2_pkt_len_avg,addr2_pkt_len_var, addr2_pkt_len_mom2, addra_packet_ctrl, addra_bytes_ctrl, addra_packet, addra_bytes, addra_pkt_len_min, addra_pkt_len_max, addra_pkt_len_avg,addra_pkt_len_var, addra_pkt_len_mom2 
21, 1108, 17, 3838, 83, 610, 225.76470588235293, 34769.9446366782, 85739.64705882352, 17, 900, 25, 51054, 83, 5724, 2042.16, 3758062.3744000006, 7928479.84, 38, 2008, 42, 54892, 83, 5724, 1306.952380952381, 3438073.06883493, 4754037.380952381
14, 744, 10, 2308, 83, 569, 230.8, 38605.96000000001, 91874.6, 12, 640, 13, 9866, 83, 3834, 758.9230769230769, 1256259.9171597632, 1832224.1538461538, 26, 1384, 23, 12174, 83, 3834, 529.304347826087, 973977.6728395062, 1075550.4347826086
31, 1636, 11, 3614, 83, 569, 328.54545454545456, 42333.15702479339, 150275.27272727274, 12, 648, 27, 56663, 287, 5724, 2098.6296296296296, 2785993.9368998627, 7190240.259259259, 43, 2284, 38, 60277, 83, 5724, 1586.2368421052631, 2762183.79408284, 5152355.657894737
0, 0, 2, 291, 91, 200, 145.5, 2970.25, 24140.5, 1, 52, 0, 0, 0, 0, 0, 0, 0, 1, 52, 2, 291, 91, 200, 145.5, 2970.25, 24140.5
10, 508, 2, 159, 68, 91, 79.5, 132.25, 6452.5, 1, 52, 9, 25118, 91, 5724, 2790.8888888888887, 3531284.765432099, 11320345.555555556, 11, 560, 11, 25277, 68, 5724, 2297.909090909091, 3839816.1875, 9263274.090909092
0, 0, 2, 400, 200, 200, 200.0, 0.0, 40000.0, 0, 0, 0, 0, 0, 0, 0, 0, 0, 0, 0, 2, 400, 200, 200, 200.0, 0.0, 40000.0
1, 40, 0, 0, 0, 0, 0, 0, 0, 0, 0, 0, 0, 0, 0, 0, 0, 0, 1, 40, 0, 0, 0, 0, 0, 0, 0
48, 2496, 11, 7122, 68, 1492, 647.4545454545455, 388069.33884297515, 807266.7272727273, 8, 416, 52, 207458, 83, 14532, 3989.576923076923, 5204307.474852071, 21121031.5, 56, 2912, 63, 214580, 68, 14532, 3406.031746031746, 5709841.641285445, 17574183.682539683
27, 1404, 7, 5569, 91, 1471, 795.5714285714286, 347911.67346938775, 980845.5714285715, 5, 260, 29, 342197, 83, 15980, 11799.896551724138, 34313162.43757431, 173550721.06896552, 32, 1664, 36, 347766, 83, 15980, 9660.166666666666, 42291967.28899408, 139995467.5
14, 728, 1, 68, 68, 68, 68.0, 0.0, 4624.0, 0, 0, 15, 156814, 2948, 23220, 10454.266666666666, 50109117.262222216, 159400808.8, 14, 728, 16, 156882, 68, 23220, 9805.125, 51860265.46514048, 149438547.25
4, 224, 5, 1802, 82, 569, 360.4, 51973.04, 181861.2, 5, 276, 2, 252, 125, 127, 126.0, 1.0, 15877.0, 9, 500, 7, 2054, 82, 569, 293.42857142857144, 42440.61728395062, 134437.14285714287
8, 416, 13, 2602, 83, 900, 200.15384615384616, 50131.5147928994, 90193.07692307692, 11, 572, 18, 21404, 83, 5299, 1189.111111111111, 2365937.8765432094, 3779923.111111111, 19, 988, 31, 24006, 83, 5299, 774.3870967741935, 1942177.9500208246, 2232616.9677419355
0, 0, 4, 469, 68, 185, 117.25, 1941.1875, 15688.75, 3, 156, 1, 131, 131, 131, 131.0, 0.0, 17161.0, 3, 156, 5, 600, 68, 185, 120.0, 1336.138888888889, 15983.2
2, 104, 2, 291, 91, 200, 145.5, 2970.25, 24140.5, 1, 52, 4, 529, 83, 184, 132.25, 2076.6875, 19566.75, 3, 156, 6, 820, 83, 200, 136.66666666666666, 2283.49, 21091.333333333332
0, 0, 0, 0, 0, 0, 0, 0, 0, 0, 0, 0, 0, 0, 0, 0, 0, 0, 0, 0, 0, 0, 0, 0, 0, 0, 0
0, 0, 1, 68, 68, 68, 68.0, 0.0, 4624.0, 0, 0, 0, 0, 0, 0, 0, 0, 0, 0, 0, 1, 68, 68, 68, 68.0, 0.0, 4624.0
0, 0, 3, 397, 87, 219, 132.33333333333334, 3758.222222222222, 21270.333333333332, 1, 52, 1, 160, 160, 160, 160.0, 0.0, 25600.0, 1, 52, 4, 557, 87, 219, 139.25, 2438.64, 22352.75
1, 52, 4, 1190, 91, 728, 297.5, 65095.25, 153601.5, 4, 208, 3, 336, 83, 131, 112.0, 434.0, 12978.0, 5, 260, 7, 1526, 83, 728, 218.0, 34556.95999999999, 93334.28571428571
1, 52, 1, 91, 91, 91, 91.0, 0.0, 8281.0, 1, 52, 3, 306, 83, 132, 102.0, 460.6666666666667, 10864.666666666666, 2, 104, 4, 397, 83, 132, 99.25, 409.6734693877552, 10218.75
0, 0, 0, 0, 0, 0, 0, 0, 0, 0, 0, 0, 0, 0, 0, 0, 0, 0, 0, 0, 0, 0, 0, 0, 0, 0, 0
21, 1092, 1, 1363, 1363, 1363, 1363.0, 0.0, 1857769.0, 1, 52, 21, 204913, 2948, 20324, 9757.761904761905, 41746434.657596365, 136960352.04761904, 22, 1144, 22, 206276, 1363, 20324, 9376.181818181818, 42376358.109248236, 130819325.54545455
0, 0, 0, 0, 0, 0, 0, 0, 0, 0, 0, 0, 0, 0, 0, 0, 0, 0, 0, 0, 0, 0, 0, 0, 0, 0, 0
0, 0, 0, 0, 0, 0, 0, 0, 0, 0, 0, 0, 0, 0, 0, 0, 0, 0, 0, 0, 0, 0, 0, 0, 0, 0, 0
0, 0, 0, 0, 0, 0, 0, 0, 0, 0, 0, 0, 0, 0, 0, 0, 0, 0, 0, 0, 0, 0, 0, 0, 0, 0, 0
0, 0, 0, 0, 0, 0, 0, 0, 0, 0, 0, 0, 0, 0, 0, 0, 0, 0, 0, 0, 0, 0, 0, 0, 0, 0, 0
3, 164, 9, 1664, 73, 569, 184.88888888888889, 24353.20987654321, 58537.11111111111, 6, 320, 5, 3690, 83, 2715, 738.0, 1018296.0, 1562940.0, 9, 484, 14, 5354, 73, 2715, 382.42857142857144, 623752.1052631579, 595823.8571428572
3, 156, 6, 1034, 87, 531, 172.33333333333334, 26179.55555555556, 55878.333333333336, 7, 364, 6, 1592, 83, 853, 265.3333333333333, 81403.22222222223, 151805.0, 10, 520, 12, 2626, 83, 853, 218.83333333333334, 64917.333333333336, 103841.66666666667
0, 0, 0, 0, 0, 0, 0, 0, 0, 0, 0, 0, 0, 0, 0, 0, 0, 0, 0, 0, 0, 0, 0, 0, 0, 0, 0
0, 0, 0, 0, 0, 0, 0, 0, 0, 0, 0, 0, 0, 0, 0, 0, 0, 0, 0, 0, 0, 0, 0, 0, 0, 0, 0
6, 312, 1, 1471, 1471, 1471, 1471.0, 0.0, 2163841.0, 1, 52, 8, 89724, 1500, 24668, 11215.5, 83517445.75, 209304886.0, 7, 364, 9, 91195, 1471, 24668, 10132.777777777777, 83861694.56055363, 186289214.33333334
1, 52, 3, 2985, 91, 1686, 995.0, 446688.6666666667, 1436713.6666666667, 4, 208, 3, 298, 83, 124, 99.33333333333333, 314.88888888888886, 10182.0, 5, 260, 6, 3283, 83, 1686, 547.1666666666666, 327376.98765432095, 723447.8333333334
1, 52, 2, 821, 91, 730, 410.5, 102080.25, 270590.5, 2, 104, 3, 298, 83, 124, 99.33333333333333, 314.88888888888886, 10182.0, 3, 156, 5, 1119, 83, 730, 223.8, 43910.859375, 114345.4
0, 0, 0, 0, 0, 0, 0, 0, 0, 0, 0, 0, 0, 0, 0, 0, 0, 0, 0, 0, 0, 0, 0, 0, 0, 0, 0
0, 0, 0, 0, 0, 0, 0, 0, 0, 0, 0, 0, 0, 0, 0, 0, 0, 0, 0, 0, 0, 0, 0, 0, 0, 0, 0
0, 0, 0, 0, 0, 0, 0, 0, 0, 0, 0, 0, 0, 0, 0, 0, 0, 0, 0, 0, 0, 0, 0, 0, 0, 0, 0
0, 0, 0, 0, 0, 0, 0, 0, 0, 0, 0, 0, 0, 0, 0, 0, 0, 0, 0, 0, 0, 0, 0, 0, 0, 0, 0
21, 1092, 2, 2836, 1364, 1472, 1418.0, 2916.0, 2013640.0, 1, 52, 43, 411313, 1500, 29012, 9565.418604651162, 73122986.66197945, 164620219.74418604, 22, 1144, 45, 414149, 1364, 29012, 9203.31111111111, 72935525.5965909, 157393260.64444444
0, 0, 0, 0, 0, 0, 0, 0, 0, 0, 0, 0, 0, 0, 0, 0, 0, 0, 0, 0, 0, 0, 0, 0, 0, 0, 0
0, 0, 0, 0, 0, 0, 0, 0, 0, 0, 0, 0, 0, 0, 0, 0, 0, 0, 0, 0, 0, 0, 0, 0, 0, 0, 0
0, 0, 0, 0, 0, 0, 0, 0, 0, 0, 0, 0, 0, 0, 0, 0, 0, 0, 0, 0, 0, 0, 0, 0, 0, 0, 0
0, 0, 0, 0, 0, 0, 0, 0, 0, 0, 0, 0, 0, 0, 0, 0, 0, 0, 0, 0, 0, 0, 0, 0, 0, 0, 0
0, 0, 0, 0, 0, 0, 0, 0, 0, 0, 0, 0, 0, 0, 0, 0, 0, 0, 0, 0, 0, 0, 0, 0, 0, 0, 0
1, 52, 2, 540, 91, 449, 270.0, 32041.0, 104941.0, 2, 104, 3, 296, 83, 122, 98.66666666666667, 282.88888888888886, 10018.0, 3, 156, 5, 836, 83, 449, 167.2, 13726.5, 47987.2
0, 0, 0, 0, 0, 0, 0, 0, 0, 0, 0, 0, 0, 0, 0, 0, 0, 0, 0, 0, 0, 0, 0, 0, 0, 0, 0
0, 0, 12, 23112, 199, 4156, 1926.0, 1765046.0, 5474522.0, 20, 1040, 0, 0, 0, 0, 0, 0, 0, 20, 1040, 12, 23112, 199, 4156, 1926.0, 1765046.0, 5474522.0
2, 104, 1, 91, 91, 91, 91.0, 0.0, 8281.0, 1, 52, 4, 462, 83, 174, 115.5, 1270.25, 14610.5, 3, 156, 5, 553, 83, 174, 110.6, 1188.395061728395, 13344.6
3, 156, 1, 1472, 1472, 1472, 1472.0, 0.0, 2166784.0, 1, 52, 7, 79191, 2948, 18063, 11313.0, 52523121.428571425, 180507090.42857143, 4, 208, 8, 80663, 1472, 18063, 10082.875, 55047508.59555556, 158214552.125
0, 0, 0, 0, 0, 0, 0, 0, 0, 0, 0, 0, 0, 0, 0, 0, 0, 0, 0, 0, 0, 0, 0, 0, 0, 0, 0
0, 0, 0, 0, 0, 0, 0, 0, 0, 0, 0, 0, 0, 0, 0, 0, 0, 0, 0, 0, 0, 0, 0, 0, 0, 0, 0
0, 0, 0, 0, 0, 0, 0, 0, 0, 0, 0, 0, 0, 0, 0, 0, 0, 0, 0, 0, 0, 0, 0, 0, 0, 0, 0
0, 0, 0, 0, 0, 0, 0, 0, 0, 0, 0, 0, 0, 0, 0, 0, 0, 0, 0, 0, 0, 0, 0, 0, 0, 0, 0
0, 0, 0, 0, 0, 0, 0, 0, 0, 0, 0, 0, 0, 0, 0, 0, 0, 0, 0, 0, 0, 0, 0, 0, 0, 0, 0
2, 104, 1, 1472, 1472, 1472, 1472.0, 0.0, 2166784.0, 0, 0, 9, 79832, 2948, 26116, 8870.222222222223, 73930891.0617284, 152611733.33333334, 2, 104, 10, 81304, 1472, 26116, 8130.4, 72768895.29085872, 137567238.4
0, 0, 1, 200, 200, 200, 200.0, 0.0, 40000.0, 0, 0, 0, 0, 0, 0, 0, 0, 0, 0, 0, 1, 200, 200, 200, 200.0, 0.0, 40000.0
0, 0, 0, 0, 0, 0, 0, 0, 0, 0, 0, 0, 0, 0, 0, 0, 0, 0, 0, 0, 0, 0, 0, 0, 0, 0, 0
0, 0, 0, 0, 0, 0, 0, 0, 0, 0, 0, 0, 0, 0, 0, 0, 0, 0, 0, 0, 0, 0, 0, 0, 0, 0, 0
0, 0, 1, 200, 200, 200, 200.0, 0.0, 40000.0, 0, 0, 0, 0, 0, 0, 0, 0, 0, 0, 0, 1, 200, 200, 200, 200.0, 0.0, 40000.0
0, 0, 0, 0, 0, 0, 0, 0, 0, 0, 0, 0, 0, 0, 0, 0, 0, 0, 0, 0, 0, 0, 0, 0, 0, 0, 0
0, 0, 0, 0, 0, 0, 0, 0, 0, 0, 0, 0, 0, 0, 0, 0, 0, 0, 0, 0, 0, 0, 0, 0, 0, 0, 0
3, 156, 2, 1672, 200, 1472, 836.0, 404496.0, 1103392.0, 0, 0, 7, 80132, 2948, 23220, 11447.42857142857, 75413373.3877551, 206456994.2857143, 3, 156, 9, 81804, 200, 23220, 9089.333333333334, 78353153.0, 160822860.44444445
0, 0, 0, 0, 0, 0, 0, 0, 0, 0, 0, 0, 0, 0, 0, 0, 0, 0, 0, 0, 0, 0, 0, 0, 0, 0, 0
0, 0, 0, 0, 0, 0, 0, 0, 0, 0, 0, 0, 0, 0, 0, 0, 0, 0, 0, 0, 0, 0, 0, 0, 0, 0, 0
29, 1508, 2, 1565, 200, 1365, 782.5, 339306.25, 951612.5, 0, 0, 54, 482862, 2948, 20324, 8941.888888888889, 37041695.469135806, 116999072.37037037, 29, 1508, 56, 484427, 200, 20324, 8650.482142857143, 37562836.77595041, 112854520.23214285
0, 0, 0, 0, 0, 0, 0, 0, 0, 0, 0, 0, 0, 0, 0, 0, 0, 0, 0, 0, 0, 0, 0, 0, 0, 0, 0
0, 0, 0, 0, 0, 0, 0, 0, 0, 0, 0, 0, 0, 0, 0, 0, 0, 0, 0, 0, 0, 0, 0, 0, 0, 0, 0
0, 0, 0, 0, 0, 0, 0, 0, 0, 0, 0, 0, 0, 0, 0, 0, 0, 0, 0, 0, 0, 0, 0, 0, 0, 0, 0
0, 0, 0, 0, 0, 0, 0, 0, 0, 0, 0, 0, 0, 0, 0, 0, 0, 0, 0, 0, 0, 0, 0, 0, 0, 0, 0
0, 0, 0, 0, 0, 0, 0, 0, 0, 0, 0, 0, 0, 0, 0, 0, 0, 0, 0, 0, 0, 0, 0, 0, 0, 0, 0
7, 364, 1, 1472, 1472, 1472, 1472.0, 0.0, 2166784.0, 0, 0, 9, 81820, 2948, 20324, 9091.111111111111, 42369428.54320988, 125017729.77777778, 7, 364, 10, 83292, 1472, 20324, 8329.2, 43033961.04155125, 112732635.2
0, 0, 1, 451, 451, 451, 451.0, 0.0, 203401.0, 1, 52, 0, 0, 0, 0, 0, 0, 0, 1, 52, 1, 451, 451, 451, 451.0, 0.0, 203401.0
1, 52, 2, 286, 91, 195, 143.0, 2704.0, 23153.0, 1, 52, 3, 296, 83, 122, 98.66666666666667, 282.88888888888886, 10018.0, 2, 104, 5, 582, 83, 195, 116.4, 1256.6875, 15272.0
0, 0, 0, 0, 0, 0, 0, 0, 0, 0, 0, 0, 0, 0, 0, 0, 0, 0, 0, 0, 0, 0, 0, 0, 0, 0, 0
0, 0, 0, 0, 0, 0, 0, 0, 0, 0, 0, 0, 0, 0, 0, 0, 0, 0, 0, 0, 0, 0, 0, 0, 0, 0, 0
0, 0, 1, 195, 195, 195, 195.0, 0.0, 38025.0, 0, 0, 0, 0, 0, 0, 0, 0, 0, 0, 0, 1, 195, 195, 195, 195.0, 0.0, 38025.0
0, 0, 0, 0, 0, 0, 0, 0, 0, 0, 0, 0, 0, 0, 0, 0, 0, 0, 0, 0, 0, 0, 0, 0, 0, 0, 0
7, 364, 2, 1667, 195, 1472, 833.5, 407682.25, 1102404.5, 0, 0, 7, 80140, 1636, 17428, 11448.57142857143, 48995965.387755096, 180065753.14285713, 7, 364, 9, 81807, 195, 17428, 9089.666666666666, 55246776.71484375, 140296120.1111111
0, 0, 0, 0, 0, 0, 0, 0, 0, 0, 0, 0, 0, 0, 0, 0, 0, 0, 0, 0, 0, 0, 0, 0, 0, 0, 0
0, 0, 0, 0, 0, 0, 0, 0, 0, 0, 0, 0, 0, 0, 0, 0, 0, 0, 0, 0, 0, 0, 0, 0, 0, 0, 0
0, 0, 1, 195, 195, 195, 195.0, 0.0, 38025.0, 0, 0, 0, 0, 0, 0, 0, 0, 0, 0, 0, 1, 195, 195, 195, 195.0, 0.0, 38025.0
0, 0, 0, 0, 0, 0, 0, 0, 0, 0, 0, 0, 0, 0, 0, 0, 0, 0, 0, 0, 0, 0, 0, 0, 0, 0, 0
0, 0, 0, 0, 0, 0, 0, 0, 0, 0, 0, 0, 0, 0, 0, 0, 0, 0, 0, 0, 0, 0, 0, 0, 0, 0, 0
0, 0, 0, 0, 0, 0, 0, 0, 0, 0, 0, 0, 0, 0, 0, 0, 0, 0, 0, 0, 0, 0, 0, 0, 0, 0, 0
7, 364, 2, 1673, 200, 1473, 836.5, 405132.25, 1104864.5, 0, 0, 8, 78945, 1500, 26116, 9868.125, 74430662.109375, 171810553.125, 7, 364, 10, 80618, 200, 26116, 8061.8, 74261924.23765433, 137669415.4
0, 0, 0, 0, 0, 0, 0, 0, 0, 0, 0, 0, 0, 0, 0, 0, 0, 0, 0, 0, 0, 0, 0, 0, 0, 0, 0
0, 0, 1, 200, 200, 200, 200.0, 0.0, 40000.0, 0, 0, 0, 0, 0, 0, 0, 0, 0, 0, 0, 1, 200, 200, 200, 200.0, 0.0, 40000.0
0, 0, 0, 0, 0, 0, 0, 0, 0, 0, 0, 0, 0, 0, 0, 0, 0, 0, 0, 0, 0, 0, 0, 0, 0, 0, 0
0, 0, 0, 0, 0, 0, 0, 0, 0, 0, 0, 0, 0, 0, 0, 0, 0, 0, 0, 0, 0, 0, 0, 0, 0, 0, 0
0, 0, 1, 200, 200, 200, 200.0, 0.0, 40000.0, 0, 0, 0, 0, 0, 0, 0, 0, 0, 0, 0, 1, 200, 200, 200, 200.0, 0.0, 40000.0
4, 208, 1, 1474, 1474, 1474, 1474.0, 0.0, 2172676.0, 0, 0, 8, 78468, 2948, 26116, 9808.5, 83473189.75, 179679862.0, 4, 208, 9, 79942, 1474, 26116, 8882.444444444445, 82408753.82698962, 159956841.33333334
0, 0, 0, 0, 0, 0, 0, 0, 0, 0, 0, 0, 0, 0, 0, 0, 0, 0, 0, 0, 0, 0, 0, 0, 0, 0, 0
0, 0, 1, 200, 200, 200, 200.0, 0.0, 40000.0, 0, 0, 0, 0, 0, 0, 0, 0, 0, 0, 0, 1, 200, 200, 200, 200.0, 0.0, 40000.0
0, 0, 0, 0, 0, 0, 0, 0, 0, 0, 0, 0, 0, 0, 0, 0, 0, 0, 0, 0, 0, 0, 0, 0, 0, 0, 0
0, 0, 0, 0, 0, 0, 0, 0, 0, 0, 0, 0, 0, 0, 0, 0, 0, 0, 0, 0, 0, 0, 0, 0, 0, 0, 0
0, 0, 0, 0, 0, 0, 0, 0, 0, 0, 0, 0, 0, 0, 0, 0, 0, 0, 0, 0, 0, 0, 0, 0, 0, 0, 0
0, 0, 0, 0, 0, 0, 0, 0, 0, 0, 0, 0, 0, 0, 0, 0, 0, 0, 0, 0, 0, 0, 0, 0, 0, 0, 0
0, 0, 0, 0, 0, 0, 0, 0, 0, 0, 0, 0, 0, 0, 0, 0, 0, 0, 0, 0, 0, 0, 0, 0, 0, 0, 0
0, 0, 0, 0, 0, 0, 0, 0, 0, 0, 0, 0, 0, 0, 0, 0, 0, 0, 0, 0, 0, 0, 0, 0, 0, 0, 0
0, 0, 1, 455, 455, 455, 455.0, 0.0, 207025.0, 1, 52, 0, 0, 0, 0, 0, 0, 0, 1, 52, 1, 455, 455, 455, 455.0, 0.0, 207025.0
5, 260, 3, 1633, 68, 1474, 544.3333333333334, 432228.22222222225, 728527.0, 1, 52, 12, 79815, 83, 20324, 6651.25, 54008740.6875, 98247867.25, 6, 312, 15, 81448, 68, 20324, 5429.866666666667, 51739195.46776406, 78743999.2
0, 0, 0, 0, 0, 0, 0, 0, 0, 0, 0, 0, 0, 0, 0, 0, 0, 0, 0, 0, 0, 0, 0, 0, 0, 0, 0
0, 0, 0, 0, 0, 0, 0, 0, 0, 0, 0, 0, 0, 0, 0, 0, 0, 0, 0, 0, 0, 0, 0, 0, 0, 0, 0
0, 0, 1, 68, 68, 68, 68.0, 0.0, 4624.0, 0, 0, 0, 0, 0, 0, 0, 0, 0, 0, 0, 1, 68, 68, 68, 68.0, 0.0, 4624.0
0, 0, 0, 0, 0, 0, 0, 0, 0, 0, 0, 0, 0, 0, 0, 0, 0, 0, 0, 0, 0, 0, 0, 0, 0, 0, 0
0, 0, 0, 0, 0, 0, 0, 0, 0, 0, 0, 0, 0, 0, 0, 0, 0, 0, 0, 0, 0, 0, 0, 0, 0, 0, 0
28, 1456, 2, 2840, 1366, 1474, 1420.0, 2916.0, 2019316.0, 1, 52, 57, 566299, 1500, 23220, 9935.070175438597, 45702834.24068944, 144408453.63157895, 29, 1508, 59, 569139, 1366, 23220, 9646.42372881356, 46143461.67449466, 139581703.20338982
0, 0, 0, 0, 0, 0, 0, 0, 0, 0, 0, 0, 0, 0, 0, 0, 0, 0, 0, 0, 0, 0, 0, 0, 0, 0, 0
0, 0, 1, 68, 68, 68, 68.0, 0.0, 4624.0, 0, 0, 0, 0, 0, 0, 0, 0, 0, 0, 0, 1, 68, 68, 68, 68.0, 0.0, 4624.0
0, 0, 0, 0, 0, 0, 0, 0, 0, 0, 0, 0, 0, 0, 0, 0, 0, 0, 0, 0, 0, 0, 0, 0, 0, 0, 0
0, 0, 0, 0, 0, 0, 0, 0, 0, 0, 0, 0, 0, 0, 0, 0, 0, 0, 0, 0, 0, 0, 0, 0, 0, 0, 0
0, 0, 0, 0, 0, 0, 0, 0, 0, 0, 0, 0, 0, 0, 0, 0, 0, 0, 0, 0, 0, 0, 0, 0, 0, 0, 0
0, 0, 0, 0, 0, 0, 0, 0, 0, 0, 0, 0, 0, 0, 0, 0, 0, 0, 0, 0, 0, 0, 0, 0, 0, 0, 0
3, 168, 2, 1542, 68, 1474, 771.0, 494209.0, 1088650.0, 1, 52, 7, 79358, 1177, 26116, 11336.857142857143, 112065581.26530613, 240589911.14285713, 4, 220, 9, 80900, 68, 26116, 8988.888888888889, 110329493.484375, 187367408.66666666
0, 0, 0, 0, 0, 0, 0, 0, 0, 0, 0, 0, 0, 0, 0, 0, 0, 0, 0, 0, 0, 0, 0, 0, 0, 0, 0
0, 0, 1, 68, 68, 68, 68.0, 0.0, 4624.0, 0, 0, 0, 0, 0, 0, 0, 0, 0, 0, 0, 1, 68, 68, 68, 68.0, 0.0, 4624.0
1, 64, 1, 695, 695, 695, 695.0, 0.0, 483025.0, 1, 52, 4, 389, 83, 124, 97.25, 249.1875, 9706.75, 2, 116, 5, 1084, 83, 695, 216.8, 35510.88888888889, 104370.4
0, 0, 0, 0, 0, 0, 0, 0, 0, 0, 0, 0, 0, 0, 0, 0, 0, 0, 0, 0, 0, 0, 0, 0, 0, 0, 0
0, 0, 0, 0, 0, 0, 0, 0, 0, 0, 0, 0, 0, 0, 0, 0, 0, 0, 0, 0, 0, 0, 0, 0, 0, 0, 0
8, 416, 4, 2656, 91, 1474, 664.0, 318469.5, 759365.5, 3, 156, 8, 78805, 2948, 23220, 9850.625, 56573351.234375, 153608164.125, 11, 572, 12, 81461, 91, 23220, 6788.416666666667, 58825427.51000001, 102658564.58333333
3, 156, 1, 91, 91, 91, 91.0, 0.0, 8281.0, 1, 52, 3, 359, 91, 145, 119.66666666666667, 491.5555555555555, 14811.666666666666, 4, 208, 4, 450, 91, 145, 112.5, 521.9591836734695, 13179.0
0, 0, 1, 68, 68, 68, 68.0, 0.0, 4624.0, 0, 0, 0, 0, 0, 0, 0, 0, 0, 0, 0, 1, 68, 68, 68, 68.0, 0.0, 4624.0
0, 0, 0, 0, 0, 0, 0, 0, 0, 0, 0, 0, 0, 0, 0, 0, 0, 0, 0, 0, 0, 0, 0, 0, 0, 0, 0
0, 0, 0, 0, 0, 0, 0, 0, 0, 0, 0, 0, 0, 0, 0, 0, 0, 0, 0, 0, 0, 0, 0, 0, 0, 0, 0
0, 0, 0, 0, 0, 0, 0, 0, 0, 0, 0, 0, 0, 0, 0, 0, 0, 0, 0, 0, 0, 0, 0, 0, 0, 0, 0
0, 0, 0, 0, 0, 0, 0, 0, 0, 0, 0, 0, 0, 0, 0, 0, 0, 0, 0, 0, 0, 0, 0, 0, 0, 0, 0
0, 0, 0, 0, 0, 0, 0, 0, 0, 0, 0, 0, 0, 0, 0, 0, 0, 0, 0, 0, 0, 0, 0, 0, 0, 0, 0
8, 416, 1, 1474, 1474, 1474, 1474.0, 0.0, 2172676.0, 0, 0, 8, 78182, 2948, 23220, 9772.75, 46440375.9375, 141947018.5, 8, 416, 9, 79656, 1474, 23220, 8850.666666666666, 47521419.65397924, 126416536.0
2, 104, 0, 0, 0, 0, 0, 0, 0, 2, 104, 0, 0, 0, 0, 0, 0, 0, 4, 208, 0, 0, 0, 0, 0, 0, 0
0, 0, 0, 0, 0, 0, 0, 0, 0, 0, 0, 0, 0, 0, 0, 0, 0, 0, 0, 0, 0, 0, 0, 0, 0, 0, 0
0, 0, 0, 0, 0, 0, 0, 0, 0, 0, 0, 0, 0, 0, 0, 0, 0, 0, 0, 0, 0, 0, 0, 0, 0, 0, 0
0, 0, 0, 0, 0, 0, 0, 0, 0, 0, 0, 0, 0, 0, 0, 0, 0, 0, 0, 0, 0, 0, 0, 0, 0, 0, 0
0, 0, 0, 0, 0, 0, 0, 0, 0, 0, 0, 0, 0, 0, 0, 0, 0, 0, 0, 0, 0, 0, 0, 0, 0, 0, 0
0, 0, 0, 0, 0, 0, 0, 0, 0, 0, 0, 0, 0, 0, 0, 0, 0, 0, 0, 0, 0, 0, 0, 0, 0, 0, 0
1, 52, 0, 0, 0, 0, 0, 0, 0, 1, 52, 0, 0, 0, 0, 0, 0, 0, 2, 104, 0, 0, 0, 0, 0, 0, 0
0, 0, 0, 0, 0, 0, 0, 0, 0, 0, 0, 0, 0, 0, 0, 0, 0, 0, 0, 0, 0, 0, 0, 0, 0, 0, 0
8, 416, 1, 1474, 1474, 1474, 1474.0, 0.0, 2172676.0, 0, 0, 8, 79557, 2948, 20324, 9944.625, 49867801.734375, 148763368.125, 8, 416, 9, 81031, 1474, 20324, 9003.444444444445, 50906802.34602076, 132475513.44444445
0, 0, 0, 0, 0, 0, 0, 0, 0, 0, 0, 0, 0, 0, 0, 0, 0, 0, 0, 0, 0, 0, 0, 0, 0, 0, 0
0, 0, 0, 0, 0, 0, 0, 0, 0, 0, 0, 0, 0, 0, 0, 0, 0, 0, 0, 0, 0, 0, 0, 0, 0, 0, 0
2, 104, 0, 0, 0, 0, 0, 0, 0, 2, 104, 0, 0, 0, 0, 0, 0, 0, 4, 208, 0, 0, 0, 0, 0, 0, 0
0, 0, 0, 0, 0, 0, 0, 0, 0, 0, 0, 0, 0, 0, 0, 0, 0, 0, 0, 0, 0, 0, 0, 0, 0, 0, 0
0, 0, 0, 0, 0, 0, 0, 0, 0, 0, 0, 0, 0, 0, 0, 0, 0, 0, 0, 0, 0, 0, 0, 0, 0, 0, 0
0, 0, 0, 0, 0, 0, 0, 0, 0, 0, 0, 0, 0, 0, 0, 0, 0, 0, 0, 0, 0, 0, 0, 0, 0, 0, 0
7, 364, 1, 1474, 1474, 1474, 1474.0, 0.0, 2172676.0, 0, 0, 7, 78730, 2948, 23220, 11247.142857142857, 80414870.69387755, 206913093.14285713, 7, 364, 8, 80204, 1474, 23220, 10025.5, 80996992.64000002, 181320541.0
0, 0, 0, 0, 0, 0, 0, 0, 0, 0, 0, 0, 0, 0, 0, 0, 0, 0, 0, 0, 0, 0, 0, 0, 0, 0, 0
0, 0, 0, 0, 0, 0, 0, 0, 0, 0, 0, 0, 0, 0, 0, 0, 0, 0, 0, 0, 0, 0, 0, 0, 0, 0, 0
28, 1456, 1, 1366, 1366, 1366, 1366.0, 0.0, 1865956.0, 0, 0, 55, 482307, 1500, 24668, 8769.218181818182, 50955840.93421489, 127855028.45454545, 28, 1456, 56, 483673, 1366, 24668, 8637.017857142857, 50986093.510754004, 125605223.58928572
0, 0, 0, 0, 0, 0, 0, 0, 0, 0, 0, 0, 0, 0, 0, 0, 0, 0, 0, 0, 0, 0, 0, 0, 0, 0, 0
0, 0, 0, 0, 0, 0, 0, 0, 0, 0, 0, 0, 0, 0, 0, 0, 0, 0, 0, 0, 0, 0, 0, 0, 0, 0, 0
9, 468, 1, 1474, 1474, 1474, 1474.0, 0.0, 2172676.0, 0, 0, 9, 78444, 2948, 17428, 8716.0, 26493354.666666668, 102462010.66666667, 9, 468, 10, 79918, 1474, 17428, 7991.8, 27714031.71191136, 92433077.2
0, 0, 0, 0, 0, 0, 0, 0, 0, 0, 0, 0, 0, 0, 0, 0, 0, 0, 0, 0, 0, 0, 0, 0, 0, 0, 0
0, 0, 0, 0, 0, 0, 0, 0, 0, 0, 0, 0, 0, 0, 0, 0, 0, 0, 0, 0, 0, 0, 0, 0, 0, 0, 0
1, 52, 1, 195, 195, 195, 195.0, 0.0, 38025.0, 1, 52, 0, 0, 0, 0, 0, 0, 0, 2, 104, 1, 195, 195, 195, 195.0, 0.0, 38025.0
0, 0, 0, 0, 0, 0, 0, 0, 0, 0, 0, 0, 0, 0, 0, 0, 0, 0, 0, 0, 0, 0, 0, 0, 0, 0, 0
0, 0, 0, 0, 0, 0, 0, 0, 0, 0, 0, 0, 0, 0, 0, 0, 0, 0, 0, 0, 0, 0, 0, 0, 0, 0, 0
0, 0, 1, 195, 195, 195, 195.0, 0.0, 38025.0, 0, 0, 0, 0, 0, 0, 0, 0, 0, 0, 0, 1, 195, 195, 195, 195.0, 0.0, 38025.0
1, 52, 0, 0, 0, 0, 0, 0, 0, 1, 52, 0, 0, 0, 0, 0, 0, 0, 2, 104, 0, 0, 0, 0, 0, 0, 0
0, 0, 0, 0, 0, 0, 0, 0, 0, 0, 0, 0, 0, 0, 0, 0, 0, 0, 0, 0, 0, 0, 0, 0, 0, 0, 0
0, 0, 1, 195, 195, 195, 195.0, 0.0, 38025.0, 0, 0, 0, 0, 0, 0, 0, 0, 0, 0, 0, 1, 195, 195, 195, 195.0, 0.0, 38025.0
8, 416, 1, 1474, 1474, 1474, 1474.0, 0.0, 2172676.0, 0, 0, 8, 78568, 2948, 17428, 9821.0, 39178711.0, 135630752.0, 8, 416, 9, 80042, 1474, 17428, 8893.555555555555, 40731376.941176474, 120802076.8888889
0, 0, 0, 0, 0, 0, 0, 0, 0, 0, 0, 0, 0, 0, 0, 0, 0, 0, 0, 0, 0, 0, 0, 0, 0, 0, 0
0, 0, 1, 195, 195, 195, 195.0, 0.0, 38025.0, 0, 0, 0, 0, 0, 0, 0, 0, 0, 0, 0, 1, 195, 195, 195, 195.0, 0.0, 38025.0
0, 0, 0, 0, 0, 0, 0, 0, 0, 0, 0, 0, 0, 0, 0, 0, 0, 0, 0, 0, 0, 0, 0, 0, 0, 0, 0
0, 0, 1, 157, 157, 157, 157.0, 0.0, 24649.0, 0, 0, 0, 0, 0, 0, 0, 0, 0, 0, 0, 1, 157, 157, 157, 157.0, 0.0, 24649.0
0, 0, 0, 0, 0, 0, 0, 0, 0, 0, 0, 0, 0, 0, 0, 0, 0, 0, 0, 0, 0, 0, 0, 0, 0, 0, 0
8, 416, 1, 1474, 1474, 1474, 1474.0, 0.0, 2172676.0, 0, 0, 8, 77918, 2948, 20324, 9739.75, 52251568.4375, 147114298.5, 8, 416, 9, 79392, 1474, 20324, 8821.333333333334, 52960514.1314879, 131009673.77777778
4, 208, 4, 794, 91, 455, 198.5, 22656.75, 62059.0, 3, 156, 4, 387, 83, 122, 96.75, 223.1875, 9583.75, 7, 364, 8, 1181, 83, 455, 147.625, 10001.722222222223, 35821.375
0, 0, 0, 0, 0, 0, 0, 0, 0, 0, 0, 0, 0, 0, 0, 0, 0, 0, 0, 0, 0, 0, 0, 0, 0, 0, 0
3, 164, 8, 5496, 116, 2788, 687.0, 692638.5, 1164607.5, 2, 112, 1, 2961, 2961, 2961, 2961.0, 0.0, 8767521.0, 5, 276, 9, 8457, 116, 2961, 939.6666666666666, 1381482.96, 2009375.6666666667
5, 260, 5, 1421, 83, 855, 284.2, 84066.15999999999, 164835.8, 8, 416, 6, 2703, 83, 953, 450.5, 124434.58333333333, 327384.8333333333, 13, 676, 11, 4124, 83, 953, 374.90909090909093, 118303.18339100348, 253498.9090909091
1, 52, 1, 91, 91, 91, 91.0, 0.0, 8281.0, 1, 52, 4, 1343, 91, 589, 335.75, 32614.6875, 145342.75, 2, 104, 5, 1434, 91, 589, 286.8, 34907.13580246913, 117930.4
8, 416, 2, 1669, 195, 1474, 834.5, 408960.25, 1105350.5, 0, 0, 8, 77787, 2948, 20324, 9723.375, 44196364.734375, 138740386.125, 8, 416, 10, 79456, 195, 20324, 7945.6, 47134761.64506173, 111213379.0
0, 0, 1, 172, 172, 172, 172.0, 0.0, 29584.0, 0, 0, 0, 0, 0, 0, 0, 0, 0, 0, 0, 1, 172, 172, 172, 172.0, 0.0, 29584.0
0, 0, 1, 195, 195, 195, 195.0, 0.0, 38025.0, 0, 0, 0, 0, 0, 0, 0, 0, 0, 0, 0, 1, 195, 195, 195, 195.0, 0.0, 38025.0
0, 0, 1, 157, 157, 157, 157.0, 0.0, 24649.0, 0, 0, 0, 0, 0, 0, 0, 0, 0, 0, 0, 1, 157, 157, 157, 157.0, 0.0, 24649.0
0, 0, 0, 0, 0, 0, 0, 0, 0, 0, 0, 0, 0, 0, 0, 0, 0, 0, 0, 0, 0, 0, 0, 0, 0, 0, 0
0, 0, 1, 195, 195, 195, 195.0, 0.0, 38025.0, 0, 0, 0, 0, 0, 0, 0, 0, 0, 0, 0, 1, 195, 195, 195, 195.0, 0.0, 38025.0
0, 0, 1, 157, 157, 157, 157.0, 0.0, 24649.0, 0, 0, 0, 0, 0, 0, 0, 0, 0, 0, 0, 1, 157, 157, 157, 157.0, 0.0, 24649.0
0, 0, 0, 0, 0, 0, 0, 0, 0, 0, 0, 0, 0, 0, 0, 0, 0, 0, 0, 0, 0, 0, 0, 0, 0, 0, 0
0, 0, 0, 0, 0, 0, 0, 0, 0, 0, 0, 0, 0, 0, 0, 0, 0, 0, 0, 0, 0, 0, 0, 0, 0, 0, 0
0, 0, 1, 157, 157, 157, 157.0, 0.0, 24649.0, 0, 0, 0, 0, 0, 0, 0, 0, 0, 0, 0, 1, 157, 157, 157, 157.0, 0.0, 24649.0
9, 468, 1, 1474, 1474, 1474, 1474.0, 0.0, 2172676.0, 0, 0, 9, 77941, 1500, 23220, 8660.111111111111, 70169331.65432099, 145166856.1111111, 9, 468, 10, 79415, 1474, 23220, 7941.5, 69051066.199446, 130867438.1
0, 0, 0, 0, 0, 0, 0, 0, 0, 0, 0, 0, 0, 0, 0, 0, 0, 0, 0, 0, 0, 0, 0, 0, 0, 0, 0
0, 0, 2, 352, 157, 195, 176.0, 361.0, 31337.0, 0, 0, 0, 0, 0, 0, 0, 0, 0, 0, 0, 2, 352, 157, 195, 176.0, 361.0, 31337.0
0, 0, 1, 226, 226, 226, 226.0, 0.0, 51076.0, 0, 0, 0, 0, 0, 0, 0, 0, 0, 0, 0, 1, 226, 226, 226, 226.0, 0.0, 51076.0
0, 0, 1, 172, 172, 172, 172.0, 0.0, 29584.0, 0, 0, 0, 0, 0, 0, 0, 0, 0, 0, 0, 1, 172, 172, 172, 172.0, 0.0, 29584.0
0, 0, 1, 195, 195, 195, 195.0, 0.0, 38025.0, 0, 0, 0, 0, 0, 0, 0, 0, 0, 0, 0, 1, 195, 195, 195, 195.0, 0.0, 38025.0
9, 468, 1, 1474, 1474, 1474, 1474.0, 0.0, 2172676.0, 1, 52, 9, 78792, 2948, 17428, 8754.666666666666, 38504362.666666664, 115148551.1111111, 10, 520, 10, 80266, 1474, 17428, 8026.6, 39120880.77562326, 103850963.6
0, 0, 1, 172, 172, 172, 172.0, 0.0, 29584.0, 0, 0, 0, 0, 0, 0, 0, 0, 0, 0, 0, 1, 172, 172, 172, 172.0, 0.0, 29584.0
0, 0, 1, 195, 195, 195, 195.0, 0.0, 38025.0, 0, 0, 0, 0, 0, 0, 0, 0, 0, 0, 0, 1, 195, 195, 195, 195.0, 0.0, 38025.0
30, 1560, 1, 1366, 1366, 1366, 1366.0, 0.0, 1865956.0, 0, 0, 44, 478542, 2948, 24668, 10875.954545454546, 48674904.08884297, 166961291.36363637, 30, 1560, 45, 479908, 1366, 24668, 10664.622222222222, 49132748.585279636, 163292506.13333333
0, 0, 1, 157, 157, 157, 157.0, 0.0, 24649.0, 0, 0, 0, 0, 0, 0, 0, 0, 0, 0, 0, 1, 157, 157, 157, 157.0, 0.0, 24649.0
0, 0, 1, 195, 195, 195, 195.0, 0.0, 38025.0, 0, 0, 0, 0, 0, 0, 0, 0, 0, 0, 0, 1, 195, 195, 195, 195.0, 0.0, 38025.0
0, 0, 0, 0, 0, 0, 0, 0, 0, 0, 0, 0, 0, 0, 0, 0, 0, 0, 0, 0, 0, 0, 0, 0, 0, 0, 0
0, 0, 2, 352, 157, 195, 176.0, 361.0, 31337.0, 0, 0, 0, 0, 0, 0, 0, 0, 0, 0, 0, 2, 352, 157, 195, 176.0, 361.0, 31337.0
0, 0, 0, 0, 0, 0, 0, 0, 0, 0, 0, 0, 0, 0, 0, 0, 0, 0, 0, 0, 0, 0, 0, 0, 0, 0, 0
8, 416, 2, 1669, 195, 1474, 834.5, 408960.25, 1105350.5, 0, 0, 8, 77861, 2948, 26116, 9732.625, 74582442.734375, 169306432.125, 8, 416, 10, 79530, 195, 26116, 7953.0, 74160858.60802469, 135666215.8
0, 0, 0, 0, 0, 0, 0, 0, 0, 0, 0, 0, 0, 0, 0, 0, 0, 0, 0, 0, 0, 0, 0, 0, 0, 0, 0
0, 0, 0, 0, 0, 0, 0, 0, 0, 0, 0, 0, 0, 0, 0, 0, 0, 0, 0, 0, 0, 0, 0, 0, 0, 0, 0
1, 52, 3, 981, 91, 695, 327.0, 69514.66666666667, 176443.66666666666, 2, 104, 1, 91, 91, 91, 91.0, 0.0, 8281.0, 3, 156, 4, 1072, 91, 695, 268.0, 55075.83999999999, 134403.0
3, 156, 1, 91, 91, 91, 91.0, 0.0, 8281.0, 1, 52, 3, 298, 83, 124, 99.33333333333333, 314.88888888888886, 10182.0, 4, 208, 4, 389, 83, 124, 97.25, 278.40816326530614, 9706.75
0, 0, 0, 0, 0, 0, 0, 0, 0, 0, 0, 0, 0, 0, 0, 0, 0, 0, 0, 0, 0, 0, 0, 0, 0, 0, 0
2, 104, 4, 1553, 91, 1083, 388.25, 162524.6875, 313262.75, 3, 156, 4, 411, 83, 123, 102.75, 266.1875, 10823.75, 5, 260, 8, 1964, 83, 1083, 245.5, 72465.74305555556, 162043.25
7, 364, 2, 1700, 226, 1474, 850.0, 389376.0, 1111876.0, 0, 0, 7, 78330, 2948, 23220, 11190.0, 69167580.57142857, 194383680.57142857, 7, 364, 9, 80030, 226, 23220, 8892.222222222223, 72264198.75, 151434390.66666666
0, 0, 0, 0, 0, 0, 0, 0, 0, 0, 0, 0, 0, 0, 0, 0, 0, 0, 0, 0, 0, 0, 0, 0, 0, 0, 0
0, 0, 0, 0, 0, 0, 0, 0, 0, 0, 0, 0, 0, 0, 0, 0, 0, 0, 0, 0, 0, 0, 0, 0, 0, 0, 0
0, 0, 0, 0, 0, 0, 0, 0, 0, 0, 0, 0, 0, 0, 0, 0, 0, 0, 0, 0, 0, 0, 0, 0, 0, 0, 0
0, 0, 0, 0, 0, 0, 0, 0, 0, 0, 0, 0, 0, 0, 0, 0, 0, 0, 0, 0, 0, 0, 0, 0, 0, 0, 0
0, 0, 0, 0, 0, 0, 0, 0, 0, 0, 0, 0, 0, 0, 0, 0, 0, 0, 0, 0, 0, 0, 0, 0, 0, 0, 0
0, 0, 0, 0, 0, 0, 0, 0, 0, 0, 0, 0, 0, 0, 0, 0, 0, 0, 0, 0, 0, 0, 0, 0, 0, 0, 0
7, 364, 1, 1474, 1474, 1474, 1474.0, 0.0, 2172676.0, 0, 0, 7, 79144, 2948, 23220, 11306.285714285714, 55765631.346938774, 183597728.0, 7, 364, 8, 80618, 1474, 23220, 10077.25, 58063183.893333346, 160919596.5
0, 0, 0, 0, 0, 0, 0, 0, 0, 0, 0, 0, 0, 0, 0, 0, 0, 0, 0, 0, 0, 0, 0, 0, 0, 0, 0
0, 0, 0, 0, 0, 0, 0, 0, 0, 0, 0, 0, 0, 0, 0, 0, 0, 0, 0, 0, 0, 0, 0, 0, 0, 0, 0
0, 0, 0, 0, 0, 0, 0, 0, 0, 0, 0, 0, 0, 0, 0, 0, 0, 0, 0, 0, 0, 0, 0, 0, 0, 0, 0
0, 0, 0, 0, 0, 0, 0, 0, 0, 0, 0, 0, 0, 0, 0, 0, 0, 0, 0, 0, 0, 0, 0, 0, 0, 0, 0
0, 0, 0, 0, 0, 0, 0, 0, 0, 0, 0, 0, 0, 0, 0, 0, 0, 0, 0, 0, 0, 0, 0, 0, 0, 0, 0
8, 416, 1, 1474, 1474, 1474, 1474.0, 0.0, 2172676.0, 0, 0, 8, 78577, 2917, 17428, 9822.125, 25606989.609375, 122081129.125, 8, 416, 9, 80051, 1474, 17428, 8894.555555555555, 27959031.937716264, 108757967.66666667
0, 0, 1, 157, 157, 157, 157.0, 0.0, 24649.0, 0, 0, 0, 0, 0, 0, 0, 0, 0, 0, 0, 1, 157, 157, 157, 157.0, 0.0, 24649.0
0, 0, 0, 0, 0, 0, 0, 0, 0, 0, 0, 0, 0, 0, 0, 0, 0, 0, 0, 0, 0, 0, 0, 0, 0, 0, 0
0, 0, 1, 157, 157, 157, 157.0, 0.0, 24649.0, 0, 0, 0, 0, 0, 0, 0, 0, 0, 0, 0, 1, 157, 157, 157, 157.0, 0.0, 24649.0
0, 0, 0, 0, 0, 0, 0, 0, 0, 0, 0, 0, 0, 0, 0, 0, 0, 0, 0, 0, 0, 0, 0, 0, 0, 0, 0
0, 0, 0, 0, 0, 0, 0, 0, 0, 0, 0, 0, 0, 0, 0, 0, 0, 0, 0, 0, 0, 0, 0, 0, 0, 0, 0
0, 0, 1, 172, 172, 172, 172.0, 0.0, 29584.0, 0, 0, 0, 0, 0, 0, 0, 0, 0, 0, 0, 1, 172, 172, 172, 172.0, 0.0, 29584.0
0, 0, 0, 0, 0, 0, 0, 0, 0, 0, 0, 0, 0, 0, 0, 0, 0, 0, 0, 0, 0, 0, 0, 0, 0, 0, 0
0, 0, 0, 0, 0, 0, 0, 0, 0, 0, 0, 0, 0, 0, 0, 0, 0, 0, 0, 0, 0, 0, 0, 0, 0, 0, 0
0, 0, 1, 172, 172, 172, 172.0, 0.0, 29584.0, 0, 0, 0, 0, 0, 0, 0, 0, 0, 0, 0, 1, 172, 172, 172, 172.0, 0.0, 29584.0
6, 312, 1, 1474, 1474, 1474, 1474.0, 0.0, 2172676.0, 0, 0, 6, 78225, 5844, 20324, 13037.5, 33827403.25, 203803809.5, 6, 312, 7, 79699, 1474, 20324, 11385.57142857143, 40719818.307692304, 174999361.85714287
0, 0, 0, 0, 0, 0, 0, 0, 0, 0, 0, 0, 0, 0, 0, 0, 0, 0, 0, 0, 0, 0, 0, 0, 0, 0, 0
0, 0, 1, 157, 157, 157, 157.0, 0.0, 24649.0, 0, 0, 0, 0, 0, 0, 0, 0, 0, 0, 0, 1, 157, 157, 157, 157.0, 0.0, 24649.0
0, 0, 0, 0, 0, 0, 0, 0, 0, 0, 0, 0, 0, 0, 0, 0, 0, 0, 0, 0, 0, 0, 0, 0, 0, 0, 0
0, 0, 0, 0, 0, 0, 0, 0, 0, 0, 0, 0, 0, 0, 0, 0, 0, 0, 0, 0, 0, 0, 0, 0, 0, 0, 0
0, 0, 1, 157, 157, 157, 157.0, 0.0, 24649.0, 0, 0, 0, 0, 0, 0, 0, 0, 0, 0, 0, 1, 157, 157, 157, 157.0, 0.0, 24649.0
29, 1508, 2, 2840, 1366, 1474, 1420.0, 2916.0, 2019316.0, 1, 52, 56, 487085, 1500, 29012, 8697.94642857143, 48237527.3721301, 123891799.44642857, 30, 1560, 58, 489925, 1366, 29012, 8446.98275862069, 48304275.10618652, 119689300.01724137
2, 104, 0, 0, 0, 0, 0, 0, 0, 0, 0, 6, 78188, 2948, 26116, 13031.333333333334, 91112375.55555554, 260928024.0, 2, 104, 6, 78188, 2948, 26116, 13031.333333333334, 91112375.55555557, 260928024.0
0, 0, 0, 0, 0, 0, 0, 0, 0, 0, 0, 0, 0, 0, 0, 0, 0, 0, 0, 0, 0, 0, 0, 0, 0, 0, 0
0, 0, 0, 0, 0, 0, 0, 0, 0, 0, 0, 0, 0, 0, 0, 0, 0, 0, 0, 0, 0, 0, 0, 0, 0, 0, 0
0, 0, 2, 390, 195, 195, 195.0, 0.0, 38025.0, 0, 0, 0, 0, 0, 0, 0, 0, 0, 0, 0, 2, 390, 195, 195, 195.0, 0.0, 38025.0
0, 0, 1, 195, 195, 195, 195.0, 0.0, 38025.0, 0, 0, 0, 0, 0, 0, 0, 0, 0, 0, 0, 1, 195, 195, 195, 195.0, 0.0, 38025.0
0, 0, 0, 0, 0, 0, 0, 0, 0, 0, 0, 0, 0, 0, 0, 0, 0, 0, 0, 0, 0, 0, 0, 0, 0, 0, 0
3, 156, 4, 2059, 195, 1474, 514.75, 306720.1875, 571687.75, 1, 52, 10, 78060, 2948, 20324, 7806.0, 53831575.2, 114765211.2, 4, 208, 14, 80119, 195, 20324, 5722.785714285715, 52294422.49826387, 82138490.21428572
0, 0, 0, 0, 0, 0, 0, 0, 0, 0, 0, 0, 0, 0, 0, 0, 0, 0, 0, 0, 0, 0, 0, 0, 0, 0, 0
0, 0, 1, 195, 195, 195, 195.0, 0.0, 38025.0, 0, 0, 0, 0, 0, 0, 0, 0, 0, 0, 0, 1, 195, 195, 195, 195.0, 0.0, 38025.0
0, 0, 2, 390, 195, 195, 195.0, 0.0, 38025.0, 0, 0, 0, 0, 0, 0, 0, 0, 0, 0, 0, 2, 390, 195, 195, 195.0, 0.0, 38025.0
0, 0, 0, 0, 0, 0, 0, 0, 0, 0, 0, 0, 0, 0, 0, 0, 0, 0, 0, 0, 0, 0, 0, 0, 0, 0, 0
0, 0, 3, 585, 195, 195, 195.0, 0.0, 38025.0, 0, 0, 0, 0, 0, 0, 0, 0, 0, 0, 0, 3, 585, 195, 195, 195.0, 0.0, 38025.0
2, 104, 2, 1669, 195, 1474, 834.5, 408960.25, 1105350.5, 0, 0, 7, 77732, 2948, 23220, 11104.57142857143, 64347389.3877551, 187658896.0, 2, 104, 9, 79401, 195, 23220, 8822.333333333334, 67891344.65234375, 146202552.55555555
0, 0, 0, 0, 0, 0, 0, 0, 0, 0, 0, 0, 0, 0, 0, 0, 0, 0, 0, 0, 0, 0, 0, 0, 0, 0, 0
0, 0, 1, 195, 195, 195, 195.0, 0.0, 38025.0, 0, 0, 0, 0, 0, 0, 0, 0, 0, 0, 0, 1, 195, 195, 195, 195.0, 0.0, 38025.0
0, 0, 0, 0, 0, 0, 0, 0, 0, 0, 0, 0, 0, 0, 0, 0, 0, 0, 0, 0, 0, 0, 0, 0, 0, 0, 0
0, 0, 0, 0, 0, 0, 0, 0, 0, 0, 0, 0, 0, 0, 0, 0, 0, 0, 0, 0, 0, 0, 0, 0, 0, 0, 0
0, 0, 1, 195, 195, 195, 195.0, 0.0, 38025.0, 0, 0, 0, 0, 0, 0, 0, 0, 0, 0, 0, 1, 195, 195, 195, 195.0, 0.0, 38025.0
0, 0, 0, 0, 0, 0, 0, 0, 0, 0, 0, 0, 0, 0, 0, 0, 0, 0, 0, 0, 0, 0, 0, 0, 0, 0, 0
0, 0, 0, 0, 0, 0, 0, 0, 0, 0, 0, 0, 0, 0, 0, 0, 0, 0, 0, 0, 0, 0, 0, 0, 0, 0, 0
2, 104, 1, 195, 195, 195, 195.0, 0.0, 38025.0, 2, 104, 0, 0, 0, 0, 0, 0, 0, 4, 208, 1, 195, 195, 195, 195.0, 0.0, 38025.0
0, 0, 0, 0, 0, 0, 0, 0, 0, 0, 0, 0, 0, 0, 0, 0, 0, 0, 0, 0, 0, 0, 0, 0, 0, 0, 0
3, 156, 8, 2840, 195, 1475, 355.0, 179200.0, 305225.0, 0, 0, 8, 78905, 2948, 20324, 9863.125, 56193948.359375, 153475183.125, 3, 156, 16, 81745, 195, 20324, 5109.0625, 57612241.354166664, 76890204.0625
0, 0, 3, 458, 68, 195, 152.66666666666666, 3584.222222222222, 26891.333333333332, 0, 0, 0, 0, 0, 0, 0, 0, 0, 0, 0, 3, 458, 68, 195, 152.66666666666666, 3584.2222222222226, 26891.333333333332
0, 0, 10, 1950, 195, 195, 195.0, 0.0, 38025.0, 0, 0, 0, 0, 0, 0, 0, 0, 0, 0, 0, 10, 1950, 195, 195, 195.0, 0.0, 38025.0
0, 0, 1, 195, 195, 195, 195.0, 0.0, 38025.0, 0, 0, 0, 0, 0, 0, 0, 0, 0, 0, 0, 1, 195, 195, 195, 195.0, 0.0, 38025.0
0, 0, 3, 458, 68, 195, 152.66666666666666, 3584.222222222222, 26891.333333333332, 0, 0, 0, 0, 0, 0, 0, 0, 0, 0, 0, 3, 458, 68, 195, 152.66666666666666, 3584.2222222222226, 26891.333333333332
0, 0, 10, 1950, 195, 195, 195.0, 0.0, 38025.0, 0, 0, 0, 0, 0, 0, 0, 0, 0, 0, 0, 10, 1950, 195, 195, 195.0, 0.0, 38025.0
2, 104, 3, 1865, 195, 1475, 621.6666666666666, 364088.88888888893, 750558.3333333334, 0, 0, 8, 78126, 2948, 17428, 9765.75, 31475789.4375, 126845662.5, 2, 104, 11, 79991, 195, 17428, 7271.909090909091, 37681101.207756236, 92456088.63636364
0, 0, 2, 390, 195, 195, 195.0, 0.0, 38025.0, 0, 0, 0, 0, 0, 0, 0, 0, 0, 0, 0, 2, 390, 195, 195, 195.0, 0.0, 38025.0
0, 0, 9, 1755, 195, 195, 195.0, 0.0, 38025.0, 0, 0, 0, 0, 0, 0, 0, 0, 0, 0, 0, 9, 1755, 195, 195, 195.0, 0.0, 38025.0
3, 156, 4, 653, 68, 195, 163.25, 3024.1875, 29674.75, 3, 156, 0, 0, 0, 0, 0, 0, 0, 6, 312, 4, 653, 68, 195, 163.25, 3024.1875, 29674.75
0, 0, 2, 390, 195, 195, 195.0, 0.0, 38025.0, 0, 0, 0, 0, 0, 0, 0, 0, 0, 0, 0, 2, 390, 195, 195, 195.0, 0.0, 38025.0
0, 0, 1, 195, 195, 195, 195.0, 0.0, 38025.0, 0, 0, 0, 0, 0, 0, 0, 0, 0, 0, 0, 1, 195, 195, 195, 195.0, 0.0, 38025.0
0, 0, 1, 195, 195, 195, 195.0, 0.0, 38025.0, 0, 0, 0, 0, 0, 0, 0, 0, 0, 0, 0, 1, 195, 195, 195, 195.0, 0.0, 38025.0
3, 156, 1, 1475, 1475, 1475, 1475.0, 0.0, 2175625.0, 0, 0, 7, 78178, 2948, 23220, 11168.285714285714, 47909179.91836734, 172639785.7142857, 3, 156, 8, 79653, 1475, 23220, 9956.625, 50561621.39555555, 151331765.625
0, 0, 0, 0, 0, 0, 0, 0, 0, 0, 0, 0, 0, 0, 0, 0, 0, 0, 0, 0, 0, 0, 0, 0, 0, 0, 0
0, 0, 0, 0, 0, 0, 0, 0, 0, 0, 0, 0, 0, 0, 0, 0, 0, 0, 0, 0, 0, 0, 0, 0, 0, 0, 0
0, 0, 0, 0, 0, 0, 0, 0, 0, 0, 0, 0, 0, 0, 0, 0, 0, 0, 0, 0, 0, 0, 0, 0, 0, 0, 0
14, 728, 1, 1367, 1367, 1367, 1367.0, 0.0, 1868689.0, 0, 0, 53, 481169, 1500, 26116, 9078.66037735849, 52254735.73371306, 134676809.9811321, 14, 728, 54, 482536, 1367, 26116, 8935.851851851852, 52316971.04585552, 132217400.33333333
0, 0, 0, 0, 0, 0, 0, 0, 0, 0, 0, 0, 0, 0, 0, 0, 0, 0, 0, 0, 0, 0, 0, 0, 0, 0, 0
0, 0, 0, 0, 0, 0, 0, 0, 0, 0, 0, 0, 0, 0, 0, 0, 0, 0, 0, 0, 0, 0, 0, 0, 0, 0, 0
3, 156, 1, 1475, 1475, 1475, 1475.0, 0.0, 2175625.0, 0, 0, 6, 79288, 2948, 26116, 13214.666666666666, 92776675.55555554, 267404090.66666666, 3, 156, 7, 80763, 1475, 26116, 11537.57142857143, 95426027.62130179, 229514309.85714287
0, 0, 0, 0, 0, 0, 0, 0, 0, 0, 0, 0, 0, 0, 0, 0, 0, 0, 0, 0, 0, 0, 0, 0, 0, 0, 0
4, 208, 3, 638, 91, 456, 212.66666666666666, 29605.55555555556, 74832.66666666667, 3, 156, 4, 387, 83, 122, 96.75, 223.1875, 9583.75, 7, 364, 7, 1025, 83, 456, 146.42857142857142, 10901.685950413223, 37547.57142857143
0, 0, 0, 0, 0, 0, 0, 0, 0, 0, 0, 0, 0, 0, 0, 0, 0, 0, 0, 0, 0, 0, 0, 0, 0, 0, 0
0, 0, 0, 0, 0, 0, 0, 0, 0, 0, 0, 0, 0, 0, 0, 0, 0, 0, 0, 0, 0, 0, 0, 0, 0, 0, 0
0, 0, 0, 0, 0, 0, 0, 0, 0, 0, 0, 0, 0, 0, 0, 0, 0, 0, 0, 0, 0, 0, 0, 0, 0, 0, 0
2, 104, 0, 0, 0, 0, 0, 0, 0, 2, 104, 0, 0, 0, 0, 0, 0, 0, 4, 208, 0, 0, 0, 0, 0, 0, 0
0, 0, 0, 0, 0, 0, 0, 0, 0, 0, 0, 0, 0, 0, 0, 0, 0, 0, 0, 0, 0, 0, 0, 0, 0, 0, 0
4, 208, 3, 2264, 91, 1475, 754.6666666666666, 320848.22222222225, 890370.0, 2, 104, 12, 78953, 83, 24668, 6579.416666666667, 64672413.90972223, 107961137.58333333, 6, 312, 15, 81217, 83, 24668, 5414.466666666666, 60873125.13580247, 86546984.06666666
0, 0, 0, 0, 0, 0, 0, 0, 0, 0, 0, 0, 0, 0, 0, 0, 0, 0, 0, 0, 0, 0, 0, 0, 0, 0, 0
2, 104, 3, 907, 91, 632, 302.3333333333333, 55781.55555555556, 147187.0, 3, 156, 4, 411, 83, 123, 102.75, 266.1875, 10823.75, 5, 260, 7, 1318, 83, 632, 188.28571428571428, 23307.603305785127, 69265.14285714286
0, 0, 0, 0, 0, 0, 0, 0, 0, 0, 0, 0, 0, 0, 0, 0, 0, 0, 0, 0, 0, 0, 0, 0, 0, 0, 0
0, 0, 0, 0, 0, 0, 0, 0, 0, 0, 0, 0, 0, 0, 0, 0, 0, 0, 0, 0, 0, 0, 0, 0, 0, 0, 0
0, 0, 0, 0, 0, 0, 0, 0, 0, 0, 0, 0, 0, 0, 0, 0, 0, 0, 0, 0, 0, 0, 0, 0, 0, 0, 0
0, 0, 0, 0, 0, 0, 0, 0, 0, 0, 0, 0, 0, 0, 0, 0, 0, 0, 0, 0, 0, 0, 0, 0, 0, 0, 0
0, 0, 0, 0, 0, 0, 0, 0, 0, 0, 0, 0, 0, 0, 0, 0, 0, 0, 0, 0, 0, 0, 0, 0, 0, 0, 0
4, 208, 1, 1475, 1475, 1475, 1475.0, 0.0, 2175625.0, 0, 0, 10, 78780, 120, 17428, 7878.0, 37299274.4, 99362158.4, 4, 208, 11, 80255, 120, 17428, 7295.909090909091, 37382456.75283448, 90527019.0
0, 0, 0, 0, 0, 0, 0, 0, 0, 0, 0, 0, 0, 0, 0, 0, 0, 0, 0, 0, 0, 0, 0, 0, 0, 0, 0
0, 0, 0, 0, 0, 0, 0, 0, 0, 0, 0, 0, 0, 0, 0, 0, 0, 0, 0, 0, 0, 0, 0, 0, 0, 0, 0
0, 0, 0, 0, 0, 0, 0, 0, 0, 0, 0, 0, 0, 0, 0, 0, 0, 0, 0, 0, 0, 0, 0, 0, 0, 0, 0
0, 0, 0, 0, 0, 0, 0, 0, 0, 0, 0, 0, 0, 0, 0, 0, 0, 0, 0, 0, 0, 0, 0, 0, 0, 0, 0
0, 0, 0, 0, 0, 0, 0, 0, 0, 0, 0, 0, 0, 0, 0, 0, 0, 0, 0, 0, 0, 0, 0, 0, 0, 0, 0
2, 104, 1, 1475, 1475, 1475, 1475.0, 0.0, 2175625.0, 0, 0, 6, 78145, 2948, 23220, 13024.166666666666, 49120062.80555556, 218748980.16666666, 2, 104, 7, 79620, 1475, 23220, 11374.285714285714, 54812596.485207096, 187809929.42857143
1, 52, 0, 0, 0, 0, 0, 0, 0, 1, 52, 0, 0, 0, 0, 0, 0, 0, 2, 104, 0, 0, 0, 0, 0, 0, 0
0, 0, 0, 0, 0, 0, 0, 0, 0, 0, 0, 0, 0, 0, 0, 0, 0, 0, 0, 0, 0, 0, 0, 0, 0, 0, 0
0, 0, 0, 0, 0, 0, 0, 0, 0, 0, 0, 0, 0, 0, 0, 0, 0, 0, 0, 0, 0, 0, 0, 0, 0, 0, 0
0, 0, 0, 0, 0, 0, 0, 0, 0, 0, 0, 0, 0, 0, 0, 0, 0, 0, 0, 0, 0, 0, 0, 0, 0, 0, 0
0, 0, 0, 0, 0, 0, 0, 0, 0, 0, 0, 0, 0, 0, 0, 0, 0, 0, 0, 0, 0, 0, 0, 0, 0, 0, 0
0, 0, 0, 0, 0, 0, 0, 0, 0, 0, 0, 0, 0, 0, 0, 0, 0, 0, 0, 0, 0, 0, 0, 0, 0, 0, 0
0, 0, 0, 0, 0, 0, 0, 0, 0, 0, 0, 0, 0, 0, 0, 0, 0, 0, 0, 0, 0, 0, 0, 0, 0, 0, 0
0, 0, 0, 0, 0, 0, 0, 0, 0, 0, 0, 0, 0, 0, 0, 0, 0, 0, 0, 0, 0, 0, 0, 0, 0, 0, 0
0, 0, 0, 0, 0, 0, 0, 0, 0, 0, 0, 0, 0, 0, 0, 0, 0, 0, 0, 0, 0, 0, 0, 0, 0, 0, 0
0, 0, 0, 0, 0, 0, 0, 0, 0, 0, 0, 0, 0, 0, 0, 0, 0, 0, 0, 0, 0, 0, 0, 0, 0, 0, 0
0, 0, 0, 0, 0, 0, 0, 0, 0, 0, 0, 0, 0, 0, 0, 0, 0, 0, 0, 0, 0, 0, 0, 0, 0, 0, 0
0, 0, 0, 0, 0, 0, 0, 0, 0, 0, 0, 0, 0, 0, 0, 0, 0, 0, 0, 0, 0, 0, 0, 0, 0, 0, 0
0, 0, 0, 0, 0, 0, 0, 0, 0, 0, 0, 0, 0, 0, 0, 0, 0, 0, 0, 0, 0, 0, 0, 0, 0, 0, 0
3, 156, 1, 1475, 1475, 1475, 1475.0, 0.0, 2175625.0, 0, 0, 9, 78437, 1500, 20324, 8715.222222222223, 49931629.72839507, 125886728.1111111, 3, 156, 10, 79912, 1475, 20324, 7991.2, 49917429.6066482, 113515617.8
0, 0, 0, 0, 0, 0, 0, 0, 0, 0, 0, 0, 0, 0, 0, 0, 0, 0, 0, 0, 0, 0, 0, 0, 0, 0, 0
0, 0, 0, 0, 0, 0, 0, 0, 0, 0, 0, 0, 0, 0, 0, 0, 0, 0, 0, 0, 0, 0, 0, 0, 0, 0, 0
0, 0, 0, 0, 0, 0, 0, 0, 0, 0, 0, 0, 0, 0, 0, 0, 0, 0, 0, 0, 0, 0, 0, 0, 0, 0, 0
0, 0, 0, 0, 0, 0, 0, 0, 0, 0, 0, 0, 0, 0, 0, 0, 0, 0, 0, 0, 0, 0, 0, 0, 0, 0, 0
0, 0, 0, 0, 0, 0, 0, 0, 0, 0, 0, 0, 0, 0, 0, 0, 0, 0, 0, 0, 0, 0, 0, 0, 0, 0, 0
0, 0, 0, 0, 0, 0, 0, 0, 0, 0, 0, 0, 0, 0, 0, 0, 0, 0, 0, 0, 0, 0, 0, 0, 0, 0, 0
0, 0, 0, 0, 0, 0, 0, 0, 0, 0, 0, 0, 0, 0, 0, 0, 0, 0, 0, 0, 0, 0, 0, 0, 0, 0, 0
0, 0, 0, 0, 0, 0, 0, 0, 0, 0, 0, 0, 0, 0, 0, 0, 0, 0, 0, 0, 0, 0, 0, 0, 0, 0, 0
0, 0, 0, 0, 0, 0, 0, 0, 0, 0, 0, 0, 0, 0, 0, 0, 0, 0, 0, 0, 0, 0, 0, 0, 0, 0, 0
0, 0, 0, 0, 0, 0, 0, 0, 0, 0, 0, 0, 0, 0, 0, 0, 0, 0, 0, 0, 0, 0, 0, 0, 0, 0, 0
0, 0, 0, 0, 0, 0, 0, 0, 0, 0, 0, 0, 0, 0, 0, 0, 0, 0, 0, 0, 0, 0, 0, 0, 0, 0, 0
0, 0, 0, 0, 0, 0, 0, 0, 0, 0, 0, 0, 0, 0, 0, 0, 0, 0, 0, 0, 0, 0, 0, 0, 0, 0, 0
3, 156, 1, 1475, 1475, 1475, 1475.0, 0.0, 2175625.0, 0, 0, 7, 77530, 1500, 26116, 11075.714285714286, 104171895.34693876, 226843342.2857143, 3, 156, 8, 79005, 1475, 26116, 9875.625, 102962355.68888888, 198759877.625
0, 0, 0, 0, 0, 0, 0, 0, 0, 0, 0, 0, 0, 0, 0, 0, 0, 0, 0, 0, 0, 0, 0, 0, 0, 0, 0
0, 0, 0, 0, 0, 0, 0, 0, 0, 0, 0, 0, 0, 0, 0, 0, 0, 0, 0, 0, 0, 0, 0, 0, 0, 0, 0
17, 884, 1, 1367, 1367, 1367, 1367.0, 0.0, 1868689.0, 0, 0, 50, 485519, 1500, 23220, 9710.38, 59831649.0756, 154123128.82, 17, 884, 51, 486886, 1367, 23220, 9546.78431372549, 59921660.096657194, 151137747.6470588
0, 0, 0, 0, 0, 0, 0, 0, 0, 0, 0, 0, 0, 0, 0, 0, 0, 0, 0, 0, 0, 0, 0, 0, 0, 0, 0
0, 0, 0, 0, 0, 0, 0, 0, 0, 0, 0, 0, 0, 0, 0, 0, 0, 0, 0, 0, 0, 0, 0, 0, 0, 0, 0
0, 0, 0, 0, 0, 0, 0, 0, 0, 0, 0, 0, 0, 0, 0, 0, 0, 0, 0, 0, 0, 0, 0, 0, 0, 0, 0
0, 0, 0, 0, 0, 0, 0, 0, 0, 0, 0, 0, 0, 0, 0, 0, 0, 0, 0, 0, 0, 0, 0, 0, 0, 0, 0
0, 0, 0, 0, 0, 0, 0, 0, 0, 0, 0, 0, 0, 0, 0, 0, 0, 0, 0, 0, 0, 0, 0, 0, 0, 0, 0
0, 0, 0, 0, 0, 0, 0, 0, 0, 0, 0, 0, 0, 0, 0, 0, 0, 0, 0, 0, 0, 0, 0, 0, 0, 0, 0
0, 0, 0, 0, 0, 0, 0, 0, 0, 0, 0, 0, 0, 0, 0, 0, 0, 0, 0, 0, 0, 0, 0, 0, 0, 0, 0
0, 0, 1, 200, 200, 200, 200.0, 0.0, 40000.0, 0, 0, 0, 0, 0, 0, 0, 0, 0, 0, 0, 1, 200, 200, 200, 200.0, 0.0, 40000.0
0, 0, 0, 0, 0, 0, 0, 0, 0, 0, 0, 0, 0, 0, 0, 0, 0, 0, 0, 0, 0, 0, 0, 0, 0, 0, 0
0, 0, 0, 0, 0, 0, 0, 0, 0, 0, 0, 0, 0, 0, 0, 0, 0, 0, 0, 0, 0, 0, 0, 0, 0, 0, 0
0, 0, 1, 200, 200, 200, 200.0, 0.0, 40000.0, 0, 0, 0, 0, 0, 0, 0, 0, 0, 0, 0, 1, 200, 200, 200, 200.0, 0.0, 40000.0
3, 156, 1, 1475, 1475, 1475, 1475.0, 0.0, 2175625.0, 0, 0, 10, 79194, 1500, 23220, 7919.4, 49811489.64, 112528386.0, 3, 156, 11, 80669, 1475, 23220, 7333.545454545455, 49322973.86848073, 102496316.81818181
0, 0, 2, 400, 200, 200, 200.0, 0.0, 40000.0, 0, 0, 0, 0, 0, 0, 0, 0, 0, 0, 0, 2, 400, 200, 200, 200.0, 0.0, 40000.0
0, 0, 0, 0, 0, 0, 0, 0, 0, 0, 0, 0, 0, 0, 0, 0, 0, 0, 0, 0, 0, 0, 0, 0, 0, 0, 0
0, 0, 0, 0, 0, 0, 0, 0, 0, 1, 52, 0, 0, 0, 0, 0, 0, 0, 1, 52, 0, 0, 0, 0, 0, 0, 0
1, 52, 2, 400, 200, 200, 200.0, 0.0, 40000.0, 0, 0, 0, 0, 0, 0, 0, 0, 0, 1, 52, 2, 400, 200, 200, 200.0, 0.0, 40000.0
0, 0, 0, 0, 0, 0, 0, 0, 0, 0, 0, 0, 0, 0, 0, 0, 0, 0, 0, 0, 0, 0, 0, 0, 0, 0, 0
0, 0, 0, 0, 0, 0, 0, 0, 0, 0, 0, 0, 0, 0, 0, 0, 0, 0, 0, 0, 0, 0, 0, 0, 0, 0, 0
0, 0, 1, 200, 200, 200, 200.0, 0.0, 40000.0, 0, 0, 0, 0, 0, 0, 0, 0, 0, 0, 0, 1, 200, 200, 200, 200.0, 0.0, 40000.0
0, 0, 0, 0, 0, 0, 0, 0, 0, 0, 0, 0, 0, 0, 0, 0, 0, 0, 0, 0, 0, 0, 0, 0, 0, 0, 0
0, 0, 0, 0, 0, 0, 0, 0, 0, 0, 0, 0, 0, 0, 0, 0, 0, 0, 0, 0, 0, 0, 0, 0, 0, 0, 0
0, 0, 1, 200, 200, 200, 200.0, 0.0, 40000.0, 0, 0, 0, 0, 0, 0, 0, 0, 0, 0, 0, 1, 200, 200, 200, 200.0, 0.0, 40000.0
0, 0, 0, 0, 0, 0, 0, 0, 0, 0, 0, 0, 0, 0, 0, 0, 0, 0, 0, 0, 0, 0, 0, 0, 0, 0, 0
0, 0, 0, 0, 0, 0, 0, 0, 0, 0, 0, 0, 0, 0, 0, 0, 0, 0, 0, 0, 0, 0, 0, 0, 0, 0, 0
0, 0, 0, 0, 0, 0, 0, 0, 0, 0, 0, 0, 0, 0, 0, 0, 0, 0, 0, 0, 0, 0, 0, 0, 0, 0, 0
0, 0, 0, 0, 0, 0, 0, 0, 0, 0, 0, 0, 0, 0, 0, 0, 0, 0, 0, 0, 0, 0, 0, 0, 0, 0, 0
4, 208, 1, 1475, 1475, 1475, 1475.0, 0.0, 2175625.0, 1, 52, 8, 77776, 2948, 23220, 9722.0, 60974972.0, 155492256.0, 5, 260, 9, 79251, 1475, 23220, 8805.666666666666, 61153635.0449827, 138457074.7777778
0, 0, 0, 0, 0, 0, 0, 0, 0, 0, 0, 0, 0, 0, 0, 0, 0, 0, 0, 0, 0, 0, 0, 0, 0, 0, 0
0, 0, 0, 0, 0, 0, 0, 0, 0, 0, 0, 0, 0, 0, 0, 0, 0, 0, 0, 0, 0, 0, 0, 0, 0, 0, 0
0, 0, 0, 0, 0, 0, 0, 0, 0, 0, 0, 0, 0, 0, 0, 0, 0, 0, 0, 0, 0, 0, 0, 0, 0, 0, 0
0, 0, 0, 0, 0, 0, 0, 0, 0, 0, 0, 0, 0, 0, 0, 0, 0, 0, 0, 0, 0, 0, 0, 0, 0, 0, 0
0, 0, 0, 0, 0, 0, 0, 0, 0, 0, 0, 0, 0, 0, 0, 0, 0, 0, 0, 0, 0, 0, 0, 0, 0, 0, 0
0, 0, 0, 0, 0, 0, 0, 0, 0, 0, 0, 0, 0, 0, 0, 0, 0, 0, 0, 0, 0, 0, 0, 0, 0, 0, 0
0, 0, 0, 0, 0, 0, 0, 0, 0, 0, 0, 0, 0, 0, 0, 0, 0, 0, 0, 0, 0, 0, 0, 0, 0, 0, 0
0, 0, 0, 0, 0, 0, 0, 0, 0, 0, 0, 0, 0, 0, 0, 0, 0, 0, 0, 0, 0, 0, 0, 0, 0, 0, 0
0, 0, 0, 0, 0, 0, 0, 0, 0, 0, 0, 0, 0, 0, 0, 0, 0, 0, 0, 0, 0, 0, 0, 0, 0, 0, 0
0, 0, 0, 0, 0, 0, 0, 0, 0, 0, 0, 0, 0, 0, 0, 0, 0, 0, 0, 0, 0, 0, 0, 0, 0, 0, 0
0, 0, 0, 0, 0, 0, 0, 0, 0, 0, 0, 0, 0, 0, 0, 0, 0, 0, 0, 0, 0, 0, 0, 0, 0, 0, 0
4, 208, 3, 881, 91, 699, 293.6666666666667, 82147.55555555555, 168387.66666666666, 3, 156, 4, 389, 83, 124, 97.25, 249.1875, 9706.75, 7, 364, 7, 1270, 83, 699, 181.42857142857142, 30237.23966942149, 77712.85714285714
0, 0, 0, 0, 0, 0, 0, 0, 0, 0, 0, 0, 0, 0, 0, 0, 0, 0, 0, 0, 0, 0, 0, 0, 0, 0, 0
3, 156, 1, 1475, 1475, 1475, 1475.0, 0.0, 2175625.0, 0, 0, 8, 78210, 1500, 23220, 9776.25, 59410122.4375, 154985186.5, 3, 156, 9, 79685, 1475, 23220, 8853.888888888889, 59730537.46712803, 138006346.33333334
0, 0, 0, 0, 0, 0, 0, 0, 0, 0, 0, 0, 0, 0, 0, 0, 0, 0, 0, 0, 0, 0, 0, 0, 0, 0, 0
0, 0, 0, 0, 0, 0, 0, 0, 0, 0, 0, 0, 0, 0, 0, 0, 0, 0, 0, 0, 0, 0, 0, 0, 0, 0, 0
0, 0, 0, 0, 0, 0, 0, 0, 0, 0, 0, 0, 0, 0, 0, 0, 0, 0, 0, 0, 0, 0, 0, 0, 0, 0, 0
0, 0, 0, 0, 0, 0, 0, 0, 0, 0, 0, 0, 0, 0, 0, 0, 0, 0, 0, 0, 0, 0, 0, 0, 0, 0, 0
0, 0, 0, 0, 0, 0, 0, 0, 0, 0, 0, 0, 0, 0, 0, 0, 0, 0, 0, 0, 0, 0, 0, 0, 0, 0, 0
0, 0, 0, 0, 0, 0, 0, 0, 0, 0, 0, 0, 0, 0, 0, 0, 0, 0, 0, 0, 0, 0, 0, 0, 0, 0, 0
0, 0, 0, 0, 0, 0, 0, 0, 0, 0, 0, 0, 0, 0, 0, 0, 0, 0, 0, 0, 0, 0, 0, 0, 0, 0, 0
0, 0, 0, 0, 0, 0, 0, 0, 0, 0, 0, 0, 0, 0, 0, 0, 0, 0, 0, 0, 0, 0, 0, 0, 0, 0, 0
0, 0, 0, 0, 0, 0, 0, 0, 0, 0, 0, 0, 0, 0, 0, 0, 0, 0, 0, 0, 0, 0, 0, 0, 0, 0, 0
2, 104, 0, 0, 0, 0, 0, 0, 0, 2, 104, 0, 0, 0, 0, 0, 0, 0, 4, 208, 0, 0, 0, 0, 0, 0, 0
0, 0, 0, 0, 0, 0, 0, 0, 0, 0, 0, 0, 0, 0, 0, 0, 0, 0, 0, 0, 0, 0, 0, 0, 0, 0, 0
0, 0, 0, 0, 0, 0, 0, 0, 0, 0, 0, 0, 0, 0, 0, 0, 0, 0, 0, 0, 0, 0, 0, 0, 0, 0, 0
0, 0, 0, 0, 0, 0, 0, 0, 0, 0, 0, 0, 0, 0, 0, 0, 0, 0, 0, 0, 0, 0, 0, 0, 0, 0, 0
0, 0, 0, 0, 0, 0, 0, 0, 0, 0, 0, 0, 0, 0, 0, 0, 0, 0, 0, 0, 0, 0, 0, 0, 0, 0, 0
0, 0, 0, 0, 0, 0, 0, 0, 0, 0, 0, 0, 0, 0, 0, 0, 0, 0, 0, 0, 0, 0, 0, 0, 0, 0, 0
3, 156, 1, 1475, 1475, 1475, 1475.0, 0.0, 2175625.0, 0, 0, 8, 79472, 2364, 23220, 9934.0, 52666492.0, 151350848.0, 3, 156, 9, 80947, 1475, 23220, 8994.111111111111, 53529967.88927336, 134775823.2222222
0, 0, 0, 0, 0, 0, 0, 0, 0, 0, 0, 0, 0, 0, 0, 0, 0, 0, 0, 0, 0, 0, 0, 0, 0, 0, 0
0, 0, 0, 0, 0, 0, 0, 0, 0, 0, 0, 0, 0, 0, 0, 0, 0, 0, 0, 0, 0, 0, 0, 0, 0, 0, 0
0, 0, 0, 0, 0, 0, 0, 0, 0, 0, 0, 0, 0, 0, 0, 0, 0, 0, 0, 0, 0, 0, 0, 0, 0, 0, 0
1, 52, 2, 547, 91, 456, 273.5, 33306.25, 108108.5, 2, 104, 3, 296, 83, 122, 98.66666666666667, 282.88888888888886, 10018.0, 3, 156, 5, 843, 83, 456, 168.6, 14269.984375, 49254.2
2, 104, 1, 200, 200, 200, 200.0, 0.0, 40000.0, 2, 104, 0, 0, 0, 0, 0, 0, 0, 4, 208, 1, 200, 200, 200, 200.0, 0.0, 40000.0
0, 0, 0, 0, 0, 0, 0, 0, 0, 0, 0, 0, 0, 0, 0, 0, 0, 0, 0, 0, 0, 0, 0, 0, 0, 0, 0
0, 0, 0, 0, 0, 0, 0, 0, 0, 0, 0, 0, 0, 0, 0, 0, 0, 0, 0, 0, 0, 0, 0, 0, 0, 0, 0
0, 0, 1, 200, 200, 200, 200.0, 0.0, 40000.0, 0, 0, 0, 0, 0, 0, 0, 0, 0, 0, 0, 1, 200, 200, 200, 200.0, 0.0, 40000.0
0, 0, 0, 0, 0, 0, 0, 0, 0, 0, 0, 0, 0, 0, 0, 0, 0, 0, 0, 0, 0, 0, 0, 0, 0, 0, 0
0, 0, 1, 200, 200, 200, 200.0, 0.0, 40000.0, 0, 0, 0, 0, 0, 0, 0, 0, 0, 0, 0, 1, 200, 200, 200, 200.0, 0.0, 40000.0
0, 0, 0, 0, 0, 0, 0, 0, 0, 0, 0, 0, 0, 0, 0, 0, 0, 0, 0, 0, 0, 0, 0, 0, 0, 0, 0
0, 0, 0, 0, 0, 0, 0, 0, 0, 0, 0, 0, 0, 0, 0, 0, 0, 0, 0, 0, 0, 0, 0, 0, 0, 0, 0
3, 156, 2, 1675, 200, 1475, 837.5, 406406.25, 1107812.5, 0, 0, 9, 78215, 2948, 20324, 8690.555555555555, 47867591.80246914, 123393347.66666667, 3, 156, 11, 79890, 200, 20324, 7262.727272727273, 48671816.5875, 101159614.0
0, 0, 0, 0, 0, 0, 0, 0, 0, 0, 0, 0, 0, 0, 0, 0, 0, 0, 0, 0, 0, 0, 0, 0, 0, 0, 0
0, 0, 0, 0, 0, 0, 0, 0, 0, 0, 0, 0, 0, 0, 0, 0, 0, 0, 0, 0, 0, 0, 0, 0, 0, 0, 0
0, 0, 0, 0, 0, 0, 0, 0, 0, 0, 0, 0, 0, 0, 0, 0, 0, 0, 0, 0, 0, 0, 0, 0, 0, 0, 0
0, 0, 0, 0, 0, 0, 0, 0, 0, 0, 0, 0, 0, 0, 0, 0, 0, 0, 0, 0, 0, 0, 0, 0, 0, 0, 0
0, 0, 0, 0, 0, 0, 0, 0, 0, 0, 0, 0, 0, 0, 0, 0, 0, 0, 0, 0, 0, 0, 0, 0, 0, 0, 0
0, 0, 0, 0, 0, 0, 0, 0, 0, 0, 0, 0, 0, 0, 0, 0, 0, 0, 0, 0, 0, 0, 0, 0, 0, 0, 0
0, 0, 0, 0, 0, 0, 0, 0, 0, 0, 0, 0, 0, 0, 0, 0, 0, 0, 0, 0, 0, 0, 0, 0, 0, 0, 0
0, 0, 0, 0, 0, 0, 0, 0, 0, 0, 0, 0, 0, 0, 0, 0, 0, 0, 0, 0, 0, 0, 0, 0, 0, 0, 0
2, 104, 0, 0, 0, 0, 0, 0, 0, 2, 104, 0, 0, 0, 0, 0, 0, 0, 4, 208, 0, 0, 0, 0, 0, 0, 0
0, 0, 0, 0, 0, 0, 0, 0, 0, 0, 0, 0, 0, 0, 0, 0, 0, 0, 0, 0, 0, 0, 0, 0, 0, 0, 0
0, 0, 1, 1367, 1367, 1367, 1367.0, 0.0, 1868689.0, 1, 52, 0, 0, 0, 0, 0, 0, 0, 1, 52, 1, 1367, 1367, 1367, 1367.0, 0.0, 1868689.0
11, 572, 0, 0, 0, 0, 0, 0, 0, 0, 0, 51, 483315, 2948, 26116, 9476.764705882353, 47652798.1799308, 137461867.47058824, 11, 572, 51, 483315, 2948, 26116, 9476.764705882353, 47652798.1799308, 137461867.47058824
0, 0, 0, 0, 0, 0, 0, 0, 0, 0, 0, 0, 0, 0, 0, 0, 0, 0, 0, 0, 0, 0, 0, 0, 0, 0, 0
3, 156, 1, 1475, 1475, 1475, 1475.0, 0.0, 2175625.0, 1, 52, 12, 78845, 2948, 20324, 6570.416666666667, 35102359.57638888, 78272734.75, 4, 208, 13, 80320, 1475, 20324, 6178.461538461538, 34695254.8, 72419110.92307693
0, 0, 0, 0, 0, 0, 0, 0, 0, 0, 0, 0, 0, 0, 0, 0, 0, 0, 0, 0, 0, 0, 0, 0, 0, 0, 0
0, 0, 0, 0, 0, 0, 0, 0, 0, 0, 0, 0, 0, 0, 0, 0, 0, 0, 0, 0, 0, 0, 0, 0, 0, 0, 0
0, 0, 0, 0, 0, 0, 0, 0, 0, 0, 0, 0, 0, 0, 0, 0, 0, 0, 0, 0, 0, 0, 0, 0, 0, 0, 0
0, 0, 0, 0, 0, 0, 0, 0, 0, 0, 0, 0, 0, 0, 0, 0, 0, 0, 0, 0, 0, 0, 0, 0, 0, 0, 0
0, 0, 0, 0, 0, 0, 0, 0, 0, 0, 0, 0, 0, 0, 0, 0, 0, 0, 0, 0, 0, 0, 0, 0, 0, 0, 0
0, 0, 2, 395, 195, 200, 197.5, 6.25, 39012.5, 0, 0, 0, 0, 0, 0, 0, 0, 0, 0, 0, 2, 395, 195, 200, 197.5, 6.25, 39012.5
0, 0, 0, 0, 0, 0, 0, 0, 0, 0, 0, 0, 0, 0, 0, 0, 0, 0, 0, 0, 0, 0, 0, 0, 0, 0, 0
0, 0, 0, 0, 0, 0, 0, 0, 0, 0, 0, 0, 0, 0, 0, 0, 0, 0, 0, 0, 0, 0, 0, 0, 0, 0, 0
0, 0, 2, 395, 195, 200, 197.5, 6.25, 39012.5, 0, 0, 0, 0, 0, 0, 0, 0, 0, 0, 0, 2, 395, 195, 200, 197.5, 6.25, 39012.5
0, 0, 0, 0, 0, 0, 0, 0, 0, 0, 0, 0, 0, 0, 0, 0, 0, 0, 0, 0, 0, 0, 0, 0, 0, 0, 0
0, 0, 2, 395, 195, 200, 197.5, 6.25, 39012.5, 0, 0, 0, 0, 0, 0, 0, 0, 0, 0, 0, 2, 395, 195, 200, 197.5, 6.25, 39012.5
1, 52, 0, 0, 0, 0, 0, 0, 0, 1, 52, 0, 0, 0, 0, 0, 0, 0, 2, 104, 0, 0, 0, 0, 0, 0, 0
0, 0, 0, 0, 0, 0, 0, 0, 0, 0, 0, 0, 0, 0, 0, 0, 0, 0, 0, 0, 0, 0, 0, 0, 0, 0, 0
0, 0, 2, 395, 195, 200, 197.5, 6.25, 39012.5, 0, 0, 0, 0, 0, 0, 0, 0, 0, 0, 0, 2, 395, 195, 200, 197.5, 6.25, 39012.5
0, 0, 0, 0, 0, 0, 0, 0, 0, 0, 0, 0, 0, 0, 0, 0, 0, 0, 0, 0, 0, 0, 0, 0, 0, 0, 0
0, 0, 0, 0, 0, 0, 0, 0, 0, 0, 0, 0, 0, 0, 0, 0, 0, 0, 0, 0, 0, 0, 0, 0, 0, 0, 0
2, 104, 1, 1475, 1475, 1475, 1475.0, 0.0, 2175625.0, 0, 0, 9, 78094, 934, 26116, 8677.111111111111, 71298338.7654321, 146590596.0, 2, 104, 10, 79569, 934, 26116, 7956.9, 70132130.57617728, 132149098.9
0, 0, 0, 0, 0, 0, 0, 0, 0, 0, 0, 0, 0, 0, 0, 0, 0, 0, 0, 0, 0, 0, 0, 0, 0, 0, 0
0, 0, 0, 0, 0, 0, 0, 0, 0, 0, 0, 0, 0, 0, 0, 0, 0, 0, 0, 0, 0, 0, 0, 0, 0, 0, 0
0, 0, 0, 0, 0, 0, 0, 0, 0, 0, 0, 0, 0, 0, 0, 0, 0, 0, 0, 0, 0, 0, 0, 0, 0, 0, 0
0, 0, 0, 0, 0, 0, 0, 0, 0, 0, 0, 0, 0, 0, 0, 0, 0, 0, 0, 0, 0, 0, 0, 0, 0, 0, 0
0, 0, 0, 0, 0, 0, 0, 0, 0, 0, 0, 0, 0, 0, 0, 0, 0, 0, 0, 0, 0, 0, 0, 0, 0, 0, 0
0, 0, 0, 0, 0, 0, 0, 0, 0, 0, 0, 0, 0, 0, 0, 0, 0, 0, 0, 0, 0, 0, 0, 0, 0, 0, 0
0, 0, 0, 0, 0, 0, 0, 0, 0, 0, 0, 0, 0, 0, 0, 0, 0, 0, 0, 0, 0, 0, 0, 0, 0, 0, 0
0, 0, 0, 0, 0, 0, 0, 0, 0, 0, 0, 0, 0, 0, 0, 0, 0, 0, 0, 0, 0, 0, 0, 0, 0, 0, 0
0, 0, 0, 0, 0, 0, 0, 0, 0, 0, 0, 0, 0, 0, 0, 0, 0, 0, 0, 0, 0, 0, 0, 0, 0, 0, 0
0, 0, 0, 0, 0, 0, 0, 0, 0, 0, 0, 0, 0, 0, 0, 0, 0, 0, 0, 0, 0, 0, 0, 0, 0, 0, 0
0, 0, 1, 68, 68, 68, 68.0, 0.0, 4624.0, 0, 0, 0, 0, 0, 0, 0, 0, 0, 0, 0, 1, 68, 68, 68, 68.0, 0.0, 4624.0
0, 0, 0, 0, 0, 0, 0, 0, 0, 0, 0, 0, 0, 0, 0, 0, 0, 0, 0, 0, 0, 0, 0, 0, 0, 0, 0
0, 0, 0, 0, 0, 0, 0, 0, 0, 0, 0, 0, 0, 0, 0, 0, 0, 0, 0, 0, 0, 0, 0, 0, 0, 0, 0
0, 0, 1, 68, 68, 68, 68.0, 0.0, 4624.0, 0, 0, 0, 0, 0, 0, 0, 0, 0, 0, 0, 1, 68, 68, 68, 68.0, 0.0, 4624.0
0, 0, 0, 0, 0, 0, 0, 0, 0, 0, 0, 0, 0, 0, 0, 0, 0, 0, 0, 0, 0, 0, 0, 0, 0, 0, 0
2, 104, 1, 1475, 1475, 1475, 1475.0, 0.0, 2175625.0, 0, 0, 8, 78295, 2948, 17428, 9786.875, 23552570.859375, 119335493.125, 2, 104, 9, 79770, 1475, 17428, 8863.333333333334, 25992026.055363324, 106317730.0
0, 0, 0, 0, 0, 0, 0, 0, 0, 0, 0, 0, 0, 0, 0, 0, 0, 0, 0, 0, 0, 0, 0, 0, 0, 0, 0
0, 0, 0, 0, 0, 0, 0, 0, 0, 0, 0, 0, 0, 0, 0, 0, 0, 0, 0, 0, 0, 0, 0, 0, 0, 0, 0
0, 0, 0, 0, 0, 0, 0, 0, 0, 0, 0, 0, 0, 0, 0, 0, 0, 0, 0, 0, 0, 0, 0, 0, 0, 0, 0
0, 0, 1, 68, 68, 68, 68.0, 0.0, 4624.0, 0, 0, 0, 0, 0, 0, 0, 0, 0, 0, 0, 1, 68, 68, 68, 68.0, 0.0, 4624.0
4, 208, 2, 789, 91, 698, 394.5, 92112.25, 247742.5, 2, 104, 4, 389, 83, 124, 97.25, 249.1875, 9706.75, 6, 312, 6, 1178, 83, 698, 196.33333333333334, 32759.00999999999, 89052.0
0, 0, 1, 91, 91, 91, 91.0, 0.0, 8281.0, 1, 52, 0, 0, 0, 0, 0, 0, 0, 1, 52, 1, 91, 91, 91, 91.0, 0.0, 8281.0
0, 0, 0, 0, 0, 0, 0, 0, 0, 0, 0, 0, 0, 0, 0, 0, 0, 0, 0, 0, 0, 0, 0, 0, 0, 0, 0
0, 0, 0, 0, 0, 0, 0, 0, 0, 0, 0, 0, 0, 0, 0, 0, 0, 0, 0, 0, 0, 0, 0, 0, 0, 0, 0
0, 0, 0, 0, 0, 0, 0, 0, 0, 0, 0, 0, 0, 0, 0, 0, 0, 0, 0, 0, 0, 0, 0, 0, 0, 0, 0
0, 0, 0, 0, 0, 0, 0, 0, 0, 0, 0, 0, 0, 0, 0, 0, 0, 0, 0, 0, 0, 0, 0, 0, 0, 0, 0
0, 0, 0, 0, 0, 0, 0, 0, 0, 0, 0, 0, 0, 0, 0, 0, 0, 0, 0, 0, 0, 0, 0, 0, 0, 0, 0
0, 0, 0, 0, 0, 0, 0, 0, 0, 0, 0, 0, 0, 0, 0, 0, 0, 0, 0, 0, 0, 0, 0, 0, 0, 0, 0
0, 0, 0, 0, 0, 0, 0, 0, 0, 0, 0, 0, 0, 0, 0, 0, 0, 0, 0, 0, 0, 0, 0, 0, 0, 0, 0
3, 156, 1, 1475, 1475, 1475, 1475.0, 0.0, 2175625.0, 0, 0, 7, 78077, 2469, 17428, 11153.857142857143, 52508342.97959184, 176916872.14285713, 3, 156, 8, 79552, 1475, 17428, 9944.0, 54836781.70666667, 155074216.25
0, 0, 0, 0, 0, 0, 0, 0, 0, 0, 0, 0, 0, 0, 0, 0, 0, 0, 0, 0, 0, 0, 0, 0, 0, 0, 0
0, 0, 0, 0, 0, 0, 0, 0, 0, 0, 0, 0, 0, 0, 0, 0, 0, 0, 0, 0, 0, 0, 0, 0, 0, 0, 0
0, 0, 0, 0, 0, 0, 0, 0, 0, 0, 0, 0, 0, 0, 0, 0, 0, 0, 0, 0, 0, 0, 0, 0, 0, 0, 0
0, 0, 0, 0, 0, 0, 0, 0, 0, 0, 0, 0, 0, 0, 0, 0, 0, 0, 0, 0, 0, 0, 0, 0, 0, 0, 0
0, 0, 0, 0, 0, 0, 0, 0, 0, 0, 0, 0, 0, 0, 0, 0, 0, 0, 0, 0, 0, 0, 0, 0, 0, 0, 0
0, 0, 0, 0, 0, 0, 0, 0, 0, 0, 0, 0, 0, 0, 0, 0, 0, 0, 0, 0, 0, 0, 0, 0, 0, 0, 0
0, 0, 0, 0, 0, 0, 0, 0, 0, 0, 0, 0, 0, 0, 0, 0, 0, 0, 0, 0, 0, 0, 0, 0, 0, 0, 0
0, 0, 0, 0, 0, 0, 0, 0, 0, 0, 0, 0, 0, 0, 0, 0, 0, 0, 0, 0, 0, 0, 0, 0, 0, 0, 0
0, 0, 0, 0, 0, 0, 0, 0, 0, 0, 0, 0, 0, 0, 0, 0, 0, 0, 0, 0, 0, 0, 0, 0, 0, 0, 0
0, 0, 0, 0, 0, 0, 0, 0, 0, 0, 0, 0, 0, 0, 0, 0, 0, 0, 0, 0, 0, 0, 0, 0, 0, 0, 0
0, 0, 0, 0, 0, 0, 0, 0, 0, 0, 0, 0, 0, 0, 0, 0, 0, 0, 0, 0, 0, 0, 0, 0, 0, 0, 0
4, 208, 1, 1475, 1475, 1475, 1475.0, 0.0, 2175625.0, 1, 52, 10, 79063, 2948, 17428, 7906.3, 25202002.01, 87711581.7, 5, 260, 11, 80538, 1475, 17428, 7321.636363636364, 25877717.092970524, 79935585.63636364
0, 0, 0, 0, 0, 0, 0, 0, 0, 0, 0, 0, 0, 0, 0, 0, 0, 0, 0, 0, 0, 0, 0, 0, 0, 0, 0
0, 0, 0, 0, 0, 0, 0, 0, 0, 0, 0, 0, 0, 0, 0, 0, 0, 0, 0, 0, 0, 0, 0, 0, 0, 0, 0
0, 0, 0, 0, 0, 0, 0, 0, 0, 0, 0, 0, 0, 0, 0, 0, 0, 0, 0, 0, 0, 0, 0, 0, 0, 0, 0
0, 0, 0, 0, 0, 0, 0, 0, 0, 0, 0, 0, 0, 0, 0, 0, 0, 0, 0, 0, 0, 0, 0, 0, 0, 0, 0
0, 0, 0, 0, 0, 0, 0, 0, 0, 0, 0, 0, 0, 0, 0, 0, 0, 0, 0, 0, 0, 0, 0, 0, 0, 0, 0
0, 0, 0, 0, 0, 0, 0, 0, 0, 0, 0, 0, 0, 0, 0, 0, 0, 0, 0, 0, 0, 0, 0, 0, 0, 0, 0
0, 0, 0, 0, 0, 0, 0, 0, 0, 0, 0, 0, 0, 0, 0, 0, 0, 0, 0, 0, 0, 0, 0, 0, 0, 0, 0
0, 0, 0, 0, 0, 0, 0, 0, 0, 0, 0, 0, 0, 0, 0, 0, 0, 0, 0, 0, 0, 0, 0, 0, 0, 0, 0
0, 0, 0, 0, 0, 0, 0, 0, 0, 0, 0, 0, 0, 0, 0, 0, 0, 0, 0, 0, 0, 0, 0, 0, 0, 0, 0
0, 0, 0, 0, 0, 0, 0, 0, 0, 0, 0, 0, 0, 0, 0, 0, 0, 0, 0, 0, 0, 0, 0, 0, 0, 0, 0
0, 0, 0, 0, 0, 0, 0, 0, 0, 0, 0, 0, 0, 0, 0, 0, 0, 0, 0, 0, 0, 0, 0, 0, 0, 0, 0
0, 0, 0, 0, 0, 0, 0, 0, 0, 0, 0, 0, 0, 0, 0, 0, 0, 0, 0, 0, 0, 0, 0, 0, 0, 0, 0
0, 0, 0, 0, 0, 0, 0, 0, 0, 0, 0, 0, 0, 0, 0, 0, 0, 0, 0, 0, 0, 0, 0, 0, 0, 0, 0
0, 0, 0, 0, 0, 0, 0, 0, 0, 0, 0, 0, 0, 0, 0, 0, 0, 0, 0, 0, 0, 0, 0, 0, 0, 0, 0
0, 0, 0, 0, 0, 0, 0, 0, 0, 0, 0, 0, 0, 0, 0, 0, 0, 0, 0, 0, 0, 0, 0, 0, 0, 0, 0
0, 0, 1, 195, 195, 195, 195.0, 0.0, 38025.0, 0, 0, 0, 0, 0, 0, 0, 0, 0, 0, 0, 1, 195, 195, 195, 195.0, 0.0, 38025.0
0, 0, 0, 0, 0, 0, 0, 0, 0, 0, 0, 0, 0, 0, 0, 0, 0, 0, 0, 0, 0, 0, 0, 0, 0, 0, 0
3, 156, 2, 1670, 195, 1475, 835.0, 409600.0, 1106825.0, 0, 0, 7, 77991, 2948, 23220, 11141.57142857143, 78613715.38775511, 202748329.2857143, 3, 156, 9, 79661, 195, 23220, 8851.222222222223, 80456605.6875, 157939106.1111111
0, 0, 0, 0, 0, 0, 0, 0, 0, 0, 0, 0, 0, 0, 0, 0, 0, 0, 0, 0, 0, 0, 0, 0, 0, 0, 0
0, 0, 0, 0, 0, 0, 0, 0, 0, 0, 0, 0, 0, 0, 0, 0, 0, 0, 0, 0, 0, 0, 0, 0, 0, 0, 0
18, 936, 2, 1562, 195, 1367, 781.0, 343396.0, 953357.0, 0, 0, 44, 476763, 1031, 23220, 10835.522727272728, 48185727.24948347, 165594280.02272728, 18, 936, 46, 478325, 195, 23220, 10398.369565217392, 49319162.25876543, 158435979.02173913
0, 0, 0, 0, 0, 0, 0, 0, 0, 0, 0, 0, 0, 0, 0, 0, 0, 0, 0, 0, 0, 0, 0, 0, 0, 0, 0
0, 0, 0, 0, 0, 0, 0, 0, 0, 0, 0, 0, 0, 0, 0, 0, 0, 0, 0, 0, 0, 0, 0, 0, 0, 0, 0
0, 0, 1, 195, 195, 195, 195.0, 0.0, 38025.0, 0, 0, 0, 0, 0, 0, 0, 0, 0, 0, 0, 1, 195, 195, 195, 195.0, 0.0, 38025.0
0, 0, 0, 0, 0, 0, 0, 0, 0, 0, 0, 0, 0, 0, 0, 0, 0, 0, 0, 0, 0, 0, 0, 0, 0, 0, 0
0, 0, 0, 0, 0, 0, 0, 0, 0, 0, 0, 0, 0, 0, 0, 0, 0, 0, 0, 0, 0, 0, 0, 0, 0, 0, 0
0, 0, 0, 0, 0, 0, 0, 0, 0, 0, 0, 0, 0, 0, 0, 0, 0, 0, 0, 0, 0, 0, 0, 0, 0, 0, 0
0, 0, 0, 0, 0, 0, 0, 0, 0, 0, 0, 0, 0, 0, 0, 0, 0, 0, 0, 0, 0, 0, 0, 0, 0, 0, 0
2, 104, 2, 550, 91, 459, 275.0, 33856.0, 109481.0, 2, 104, 3, 296, 83, 122, 98.66666666666667, 282.88888888888886, 10018.0, 4, 208, 5, 846, 83, 459, 169.2, 14506.1875, 49803.2
2, 104, 1, 91, 91, 91, 91.0, 0.0, 8281.0, 1, 52, 1, 91, 91, 91, 91.0, 0.0, 8281.0, 3, 156, 2, 182, 91, 91, 91.0, 0.0, 8281.0
3, 156, 2, 1670, 195, 1475, 835.0, 409600.0, 1106825.0, 0, 0, 9, 77336, 2948, 17428, 8592.888888888889, 35584134.32098766, 109421873.77777778, 3, 156, 11, 79006, 195, 17428, 7182.363636363636, 37483316.489999995, 89728228.54545455
